1 0.33404069166666667 0.7689633683333333 0.24384760166666666 0.725 0.24259345499999999 0.725 0.25455658833333333 0.943014 0.3466666666666667 0.985762665 0.3466666666666667 0.9721453566666666 0.33404069166666667 0.7689633683333333
1 0.7866666666666666 0.9706304349999999 0.7866666666666666 0.9449474716666667 0.778781745 0.7596586116666667 0.6723030383333334 0.7150671266666667 0.6873000383333333 0.9279555050000001 0.7866666666666666 0.9706304349999999
2 0.7966666666666666 0.44671749166666663 0.73038555 0.345 0.72970275 0.345 0.6909628083333333 0.44646816333333333 0.74795141 0.5183899116666667 0.7966666666666666 0.449010125 0.7966666666666666 0.44671749166666663
3 0.5586464849999999 0.7366666666666667 0.42811607333333335 0.7366666666666667 0.43852916000000003 0.9521155133333333 0.5783333333333334 0.9442276916666666 0.5783333333333334 0.9322365450000001 0.5586464849999999 0.7366666666666667
3 0.4716666666666667 0.4375 0.14333333333333334 0.255
3 0.7033333333333334 0.10083333333333333 0.12666666666666668 0.19166666666666668
5 0.07166666666666667 0.8733333333333333 0.07 0.14
5 0.295 0.8566666666666667 0.06333333333333334 0.17666666666666667
5 0.4708333333333333 0.45166666666666666 0.065 0.19333333333333333
5 0.7008333333333333 0.11 0.07333333333333333 0.16
5 0.6958333333333333 0.6083333333333333 0.08166666666666667 0.14
5 0.6658333333333334 0.2775 0.08166666666666667 0.10333333333333333
5 0.49833333333333335 0.8566666666666667 0.10333333333333333 0.16333333333333333
5 0.7358333333333333 0.855 0.07166666666666667 0.14666666666666667
5 0.9341666666666667 0.8408333333333333 0.056666666666666664 0.13166666666666665
0 0.495 0.6483333333333333 0.07 0.16333333333333333
0 0.17416666666666666 0.8625 0.115 0.04833333333333333
0 0.39 0.8708333333333333 0.08 0.043333333333333335
0 0.5316666666666666 0.20166666666666666 0.21666666666666667 0.21333333333333335
0 0.6183333333333333 0.44416666666666665 0.15666666666666668 0.05
0 0.7225 0.2658333333333333 0.051666666666666666 0.16
0 0.7391666666666666 0.6258333333333334 0.055 0.225
0 0.8416666666666667 0.8508333333333333 0.08333333333333333 0.055
4 0.0575 0.8641666666666666 0.10333333333333333 0.21166666666666667
4 0.9375 0.835 0.09833333333333333 0.21