5 0.15416666666666667 0.0575 0.14 0.04833333333333333
5 0.19666666666666666 0.2125 0.16 0.03833333333333333
5 0.19583333333333333 0.33666666666666667 0.13666666666666666 0.04666666666666667
5 0.2275 0.4608333333333333 0.17666666666666667 0.02666666666666667
5 0.22416666666666665 0.605 0.145 0.04
5 0.16083333333333333 0.6858333333333333 0.09166666666666666 0.021666666666666667
5 0.5225 0.5783333333333334 0.06666666666666667 0.04
5 0.8466666666666667 0.5983333333333334 0.20333333333333334 0.05
5 0.19833333333333333 0.7833333333333333 0.14333333333333334 0.03333333333333333
5 0.22916666666666666 0.9516666666666667 0.16166666666666665 0.043333333333333335
4 0.15166666666666667 0.049166666666666664 0.29 0.09833333333333333
4 0.21833333333333332 0.95 0.25 0.08666666666666667
0 0.165 0.14166666666666666 0.05 0.09
0 0.18916666666666668 0.2708333333333333 0.051666666666666666 0.065
0 0.20333333333333334 0.4058333333333333 0.043333333333333335 0.06166666666666667
0 0.2275 0.5233333333333333 0.06666666666666667 0.07
0 0.21833333333333332 0.7116666666666667 0.06666666666666667 0.11333333333333333
0 0.21833333333333332 0.8591666666666666 0.06666666666666667 0.10666666666666667
0 0.6225 0.49166666666666664 0.5716666666666667 0.11833333333333333
0 0.53 0.6058333333333333 0.37333333333333335 0.051666666666666666
2 0.09833333333333333 0.5933222366666666 0.19183955833333333 0.6466666666666666 0.19880314000000002 0.6466666666666666 0.355371045 0.6014825933333334 0.22763381833333332 0.5609663866666666 0.09833333333333333 0.5921228249999999 0.09833333333333333 0.5933222366666666
1 0.04666666666666667 0.771211485 0.11852595333333334 0.8066666666666666 0.188977425 0.8066666666666666 0.35535279833333333 0.8034683866666666 0.30364963333333334 0.76295218 0.04666666666666667 0.7704106933333333 0.04666666666666667 0.771211485
1 0.04666666666666667 0.19000925333333332 0.11464681000000002 0.23333333333333334 0.21669101833333335 0.23333333333333334 0.3218369816666667 0.231010405 0.28229927 0.18749299666666666 0.04666666666666667 0.188983515 0.04666666666666667 0.19000925333333332
3 0.2 0.3408333333333333 0.20666666666666667 0.06833333333333333
3 0.215 0.4583333333333333 0.23 0.043333333333333335
3 0.8483333333333334 0.5925 0.25666666666666665 0.075