4 0.465 0.050833333333333335 0.21 0.07833333333333334
4 0.9083333333333333 0.9 0.15083333333333335 0.09
0 0.45416666666666666 0.13166666666666665 0.020833333333333332 0.06916666666666667
0 0.13916666666666666 0.37583333333333335 0.03833333333333333 0.19916666666666666
0 0.21916666666666668 0.35 0.2525 0.23833333333333334
0 0.49416666666666664 0.425 0.03666666666666667 0.07833333333333334
0 0.8475 0.6975 0.19 0.29083333333333333
0 0.14 0.7583333333333333 0.0475 0.37333333333333335
0 0.5183333333333333 0.7366666666666667 0.03833333333333333 0.041666666666666664
2 0.6265326133333334 0.24009603833333334 0.5223148599999999 0.19207683 0.446297205 0.16056422499999998 0.35188818 0.276110445 0.507601765 0.38115246166666666 0.6265326133333334 0.24009603833333334
2 0.4193231983333333 0.654261705 0.5259931333333334 0.715786315 0.5909759683333333 0.6992797116666667 0.6866110833333333 0.6347539016666667 0.7479156450000001 0.5777310916666667 0.6866110833333333 0.5162064833333333 0.59220206 0.4786914766666666 0.49901912666666665 0.4561824733333333 0.39970573833333334 0.5117046816666666 0.33349681166666667 0.5732292916666666 0.30529671333333336 0.6242497 0.4193231983333333 0.654261705
2 0.76385483 0.8823529416666666 0.7099068166666667 0.8208283316666667 0.63266307 0.781812725 0.5161844033333334 0.7563025216666667 0.38744482666666663 0.8643457383333333 0.3285924466666667 0.9483793516666666 0.6351152533333333 0.9888955583333334 0.76385483 0.8823529416666666
5 0.44583333333333336 0.058333333333333334 0.10666666666666667 0.06
5 0.4775 0.26416666666666666 0.16083333333333333 0.12333333333333334
5 0.115 0.5216666666666666 0.1825 0.05583333333333333
5 0.5233333333333333 0.5833333333333334 0.2675 0.13166666666666665
5 0.9091666666666667 0.8983333333333333 0.10416666666666667 0.049166666666666664
5 0.5558333333333333 0.88 0.27 0.11583333333333333
5 0.6108333333333333 0.7458333333333333 0.056666666666666664 0.06
5 0.22333333333333333 0.8925 0.07333333333333333 0.06416666666666666
5 0.23833333333333334 0.2125 0.0725 0.07083333333333333
5 0.5575 0.42583333333333334 0.06833333333333333 0.07333333333333333
5 0.9583333333333334 0.7083333333333334 0.06 0.07833333333333334