3 0.315 0.19416666666666665 0.18333333333333332 0.29833333333333334
3 0.8391666666666666 0.19333333333333333 0.20166666666666666 0.34
3 0.7466666666666667 0.66 0.17 0.2866666666666667
3 0.0925 0.6358333333333334 0.17833333333333334 0.20166666666666666
2 0.5481284883333334 0.35833333333333334 0.6516666666666666 0.19193076666666667 0.6516666666666666 0.18372630833333334 0.61959958 0.101735665 0.561951435 0.006180635 0.450959505 0.1862776416666667 0.5457802549999999 0.35833333333333334 0.5481284883333334 0.35833333333333334
0 0.7075 0.19416666666666665 0.105 0.055
0 0.4175 0.19416666666666665 0.08166666666666667 0.095
0 0.3125 0.4375 0.08833333333333333 0.195
0 0.19416666666666665 0.6341666666666667 0.06833333333333333 0.06166666666666667
0 0.18416666666666667 0.8483333333333334 0.30833333333333335 0.21833333333333332
0 0.5125 0.6458333333333334 0.32166666666666666 0.12166666666666667
0 0.9075 0.5375 0.185 0.31333333333333335
0 0.6433333333333333 0.44583333333333336 0.24 0.15833333333333333
5 0.25666666666666665 0.4475 0.07333333333333333 0.085
5 0.10583333333333333 0.6425 0.075 0.12
5 0.31083333333333335 0.6308333333333334 0.06833333333333333 0.12166666666666667
5 0.12333333333333334 0.9675 0.08333333333333333 0.065
5 0.5508333333333333 0.4741666666666667 0.09333333333333334 0.07833333333333334
5 0.7375 0.65 0.08833333333333333 0.21
5 0.5533333333333333 0.17166666666666666 0.08666666666666667 0.23
5 0.30583333333333335 0.19583333333333333 0.095 0.24833333333333332
5 0.8358333333333333 0.17083333333333334 0.085 0.22833333333333333
5 0.6975 0.26166666666666666 0.07166666666666667 0.08