4 0.0775 0.2633333333333333 0.13666666666666666 0.12333333333333334
4 0.925 0.15083333333333335 0.1 0.075
5 0.51 0.8258333333333333 0.06666666666666667 0.11666666666666667
5 0.445 0.265 0.09 0.14333333333333334
5 0.44416666666666665 0.5558333333333333 0.07833333333333334 0.17
5 0.6958333333333333 0.07833333333333334 0.125 0.15666666666666668
5 0.8208333333333333 0.8141666666666667 0.10833333333333334 0.20833333333333334
0 0.22583333333333333 0.25666666666666665 0.16166666666666665 0.07333333333333333
0 0.5033333333333333 0.5775 0.05333333333333334 0.2683333333333333
0 0.7183333333333334 0.17916666666666667 0.31333333333333335 0.08
0 0.6516666666666666 0.8283333333333334 0.14666666666666667 0.08
0 0.9466666666666667 0.48083333333333333 0.07 0.6166666666666667
2 0.5583333333333333 0.17744370333333334 0.5583333333333333 0.17347378666666666 0.4174521033333333 0.055 0.41643009999999997 0.055 0.30571228333333333 0.25324561333333334 0.313215285 0.24447368333333336 0.47227891 0.4535380116666667 0.5583333333333333 0.17744370333333334
3 0.925 0.9300902533333334 0.8806146533333333 0.6533333333333333 0.8797336699999999 0.6533333333333333 0.7200340133333333 0.6722368433333333 0.7605502199999999 0.9573245633333333 0.925 0.93402008 0.925 0.9300902533333334
3 0.5833333333333334 0.9460125633333333 0.5581610566666667 0.7116666666666667 0.5444927666666666 0.7116666666666667 0.4560574233333333 0.715467835 0.4815676266666667 0.9844736833333333 0.5833333333333334 0.9629199500000001 0.5833333333333334 0.9460125633333333