4 0.9541666666666667 0.8258333333333333 0.07833333333333334 0.21833333333333332
4 0.04583333333333333 0.7741666666666667 0.075 0.21666666666666667
0 0.8616666666666667 0.8358333333333333 0.12 0.051666666666666666
0 0.7133333333333334 0.8325 0.09666666666666666 0.06666666666666667
0 0.5583333333333333 0.8116666666666666 0.11 0.06666666666666667
0 0.32083333333333336 0.81 0.13833333333333334 0.04833333333333333
0 0.13666666666666666 0.7991666666666667 0.09666666666666666 0.04833333333333333
0 0.44916666666666666 0.4866666666666667 0.04666666666666667 0.36
0 0.5891666666666666 0.4116666666666667 0.13166666666666665 0.6
5 0.9525 0.8383333333333334 0.041666666666666664 0.13
5 0.785 0.8366666666666667 0.03666666666666667 0.17
5 0.6366666666666667 0.8166666666666667 0.03333333333333333 0.19
5 0.44916666666666666 0.8208333333333333 0.043333333333333335 0.155
5 0.46 0.15333333333333332 0.07 0.14666666666666667
5 0.21833333333333332 0.8008333333333333 0.03666666666666667 0.205
5 0.33916666666666667 0.88 0.04666666666666667 0.075
5 0.465 0.49833333333333335 0.056666666666666664 0.06666666666666667
5 0.045 0.7591666666666667 0.05 0.10166666666666667
3 0.46 0.16833333333333333 0.07333333333333333 0.3
1 0.8144131183333333 0.9666666666666667 0.8144131183333333 0.7401960783333333 0.7616666666666667 0.6984000816666667 0.7616666666666667 0.7631473716666667 0.7649230149999999 0.935383245 0.813175865 0.9666666666666667 0.8144131183333333 0.9666666666666667
1 0.24747824499999999 0.9883333333333333 0.25197260499999996 0.7052094483333333 0.18666666666666668 0.6311156233333334 0.18666666666666668 0.6603873 0.19198460333333334 0.89504902 0.24729646833333332 0.9883333333333333 0.24747824499999999 0.9883333333333333
2 0.45278791333333335 0.9533333333333334 0.504876025 0.8180124783333333 0.44788742333333337 0.6682798583333334 0.39166666666666666 0.8133572566666667 0.39166666666666666 0.817074955 0.45192536499999997 0.9533333333333334 0.45278791333333335 0.9533333333333334