4 0.6966666666666667 0.13666666666666666 0.14666666666666667 0.24666666666666667
4 0.07833333333333334 0.8758333333333334 0.14333333333333334 0.225
5 0.6816666666666666 0.115 0.07333333333333333 0.17666666666666667
5 0.6933333333333334 0.4708333333333333 0.09333333333333334 0.19833333333333333
5 0.6958333333333333 0.85 0.07833333333333334 0.13
5 0.535 0.9375 0.06333333333333334 0.115
5 0.37083333333333335 0.8541666666666666 0.07833333333333334 0.20333333333333334
5 0.08333333333333333 0.8908333333333334 0.08 0.13833333333333334
5 0.96 0.6575 0.08 0.165
0 0.695 0.2916666666666667 0.06333333333333334 0.10666666666666667
0 0.8441666666666666 0.6691666666666667 0.14833333333333334 0.3883333333333333
0 0.6975 0.6733333333333333 0.06833333333333333 0.11
0 0.5208333333333334 0.8683333333333333 0.13333333333333333 0.06333333333333334
0 0.20916666666666667 0.8633333333333333 0.14833333333333334 0.08666666666666667
2 0.8011652016666666 0.83552401 0.6770315966666667 0.6944758233333334 0.561819545 0.8791879483333335 0.6858387283333334 0.9866666666666667 0.6897620266666666 0.9866666666666667 0.8011652016666666 0.83552401
1 0.796541535 0.6583333333333333 0.7989391266666667 0.6583333333333333 0.7941523466666667 0.36364182166666664 0.7938627100000001 0.368556395 0.6341356566666667 0.30886518 0.6083333333333333 0.5771064683333333 0.6083333333333333 0.5921581866666666 0.796541535 0.6583333333333333
1 0.45781649166666666 0.9933333333333333 0.462869765 0.9933333333333333 0.47398357500000005 0.76708676 0.4657929333333333 0.7679276316666667 0.2739626733333333 0.6881064416666667 0.25833333333333336 0.8951008933333333 0.25833333333333336 0.921931975 0.45781649166666666 0.9933333333333333