4 0.15 0.07 0.22 0.12666666666666668
4 0.86 0.9441666666666667 0.21333333333333335 0.11166666666666666
0 0.14 0.16416666666666666 0.04666666666666667 0.12166666666666667
0 0.14166666666666666 0.4066666666666667 0.05 0.08666666666666667
0 0.16416666666666666 0.6341666666666667 0.07666666666666666 0.13333333333333333
0 0.3575 0.5025 0.15166666666666667 0.06833333333333333
0 0.4475 0.775 0.28833333333333333 0.08333333333333333
0 0.7625 0.5558333333333333 0.255 0.25833333333333336
0 0.8483333333333334 0.8366666666666667 0.07 0.1
5 0.14583333333333334 0.3 0.19833333333333333 0.09333333333333334
5 0.17 0.5075 0.21333333333333335 0.07833333333333334
5 0.18166666666666667 0.7708333333333334 0.17 0.10166666666666667
5 0.43833333333333335 0.7116666666666667 0.14333333333333334 0.09
5 0.5183333333333333 0.4975 0.13 0.06333333333333334
5 0.7641666666666667 0.38916666666666666 0.12833333333333333 0.09833333333333333
5 0.8491666666666666 0.7475 0.19666666666666666 0.06666666666666667
2 0.502951115 0.4057241233333333 0.42485200333333334 0.5011490216666666 0.55621616 0.5611372166666666 0.6483333333333333 0.45408677000000003 0.6483333333333333 0.45289925999999997 0.502951115 0.4057241233333333
1 0.05379308833333333 0.22945818666666667 0.0005346916666666666 0.36666666666666664 0.236641975 0.36666666666666664 0.29833333333333334 0.22055902500000002 0.29833333333333334 0.21980977166666668 0.05379308833333333 0.22945818666666667
1 1 0.6651426166666667 0.7656140499999999 0.6785095633333333 0.6978770116666666 0.825 0.6979821483333333 0.825 0.7603139366666667 0.787096355 0.9285240750000001 0.7750987183333333 1 0.6657168216666667 1 0.6651426166666667
3 0.165 0.5066666666666667 0.27 0.14
3 0.195 0.7675 0.2633333333333333 0.14833333333333334