4 0.5775 0.9466666666666667 0.37166666666666665 0.09666666666666666
4 0.5883333333333334 0.0475 0.5266666666666666 0.095
3 0.6291666666666667 0.6133333333333333 0.5766666666666667 0.11
3 0.6783333333333333 0.4633333333333333 0.6166666666666667 0.09666666666666666
3 0.19083333333333333 0.4066666666666667 0.35 0.07333333333333333
0 0.5725 0.8508333333333333 0.09833333333333333 0.11833333333333333
0 0.5816666666666667 0.6958333333333333 0.09666666666666666 0.09166666666666666
0 0.6316666666666667 0.5333333333333333 0.07666666666666666 0.06666666666666667
0 0.6725 0.385 0.11666666666666667 0.08333333333333333
0 0.7008333333333333 0.23666666666666666 0.13333333333333333 0.09333333333333334
0 0.5975 0.10583333333333333 0.08833333333333333 0.051666666666666666
0 0.3383333333333333 0.32916666666666666 0.38 0.09833333333333333
0 0.25833333333333336 0.4625 0.27 0.06666666666666667
5 0.5408333333333334 0.9441666666666667 0.21833333333333332 0.043333333333333335
5 0.5741666666666667 0.7633333333333333 0.305 0.03666666666666667
5 0.6008333333333333 0.6383333333333333 0.35833333333333334 0.03
5 0.5875 0.5983333333333334 0.3016666666666667 0.02666666666666667
5 0.6866666666666666 0.46 0.47 0.043333333333333335
5 0.17416666666666666 0.4091666666666667 0.215 0.03333333333333333
5 0.33166666666666667 0.33666666666666667 0.12333333333333334 0.02666666666666667
5 0.6975 0.31083333333333335 0.22833333333333333 0.03833333333333333
5 0.7908333333333334 0.2375 0.13166666666666665 0.03666666666666667
5 0.62 0.16 0.29333333333333333 0.02666666666666667
5 0.5341666666666667 0.04583333333333333 0.215 0.043333333333333335
1 0.82 0.8034698416666667 0.7148326616666667 0.73318604 0.5282334483333333 0.7316666666666667 0.32429372666666667 0.7316666666666667 0.4292708566666667 0.8020798816666667 0.82 0.803592705 0.82 0.8034698416666667
1 0.8883333333333333 0.1982676 0.7628262316666666 0.13166666666666665 0.353869825 0.13166666666666665 0.5029001433333333 0.20390300666666666 0.5125228966666666 0.20361303666666666 0.8883333333333333 0.19882556333333334 0.8883333333333333 0.1982676
2 0.9983333333333333 0.30394195333333335 0.9661271100000001 0.29599294833333334 0.9458673599999999 0.29279272333333334 0.681237255 0.26666666666666666 0.6660455833333333 0.26666666666666666 0.49204181500000005 0.3103946 0.6546548066666666 0.35944216333333334 0.6662784616666666 0.36159990166666667 0.9983333333333333 0.3040301933333333 0.9983333333333333 0.30394195333333335