1 0.7666666666666667 0.75883393 0.14131111166666666 0.680179005 0.118315735 0.8517584583333333 0.130644195 0.8444049833333334 0.6817060333333333 0.8873298266666666 0.7666666666666667 0.7608877933333333 0.7666666666666667 0.75883393
1 0.8583333333333333 0.17671472 0.11831540666666666 0.14400345 0.026333250000000002 0.31697778499999996 0.819678395 0.39091044166666666 0.819678395 0.37835582500000003 0.8583333333333333 0.18473422333333334 0.8583333333333333 0.17671472
4 0.5291666666666667 0.9683333333333334 0.5816666666666667 0.06
4 0.5291666666666667 0.035 0.6383333333333333 0.07
0 0.5675 0.6725 0.24166666666666667 0.11833333333333333
0 0.575 0.9091666666666667 0.27 0.06833333333333333
0 0.49333333333333335 0.385 0.30666666666666664 0.09333333333333334
0 0.55 0.135 0.32 0.11666666666666667
5 0.5 0.2625 0.35333333333333333 0.125
5 0.58 0.5283333333333333 0.29333333333333333 0.15
5 0.4375 0.7916666666666666 0.32666666666666666 0.13333333333333333
3 0.5066666666666667 0.52 0.9266666666666666 0.19333333333333333