1 0.357081345 0.25625625166666666 0.299932325 0.433894055 0.5166863316666667 0.433894055 0.5889376666666667 0.26963091333333333 0.357081345 0.25625625166666666
1 0.790741645 0.5475475433333333 0.7437619566666667 0.6983176966666667 0.9622362866666666 0.6983176966666667 0.9932011433333334 0.5280449283333333 0.790741645 0.5475475433333333
2 0.84236787 0.24124123666666666 0.74032147 0.35376571 0.8504187950000001 0.45192294000000005 0.9415930466666667 0.35376571 0.84236787 0.24124123666666666
4 0.10833333333333334 0.3525 0.20416666666666666 0.18666666666666668
0 0.2658333333333333 0.33916666666666667 0.10666666666666667 0.07666666666666666
0 0.6266666666666667 0.16 0.4575 0.2025
0 0.65 0.345 0.16333333333333333 0.09333333333333334
0 0.8533333333333334 0.4866666666666667 0.06333333333333334 0.095
0 0.845 0.7558333333333334 0.05583333333333333 0.1525
4 0.8483333333333334 0.9175 0.20333333333333334 0.16416666666666666
5 0.43666666666666665 0.36333333333333334 0.16416666666666666 0.13
5 0.105 0.3541666666666667 0.13166666666666665 0.10666666666666667
5 0.8575 0.3458333333333333 0.13833333333333334 0.10083333333333333
5 0.6583333333333333 0.03333333333333333 0.1375 0.06416666666666666
5 0.8625 0.6241666666666666 0.165 0.0925
5 0.9283333333333333 0.475 0.10916666666666666 0.095
5 0.8416666666666667 0.915 0.10666666666666667 0.09916666666666667