5 0.5175 0.14416666666666667 0.5025 0.06833333333333333
5 0.495 0.24916666666666668 0.33916666666666667 0.06583333333333333
5 0.5258333333333334 0.3416666666666667 0.056666666666666664 0.0425
5 0.9625 0.415 0.065 0.0525
5 0.45916666666666667 0.425 0.2775 0.09333333333333334
5 0.5258333333333334 0.5783333333333334 0.49416666666666664 0.07833333333333334
5 0.04083333333333333 0.5683333333333334 0.07083333333333333 0.05583333333333333
5 0.4716666666666667 0.7066666666666667 0.3775 0.051666666666666666
5 0.55 0.8183333333333334 0.44083333333333335 0.0625
5 0.5966666666666667 0.9108333333333334 0.08083333333333333 0.0525
0 0.48833333333333334 0.07416666666666667 0.03 0.0675
0 0.4608333333333333 0.18416666666666667 0.045 0.043333333333333335
0 0.4866666666666667 0.3441666666666667 0.0375 0.0825
0 0.4583333333333333 0.5033333333333333 0.03916666666666667 0.06166666666666667
0 0.4775 0.6475 0.03916666666666667 0.041666666666666664
0 0.4766666666666667 0.7516666666666667 0.0375 0.04583333333333333
0 0.545 0.9058333333333334 0.021666666666666667 0.05416666666666667
4 0.49166666666666664 0.0225 0.06666666666666667 0.045
4 0.5441666666666667 0.965 0.0875 0.06916666666666667
3 0.5083333333333333 0.13166666666666665 0.5683333333333334 0.09083333333333334
3 0.4525 0.4275 0.34833333333333333 0.10666666666666667
3 0.4683333333333333 0.705 0.45916666666666667 0.0875
3 0.5141666666666667 0.5766666666666667 0.5558333333333333 0.12833333333333333
2 0.46372068833333335 0.18498386833333333 0.29077486333333336 0.2444978 0.48930060666666664 0.30986966499999996 0.6978761816666667 0.24902788833333334 0.46372068833333335 0.18498386833333333
2 0.8120022833333334 0.81581721 0.47749447833333336 0.758177645 0.280934765 0.8147258916666666 0.53849293 0.8862656216666667 0.7313270516666667 0.8606479283333335 0.8120022833333334 0.81581721
0 0.8670977466666666 0.5772533283333333 0.78248689 0.58045554 0.7844547033333333 0.6076741866666666 0.8907100033333334 0.6060732333333333 0.9399023266666667 0.2570333866666667 0.70651902 0.2364946 0.6959083683333334 0.26343774833333333 0.9005484683333332 0.2794487466666667 0.8670977466666666 0.5772533283333333
0 0.2846606583333333 0.8334292833333333 0.2846606583333333 0.8126149383333333 0.14888981333333334 0.8078117116666667 0.150857475 0.2698421716666667 0.29646678499999995 0.25863446166666665 0.2932348866666667 0.22849139833333335 0.11740675499999999 0.24102239000000003 0.09576201166666666 0.7069423816666667 0.11347127833333334 0.8318282066666667 0.2846606583333333 0.8334292833333333