4 0.04416666666666667 0.5441666666666667 0.08833333333333333 0.8666666666666667
4 0.9533333333333334 0.44666666666666666 0.09333333333333334 0.6566666666666666
0 0.1275 0.515 0.09666666666666666 0.30083333333333334
0 0.37583333333333335 0.5541666666666667 0.10833333333333334 0.18833333333333332
0 0.6308333333333334 0.48083333333333333 0.07583333333333334 0.26
0 0.8725 0.4008333333333333 0.07333333333333333 0.21
3 0.5008333333333334 0.5041666666666667 0.205 0.8691666666666666
5 0.25 0.4816666666666667 0.12333333333333334 0.29
5 0.5033333333333333 0.4691666666666667 0.14833333333333334 0.36
5 0.7491666666666666 0.4425 0.13083333333333333 0.335
1 0.6892791016666666 0.056715455000000005 0.6873037866666667 0.06301370333333334 0.6460355183333333 0.79118571 0.8071527566666666 0.8514779533333333 0.858068635 0.06767773666666667 0.6892791016666666 0.056715455000000005
1 0.19267509166666666 0.13345122666666667 0.19550050666666666 0.1520548 0.14175926666666666 0.8240723499999999 0.309153865 0.8295535966666667 0.35797729 0.08960230333333333 0.19267509166666666 0.13345122666666667