2 0.5761424683333333 0.33888292833333333 0.7379967833333333 0.252473875 0.4651759466666667 0.19544667666666668 0.24805912333333335 0.27487624 0.5761424683333333 0.33888292833333333
2 0.43834739666666667 0.8989414516666666 0.6680057366666667 0.855736985 0.43863244 0.771076475 0.2261869 0.8525365783333334 0.43834739666666667 0.8989414516666666
4 0.4558333333333333 0.03 0.09583333333333334 0.055
4 0.42916666666666664 0.9716666666666667 0.15166666666666667 0.056666666666666664
3 0.4775 0.13083333333333333 0.5333333333333333 0.10333333333333333
3 0.4875 0.44333333333333336 0.4658333333333333 0.12166666666666667
3 0.4725 0.5708333333333333 0.41333333333333333 0.10583333333333333
3 0.475 0.6958333333333333 0.4025 0.1025
0 0.4483333333333333 0.06833333333333333 0.059166666666666666 0.03916666666666667
0 0.4683333333333333 0.18916666666666668 0.07666666666666666 0.06583333333333333
0 0.4666666666666667 0.3566666666666667 0.07416666666666667 0.10166666666666667
0 0.45166666666666666 0.5041666666666667 0.04833333333333333 0.05583333333333333
0 0.45416666666666666 0.6266666666666667 0.06 0.0525
0 0.45 0.7625 0.095 0.045
0 0.43 0.915 0.065 0.05416666666666667
0 0.165 0.5516666666666666 0.25 0.6391666666666667
0 0.8416666666666667 0.43333333333333335 0.31666666666666665 0.4025
5 0.47333333333333333 0.13416666666666666 0.4425 0.035
5 0.5058333333333334 0.2658333333333333 0.3375 0.04666666666666667
5 0.47333333333333333 0.43833333333333335 0.3233333333333333 0.0725
5 0.4816666666666667 0.57 0.37666666666666665 0.07583333333333334
5 0.47333333333333333 0.6825 0.37166666666666665 0.060833333333333336
5 0.45 0.8516666666666667 0.3308333333333333 0.03916666666666667
5 0.925 0.43083333333333335 0.08166666666666667 0.06166666666666667
5 0.04666666666666667 0.5225 0.0875 0.060833333333333336
5 0.5108333333333334 0.9175 0.09583333333333334 0.0425