4 0.17833333333333334 0.07833333333333334 0.06916666666666667 0.13583333333333333
4 0.5 0.12083333333333333 0.056666666666666664 0.10666666666666667
3 0.20166666666666666 0.31583333333333335 0.15 0.165
3 0.5233333333333333 0.2808333333333333 0.245 0.15083333333333335
3 0.10333333333333333 0.8641666666666666 0.2 0.195
3 0.6325 0.8658333333333333 0.22333333333333333 0.19916666666666666
3 0.8283333333333334 0.5366666666666666 0.15666666666666668 0.17166666666666666
0 0.18333333333333332 0.1875 0.02 0.11416666666666667
0 0.1925 0.41833333333333333 0.0225 0.1
0 0.13666666666666666 0.7191666666666666 0.07583333333333334 0.13166666666666665
0 0.35083333333333333 0.5575 0.1525 0.058333333333333334
0 0.2225 0.8675 0.05583333333333333 0.0675
0 0.49083333333333334 0.865 0.0875 0.0725
0 0.7666666666666667 0.87 0.06333333333333334 0.07833333333333334
0 0.6816666666666666 0.53 0.14333333333333334 0.0575
0 0.8633333333333333 0.6783333333333333 0.09166666666666666 0.13416666666666666
0 0.5083333333333333 0.38333333333333336 0.021666666666666667 0.095
0 0.5033333333333333 0.19666666666666666 0.0325 0.0625
5 0.175 0.06833333333333333 0.024166666666666666 0.07583333333333334
5 0.20333333333333334 0.3075 0.12833333333333333 0.09833333333333333
5 0.52 0.2866666666666667 0.20333333333333334 0.07666666666666666
5 0.5025 0.11583333333333333 0.023333333333333334 0.07
5 0.52 0.5433333333333333 0.12416666666666666 0.075
5 0.5441666666666667 0.4008333333333333 0.035 0.055
5 0.6758333333333333 0.4875 0.035 0.05416666666666667
5 0.8308333333333333 0.5408333333333334 0.12666666666666668 0.095
5 0.8941666666666667 0.8575 0.13166666666666665 0.1675
5 0.6325 0.86 0.1675 0.1025
5 0.3475 0.8583333333333333 0.17333333333333334 0.07416666666666667
5 0.10333333333333333 0.8583333333333333 0.165 0.09416666666666666
5 0.17333333333333334 0.575 0.15583333333333332 0.14833333333333334
2 0.52867372 0.6469419066666666 0.6081583883333334 0.5448086666666666 0.49717004000000004 0.41493404833333336 0.4226940733333333 0.5588269633333334 0.52867372 0.6469419066666666
1 0.08995814333333332 0.45845846000000007 0.04897649666666667 0.6629629383333333 0.25396339333333334 0.6669680233333334 0.2951002283333333 0.47471725833333334 0.08995814333333332 0.45845846000000007
1 0.26163295999999997 0.7931326949999999 0.26168059833333335 0.793793795 0.23653253500000002 0.92730754 0.43524431166666666 0.9192970633333334 0.46034473666666664 0.7811169033333333 0.26163295999999997 0.7931326949999999
1 0.8091004016666666 0.7287287299999999 0.777586345 0.9613518766666665 0.95607837 0.9933937850000001 0.9930318083333333 0.7610907866666666 0.8091004016666666 0.7287287299999999