0 0.6866666666666666 0.16916666666666666 0.08166666666666667 0.08583333333333333
0 0.6958333333333333 0.3408333333333333 0.09083333333333334 0.09083333333333334
0 0.7216666666666667 0.5075 0.07083333333333333 0.07333333333333333
0 0.7558333333333334 0.705 0.08 0.08083333333333333
0 0.7666666666666667 0.8566666666666667 0.07083333333333333 0.07583333333333334
0 0.49083333333333334 0.635 0.20166666666666666 0.060833333333333336
0 0.3475 0.5016666666666667 0.4041666666666667 0.1575
4 0.6825 0.065 0.4083333333333333 0.13
4 0.7891666666666667 0.9391666666666667 0.4116666666666667 0.12083333333333333
3 0.21416666666666667 0.6283333333333333 0.41083333333333333 0.11583333333333333
3 0.7075 0.4275 0.39666666666666667 0.1175
5 0.6616666666666666 0.06916666666666667 0.26916666666666667 0.058333333333333334
5 0.6941666666666667 0.2525 0.30416666666666664 0.04416666666666667
5 0.7016666666666667 0.4241666666666667 0.3258333333333333 0.06333333333333334
5 0.7283333333333334 0.6091666666666666 0.2175 0.0375
5 0.15916666666666668 0.5966666666666667 0.17583333333333334 0.028333333333333332
5 0.18083333333333335 0.6458333333333334 0.175 0.0425
5 0.5033333333333333 0.5916666666666667 0.09333333333333334 0.05416666666666667
5 0.87 0.7016666666666667 0.13 0.03833333333333333
5 0.7691666666666667 0.7825 0.26166666666666666 0.04
5 0.7941666666666667 0.93 0.19333333333333333 0.05416666666666667
2 0.7129787233333333 0.5244174916666666 0.71264361 0.522609045 0.52020391 0.634895265 0.7663626099999999 0.6893336316666667 0.8968563766666667 0.604473875 0.7129787233333333 0.5244174916666666
1 0.9532057566666666 0.8206260533333333 0.971000535 0.7245584533333334 0.6337296433333334 0.7451416516666667 0.5913823483333334 0.8174238466666667 0.9532057566666666 0.8206260533333333
1 0.9116852083333333 0.19298401666666665 0.5706218483333333 0.19778741833333333 0.573587795 0.22020326 0.5587589633333333 0.20098965500000002 0.5024093566666666 0.2778438033333333 0.8464384383333333 0.29705734666666667 0.9116852083333333 0.19298401666666665