4 0.3441666666666667 0.9616666666666667 0.10166666666666667 0.07333333333333333
4 0.8716666666666667 0.050833333333333335 0.13 0.09166666666666666
3 0.37 0.705 0.2833333333333333 0.13333333333333333
3 0.4166666666666667 0.3333333333333333 0.44 0.09666666666666666
3 0.10166666666666667 0.42333333333333334 0.19666666666666666 0.08333333333333333
0 0.3466666666666667 0.9116666666666666 0.043333333333333335 0.06
0 0.3458333333333333 0.7808333333333334 0.06166666666666667 0.065
0 0.37333333333333335 0.6133333333333333 0.07 0.09333333333333334
0 0.3983333333333333 0.415 0.07666666666666666 0.09666666666666666
0 0.6908333333333333 0.39 0.3883333333333333 0.2866666666666667
0 0.8525 0.13 0.07833333333333334 0.07
0 0.13666666666666666 0.345 0.16666666666666666 0.09333333333333334
0 0.16583333333333333 0.5008333333333334 0.20666666666666667 0.08166666666666667
5 0.3541666666666667 0.8416666666666667 0.14333333333333334 0.04
5 0.36583333333333334 0.7258333333333333 0.21 0.043333333333333335
5 0.37166666666666665 0.6766666666666666 0.09 0.03333333333333333
5 0.37833333333333335 0.5083333333333333 0.1 0.05333333333333334
5 0.7083333333333334 0.5525 0.10666666666666667 0.058333333333333334
5 0.08333333333333333 0.4241666666666667 0.07333333333333333 0.041666666666666664
5 0.4175 0.3375 0.37166666666666665 0.035
5 0.8483333333333334 0.20166666666666666 0.18666666666666668 0.04666666666666667
2 0.51 0.5114884916666667 0.38145186833333333 0.4533333333333333 0.37974377833333334 0.4533333333333333 0.24754437666666665 0.5074047266666667 0.37874240833333334 0.5812322366666667 0.38708106000000003 0.5794554733333334 0.51 0.513067335 0.51 0.5114884916666667
1 0.4766666666666667 0.8946861666666667 0.45012906500000005 0.8033333333333333 0.22067471500000002 0.8033333333333333 0.2658533 0.8825602766666666 0.4766666666666667 0.8984426033333334 0.4766666666666667 0.8946861666666667
1 0.995 0.26120789666666666 0.9430991083333333 0.17449694666666665 0.7091067933333333 0.14887892833333335 0.7383954133333333 0.24522454999999999 0.7391608816666667 0.23854205333333336 0.995 0.26398440500000003 0.995 0.26120789666666666