2 0.425 0.21039307833333334 0.5831127616666667 0.305 0.5854285933333333 0.305 0.6894321683333334 0.20674924833333333 0.5863872383333333 0.11065315333333334 0.425 0.20909895333333334 0.425 0.21039307833333334
2 0.5751321333333334 0.605 0.7176404883333334 0.47328828833333336 0.5774622483333334 0.35917417333333335 0.38344071166666666 0.47028528500000005 0.5740822916666666 0.605 0.5751321333333334 0.605
2 0.33 0.8054306933333334 0.53890149 0.99 0.5402560516666667 0.99 0.7428521466666667 0.8269069066666667 0.5636839333333333 0.6677477483333333 0.33 0.80369544 0.33 0.8054306933333334
5 0.5816666666666667 0.04583333333333333 0.06333333333333334 0.04666666666666667
5 0.5616666666666666 0.19583333333333333 0.15333333333333332 0.08166666666666667
5 0.5675 0.47583333333333333 0.235 0.095
5 0.08666666666666667 0.5916666666666667 0.10833333333333334 0.06
5 0.06333333333333334 0.38 0.05333333333333334 0.08
5 0.2325 0.5166666666666667 0.04833333333333333 0.04666666666666667
5 0.2775 0.7725 0.04833333333333333 0.04833333333333333
5 0.5291666666666667 0.64 0.051666666666666666 0.05333333333333334
5 0.8983333333333333 0.7275 0.15 0.04666666666666667
5 0.5408333333333334 0.8266666666666667 0.3 0.13
5 0.795 0.8708333333333333 0.04666666666666667 0.06
4 0.5825 0.04416666666666667 0.11166666666666666 0.07166666666666667
4 0.895 0.7225 0.20333333333333334 0.065
0 0.08833333333333333 0.20833806 0.09365947666666667 0.54 0.10036389666666667 0.54 0.12431025000000001 0.5364789783333334 0.12059691666666666 0.25719969833333334 0.41859172 0.2361786766666667 0.41952005166666667 0.17912162 0.08833333333333333 0.19412630333333333 0.08833333333333333 0.20833806
0 0.17 0.5722669499999999 0.17256436333333333 0.6082132133333333 0.27468096166666667 0.5931981983333333 0.39443588166666665 0.43554054 0.24868764666666668 0.45656156166666667 0.25240097666666667 0.5511561566666666 0.17 0.5691260583333334 0.17 0.5722669499999999
0 0.5691666666666667 0.6325 0.021666666666666667 0.07333333333333333
0 0.16166666666666665 0.7141666666666666 0.3233333333333333 0.15833333333333333
0 0.8308333333333333 0.8066666666666666 0.17666666666666667 0.10666666666666667