4 0.20416666666666666 0.905 0.23166666666666666 0.15666666666666668
5 0.20583333333333334 0.9091666666666667 0.11166666666666666 0.115
0 0.20583333333333334 0.7675 0.09833333333333333 0.085
1 0.21916666666666668 0.605 0.265 0.23333333333333334
5 0.18583333333333332 0.5991666666666666 0.12833333333333333 0.155
0 0.17 0.46 0.07333333333333333 0.056666666666666664
3 0.21916666666666668 0.24416666666666667 0.385 0.33166666666666667
5 0.20833333333333334 0.23583333333333334 0.18333333333333332 0.2916666666666667
0 0.5608333333333333 0.5525 0.28 0.7116666666666667
0 0.6416666666666667 0.8766666666666667 0.09666666666666666 0.03333333333333333
3 0.8291666666666667 0.8191666666666667 0.22833333333333333 0.335
5 0.8491666666666666 0.82 0.16333333333333333 0.31333333333333335
5 0.8416666666666667 0.6166666666666667 0.08666666666666667 0.056666666666666664
1 0.8433333333333334 0.4141666666666667 0.2733333333333333 0.34833333333333333
5 0.8433333333333334 0.4125 0.14333333333333334 0.305
5 0.8458333333333333 0.34 0.11833333333333333 0.14666666666666667
0 0.8708333333333333 0.21 0.11166666666666666 0.08
4 0.8466666666666667 0.07416666666666667 0.20666666666666667 0.14166666666666666
5 0.8541666666666666 0.07916666666666666 0.115 0.10333333333333333