5 0.1225 0.12916666666666668 0.13916666666666666 0.12666666666666668
5 0.49833333333333335 0.16666666666666666 0.16333333333333333 0.08
5 0.14833333333333334 0.8416666666666667 0.24833333333333332 0.09916666666666667
5 0.5441666666666667 0.8608333333333333 0.25166666666666665 0.11083333333333334
5 0.8891666666666667 0.8483333333333334 0.10666666666666667 0.0775
0 0.32666666666666666 0.15083333333333335 0.15666666666666668 0.0625
0 0.675 0.16666666666666666 0.135 0.07416666666666667
0 0.345 0.8508333333333333 0.12416666666666666 0.0625
0 0.7333333333333333 0.8525 0.1075 0.07
4 0.1275 0.11833333333333333 0.24166666666666667 0.225
4 0.8841666666666667 0.84 0.2 0.2225
3 0.8691666666666666 0.17083333333333334 0.25 0.25916666666666666
3 0.14583333333333334 0.8366666666666667 0.2816666666666667 0.2808333333333333
0 0.49583333333333335 0.49583333333333335 0.7691666666666667 0.4375
1 0.6406329216666666 0.0418901 0.433554235 0.042907803333333334 0.3679113983333333 0.25471710333333336 0.58413559 0.2703244516666667 0.6406329216666666 0.0418901
1 0.7208450683333334 0.72435545 0.4352982183333333 0.7219858166666666 0.37349139833333334 0.9442767149999999 0.6608603033333333 0.9740724766666666 0.7208450683333334 0.72435545