4 0.04833333333333333 0.83 0.09333333333333334 0.18
3 0.4891666666666667 0.8458333333333333 0.125 0.215
3 0.47333333333333333 0.47583333333333333 0.15333333333333332 0.215
3 0.7733333333333333 0.1025 0.13 0.205
1 0.205560735 0.7133333333333334 0.20553475333333335 0.7133333333333334 0.20821294666666668 0.9163943833333333 0.321651 0.9779714383333333 0.31964893166666664 0.7861411733333333 0.205560735 0.7133333333333334
2 0.8383333333333334 0.4604564616666667 0.772731665 0.38 0.7712669016666667 0.38 0.703275875 0.470971235 0.771967425 0.5442498800000001 0.8383333333333334 0.46458780166666663 0.8383333333333334 0.4604564616666667
1 0.8183333333333334 0.8056836783333333 0.8183333333333334 0.7818883483333333 0.6977139716666666 0.7222407599999999 0.6910919400000001 0.9404246 0.80582235 0.9975526616666667 0.8183333333333334 0.8056836783333333
5 0.0425 0.8266666666666667 0.07 0.11666666666666667
5 0.25666666666666665 0.8466666666666667 0.09 0.13333333333333333
5 0.48083333333333333 0.8558333333333333 0.08833333333333333 0.125
5 0.47333333333333333 0.48833333333333334 0.08 0.12666666666666668
5 0.7708333333333334 0.09666666666666666 0.075 0.13666666666666666
5 0.7716666666666666 0.4608333333333333 0.06333333333333334 0.105
5 0.735 0.3125 0.07666666666666666 0.06166666666666667
5 0.7375 0.6458333333333334 0.05 0.06833333333333333
5 0.9566666666666667 0.8558333333333333 0.056666666666666664 0.105
0 0.36666666666666664 0.8475 0.13 0.04833333333333333
0 0.1375 0.835 0.135 0.06333333333333334
0 0.48583333333333334 0.6633333333333333 0.06833333333333333 0.15
0 0.5725 0.2175 0.2783333333333333 0.32666666666666666
0 0.7725 0.635 0.04833333333333333 0.19666666666666666
0 0.8675 0.8775 0.10166666666666667 0.058333333333333334
0 0.6141666666666666 0.4766666666666667 0.18166666666666667 0.05333333333333334