4 0.6958333333333333 0.07666666666666666 0.055 0.14
4 0.5166666666666667 0.06666666666666667 0.043333333333333335 0.12666666666666668
3 0.43166666666666664 0.21916666666666668 0.25333333333333335 0.16666666666666666
3 0.6841666666666667 0.24583333333333332 0.21 0.14833333333333334
3 0.3408333333333333 0.8616666666666667 0.195 0.14666666666666667
3 0.8816666666666667 0.9116666666666666 0.23 0.17666666666666667
3 0.1025 0.5033333333333333 0.145 0.19333333333333333
2 0.3904658166666667 0.37833333333333335 0.27166666666666667 0.5124475983333334 0.27166666666666667 0.5164804483333333 0.3415047683333333 0.6983333333333334 0.34292605666666665 0.6983333333333334 0.5045853783333333 0.5523378400000001 0.391116455 0.37833333333333335 0.3904658166666667 0.37833333333333335
1 0.7320246066666667 0.42333333333333334 0.5566666666666666 0.427034295 0.5566666666666666 0.4318851266666667 0.61188813 0.66822226 0.7832523883333333 0.6733333333333333 0.806253905 0.6733333333333333 0.7638686616666667 0.42333333333333334 0.7320246066666667 0.42333333333333334
1 0.4866666666666667 0.8212412033333334 0.5021817616666666 0.9484533116666667 0.6955968316666666 0.9666666666666667 0.7073629366666666 0.9666666666666667 0.6876264033333334 0.8182312183333333 0.4866666666666667 0.8150515333333334 0.4866666666666667 0.8212412033333334
1 0.0016666666666666668 0.7113735183333334 0.028706431666666667 0.9250772066666667 0.20725221833333335 0.945 0.21914092000000002 0.945 0.19073145333333333 0.72530388 0.0016666666666666668 0.70095987 0.0016666666666666668 0.7113735183333334
5 0.24416666666666667 0.4625 0.045 0.07166666666666667
5 0.3525 0.3516666666666667 0.06 0.08666666666666667
5 0.4425 0.21833333333333332 0.20833333333333334 0.09333333333333334
5 0.5183333333333333 0.06166666666666667 0.023333333333333334 0.07666666666666666
5 0.6983333333333334 0.0775 0.02666666666666667 0.07833333333333334
5 0.6883333333333334 0.22666666666666666 0.17333333333333334 0.08
5 0.6883333333333334 0.55 0.16666666666666666 0.14666666666666667
5 0.5941666666666666 0.885 0.18166666666666667 0.06333333333333334
5 0.34 0.8625 0.16333333333333333 0.08833333333333333
5 0.3725 0.5333333333333333 0.14 0.13666666666666666
5 0.8833333333333333 0.9066666666666666 0.18 0.10666666666666667
5 0.1 0.5075 0.10333333333333333 0.09833333333333333
5 0.12083333333333333 0.8191666666666667 0.135 0.14666666666666667
0 0.11 0.6508333333333334 0.05333333333333334 0.18166666666666667
0 0.39666666666666667 0.33416666666666667 0.03 0.135
0 0.215 0.53 0.10666666666666667 0.09333333333333334
0 0.46416666666666667 0.8983333333333333 0.065 0.06333333333333334
0 0.22583333333333333 0.8441666666666666 0.04833333333333333 0.058333333333333334
0 0.7375 0.905 0.08166666666666667 0.07
0 0.7916666666666666 0.7358333333333333 0.22 0.15833333333333333
0 0.5425 0.5533333333333333 0.07833333333333334 0.10666666666666667
0 0.675 0.3675 0.043333333333333335 0.13
0 0.5191666666666667 0.13833333333333334 0.018333333333333333 0.05333333333333334
0 0.6941666666666667 0.155 0.018333333333333333 0.04666666666666667