5 0.5058333333333334 0.25833333333333336 0.6633333333333333 0.06666666666666667
5 0.5875 0.5108333333333334 0.6983333333333334 0.085
5 0.4533333333333333 0.74 0.7566666666666667 0.08166666666666667
0 0.6266666666666667 0.16166666666666665 0.11333333333333333 0.09333333333333334
0 0.6058333333333333 0.38416666666666666 0.13166666666666665 0.10833333333333334
0 0.5625 0.6166666666666667 0.14166666666666666 0.09333333333333334
0 0.5458333333333333 0.8625 0.11833333333333333 0.085
4 0.6283333333333333 0.0575 0.38333333333333336 0.10666666666666667
4 0.5391666666666667 0.9416666666666667 0.36333333333333334 0.11
3 0.5541666666666667 0.5058333333333334 0.8783333333333333 0.11833333333333333
1 0.10666666666666667 0.20711324 0.25404490166666666 0.3231900366666666 0.9580771283333334 0.3416666666666667 0.98555722 0.3416666666666667 0.8878935483333333 0.21899898333333334 0.10666666666666667 0.20632631833333331 0.10666666666666667 0.20711324
1 0.013333333333333334 0.6615253400000001 0.14981339000000002 0.801940005 0.9523932566666667 0.8233333333333334 0.98991233 0.8233333333333334 0.875172235 0.6812049866666666 0.013333333333333334 0.6594931183333334 0.013333333333333334 0.6615253400000001