5 0.44166666666666665 0.9575 0.21333333333333335 0.065
5 0.45166666666666666 0.8225 0.29 0.05333333333333334
5 0.4425 0.6791666666666667 0.23833333333333334 0.09666666666666666
5 0.3466666666666667 0.5283333333333333 0.43 0.06333333333333334
5 0.8291666666666667 0.41333333333333333 0.285 0.056666666666666664
5 0.6775 0.35083333333333333 0.12833333333333333 0.045
5 0.2975 0.35 0.275 0.07333333333333333
5 0.09166666666666666 0.2608333333333333 0.14666666666666667 0.045
5 0.25333333333333335 0.17083333333333334 0.32666666666666666 0.045
5 0.24916666666666668 0.0475 0.21833333333333332 0.058333333333333334
0 0.4275 0.8891666666666667 0.07333333333333333 0.055
0 0.4483333333333333 0.7558333333333334 0.06 0.06833333333333333
0 0.41833333333333333 0.5941666666666666 0.10333333333333333 0.07166666666666667
0 0.3475 0.4558333333333333 0.07166666666666667 0.051666666666666666
0 0.18416666666666667 0.24416666666666667 0.07166666666666667 0.058333333333333334
0 0.24666666666666667 0.10666666666666667 0.06 0.04
4 0.4508333333333333 0.9566666666666667 0.30666666666666664 0.08666666666666667
4 0.2525 0.0475 0.4216666666666667 0.07833333333333334
3 0.425 0.6716666666666666 0.31666666666666665 0.12
3 0.3383333333333333 0.525 0.56 0.09
3 0.82 0.4141666666666667 0.3466666666666667 0.09833333333333333
1 0.25333333333333335 0.8775762066666666 0.5759209016666667 0.8657072149999999 0.6504546083333334 0.7883333333333333 0.44017750499999997 0.7883333333333333 0.30851110833333334 0.7895595283333333 0.25333333333333335 0.8757600233333332 0.25333333333333335 0.8775762066666666
1 0.08902054333333333 0.13428885666666665 0.010104736666666666 0.21594491666666665 0.396563055 0.20902384499999999 0.48046352000000003 0.125 0.4678241466666666 0.125 0.08902054333333333 0.13428885666666665
2 0.03666666666666667 0.37067623666666666 0.348160745 0.4380829833333333 0.5465326866666667 0.32578765 0.18738985833333333 0.27 0.18540355333333333 0.27 0.03666666666666667 0.370437535 0.03666666666666667 0.37067623666666666
0 0.7902657466666667 0.3016666666666667 0.5266666666666666 0.31649305666666666 0.5266666666666666 0.31765462666666666 0.5440923833333333 0.33282277666666665 0.7847078466666666 0.32617013333333333 0.7931629733333333 0.377405215 0.8636234383333334 0.36939971499999996 0.8109400016666667 0.3016666666666667 0.7902657466666667 0.3016666666666667
0 0.59 0.5024913916666667 0.59 0.5185230733333333 0.5911551766666666 0.5296792883333333 0.8727061983333334 0.5310714883333334 0.8618409 0.46 0.83376478 0.46 0.847631225 0.5072638683333334 0.59 0.5024913916666667