2 0.4800344816666667 0.39666666666666667 0.4083333333333333 0.5126730733333333 0.4083333333333333 0.5132296266666666 0.449745745 0.5325570466666666 0.4914250766666667 0.596100345 0.6 0.5005178499999999 0.6 0.499763715 0.4805209833333333 0.39666666666666667 0.4800344816666667 0.39666666666666667
1 0.1828111533333333 0.7216666666666667 0.18088740833333333 0.7216666666666667 0.18728434333333333 0.9739432366666667 0.19318891166666666 0.9638079016666667 0.33797126666666666 0.9998000899999999 0.3433333333333333 0.8090069666666667 0.3433333333333333 0.7713173116666667 0.1828111533333333 0.7216666666666667
1 0.6564183366666666 0 0.6500062433333333 0.26089898333333333 0.6513626983333333 0.2636154916666667 0.825 0.304673035 0.825 0.2606977483333333 0.8183267166666667 0.04044272 0.656431285 0 0.6564183366666666 0
4 0.059166666666666666 0.8866666666666667 0.10166666666666667 0.21333333333333335
4 0.9508333333333333 0.16 0.09166666666666666 0.18666666666666668
0 0.14333333333333334 0.8891666666666667 0.08 0.055
0 0.38916666666666666 0.8816666666666667 0.095 0.043333333333333335
0 0.6725 0.8616666666666667 0.17833333333333334 0.07666666666666666
0 0.49833333333333335 0.675 0.06666666666666667 0.16
0 0.7016666666666667 0.6033333333333334 0.29 0.28
0 0.5516666666666666 0.2816666666666667 0.21666666666666667 0.26
0 0.8591666666666666 0.16916666666666666 0.095 0.04
3 0.5141666666666667 0.8691666666666666 0.15833333333333333 0.25166666666666665
3 0.8391666666666666 0.8583333333333333 0.16666666666666666 0.25
5 0.05416666666666667 0.8966666666666666 0.08833333333333333 0.13
5 0.5141666666666667 0.8675 0.07833333333333334 0.17833333333333334
5 0.7908333333333334 0.8658333333333333 0.045 0.13166666666666665
5 0.8683333333333333 0.8558333333333333 0.05333333333333334 0.14166666666666666
5 0.7625 0.6325 0.07833333333333334 0.14166666666666666
5 0.49666666666666665 0.49416666666666664 0.07333333333333333 0.105
5 0.43416666666666665 0.285 0.08833333333333333 0.12666666666666668
5 0.7475 0.14916666666666667 0.10333333333333333 0.17666666666666667
5 0.9441666666666667 0.16416666666666666 0.06 0.11166666666666666
5 0.28 0.8775 0.09333333333333334 0.19833333333333333