1 0.901511085 0.595 0.6316666666666667 0.6337500966666667 0.6316666666666667 0.763633325 0.860499915 0.718869985 0.9102539716666667 0.595 0.901511085 0.595
1 0.4257207016666667 0.275 0.04384746 0.3380316783333333 0.01 0.6238421616666666 0.01 0.6388728516666666 0.42039335333333333 0.5801622000000001 0.4173195333333333 0.5798876316666667 0.4322799133333334 0.275 0.4257207016666667 0.275
4 0.74 0.915 0.25333333333333335 0.14
4 0.21666666666666667 0.09083333333333334 0.38 0.175
0 0.7983333333333333 0.5666666666666667 0.13666666666666666 0.10666666666666667
0 0.26 0.24166666666666667 0.12333333333333334 0.13
0 0.23166666666666666 0.6641666666666667 0.12333333333333334 0.14833333333333334
0 0.7575 0.7916666666666666 0.12166666666666667 0.11
0 0.5033333333333333 0.6283333333333333 0.26666666666666666 0.53
3 0.8025 0.38083333333333336 0.395 0.275
3 0.20333333333333334 0.865 0.38333333333333336 0.27
5 0.7216666666666667 0.9175 0.19666666666666666 0.10166666666666667
5 0.7408333333333333 0.6766666666666666 0.13833333333333334 0.09666666666666666
5 0.8241666666666667 0.38916666666666666 0.19166666666666668 0.22333333333333333
5 0.2125 0.44666666666666666 0.265 0.24666666666666667
5 0.205 0.8683333333333333 0.23 0.23666666666666666
5 0.19333333333333333 0.0925 0.2 0.09333333333333334