4 0.44166666666666665 0.045 0.36333333333333334 0.085
4 0.6616666666666666 0.9375 0.37583333333333335 0.125
3 0.4925 0.45166666666666666 0.8058333333333333 0.16166666666666665
0 0.5125 0.5925 0.20083333333333334 0.12
0 0.5516666666666666 0.8208333333333333 0.24416666666666667 0.10833333333333334
0 0.4533333333333333 0.335 0.19833333333333333 0.11666666666666667
0 0.42583333333333334 0.13833333333333334 0.19333333333333333 0.09583333333333334
5 0.47 0.22333333333333333 0.5083333333333333 0.07083333333333333
5 0.5141666666666667 0.44333333333333336 0.5208333333333334 0.0975
5 0.6108333333333333 0.69 0.5891666666666666 0.13583333333333333
1 0.17459723333333335 0.19138291333333332 0.17139245 0.18447379166666666 0.03347369333333334 0.28424833833333335 0.6735688983333333 0.26663589666666665 0.7642912283333334 0.17216943 0.17459723333333335 0.19138291333333332
1 0.8600536049999999 0.74056973 0.9810165833333334 0.61408074 0.2702197083333333 0.6665560333333334 0.10907550666666666 0.7757945516666667 0.8600536049999999 0.74056973