2 0.6419602216666667 0.30977131166666666 0.565824395 0.5142974466666667 0.6334797433333333 0.7638538266666667 0.73461398 0.5475715783333334 0.6419602216666667 0.30977131166666666
1 0.48910187 0.3853600483333333 0.3042703333333333 0.3853600483333333 0.2700939783333333 0.6411551616666668 0.45911037000000005 0.6577923066666667 0.48910187 0.3853600483333333
1 0.8420254733333333 0.7264202516666667 0.8407743133333333 0.71777547 0.7904121799999999 0.9697375049999999 0.9585043 0.9822154433333332 0.9975629766666666 0.7305795366666666 0.8420254733333333 0.7264202516666667
1 0.9473446166666668 0.291776465 0.9905882016666667 0.029742463333333333 0.8301683766666667 0.023503613333333336 0.8329583500000001 0.008946111666666666 0.7743701766666666 0.258502335 0.9473446166666668 0.291776465
4 0.11333333333333333 0.5033333333333333 0.2225 0.25166666666666665
0 0.25916666666666666 0.5108333333333334 0.075 0.06916666666666667
0 0.5283333333333333 0.5233333333333333 0.1125 0.09
0 0.8058333333333333 0.4008333333333333 0.16916666666666666 0.3433333333333333
0 0.72 0.8233333333333334 0.19833333333333333 0.15916666666666668
5 0.08083333333333333 0.5083333333333333 0.11333333333333333 0.1275
5 0.37833333333333335 0.5191666666666667 0.15333333333333332 0.12333333333333334
5 0.6466666666666666 0.5216666666666666 0.085 0.14333333333333334
5 0.845 0.4816666666666667 0.0325 0.11083333333333334
5 0.8791666666666667 0.15833333333333333 0.1325 0.15416666666666667
5 0.8933333333333333 0.8608333333333333 0.14083333333333334 0.15083333333333335
5 0.655 0.8125 0.0225 0.08583333333333333