4 0.05416666666666667 0.4675 0.085 0.7533333333333333
4 0.9383333333333334 0.4558333333333333 0.08333333333333333 0.7783333333333333
5 0.04833333333333333 0.4075 0.056666666666666664 0.41833333333333333
0 0.14 0.44083333333333335 0.08 0.11333333333333333
5 0.2725 0.4708333333333333 0.085 0.5683333333333334
0 0.4058333333333333 0.4525 0.08166666666666667 0.10166666666666667
0 0.6633333333333333 0.515 0.08 0.10666666666666667
0 0.4033333333333333 0.44916666666666666 0.1 0.11833333333333333
0 0.14166666666666666 0.44666666666666666 0.07 0.1
0 0.6625 0.5183333333333333 0.08 0.09
0 0.8583333333333333 0.46416666666666667 0.07 0.08833333333333333
5 0.5366666666666666 0.485 0.056666666666666664 0.3466666666666667
5 0.6541666666666667 0.7158333333333333 0.045 0.2683333333333333
5 0.7558333333333334 0.4708333333333333 0.06166666666666667 0.605
0 0.855 0.4791666666666667 0.07 0.14333333333333334
5 0.9375 0.4766666666666667 0.041666666666666664 0.34
2 0.53930643 0.8166666666666667 0.63 0.505377145 0.63 0.499452305 0.5691096449999999 0.13964542 0.44756102499999995 0.4358752233333333 0.538925695 0.8166666666666667 0.53930643 0.8166666666666667
1 0.6999990366666666 0.9366666666666666 0.814713885 0.75396918 0.8216666666666667 0.18208105833333332 0.8216666666666667 0.015675283333333335 0.7066706683333334 0.143556255 0.6991801716666667 0.9366666666666666 0.6999990366666666 0.9366666666666666
1 0.18764274833333333 0.9633333333333334 0.33882853333333335 0.8347666066666667 0.36 0.09176088 0.36 0.045931744999999996 0.19927271 0.17947037666666665 0.18579473 0.9633333333333334 0.18764274833333333 0.9633333333333334