1 0.23333333333333334 0.7608877933333333 0.31829396666666665 0.8873298266666666 0.869355805 0.8444049833333334 0.8816842649999999 0.8517584583333333 0.8586888883333333 0.680179005 0.23333333333333334 0.75883393 0.23333333333333334 0.7608877933333333
1 0.14166666666666666 0.18473422333333334 0.18032160500000002 0.37835582500000003 0.18032160500000002 0.39091044166666666 0.97366675 0.31697778499999996 0.8816845933333334 0.14400345 0.14166666666666666 0.17671472 0.14166666666666666 0.18473422333333334
4 0.4708333333333333 0.9683333333333334 0.5816666666666667 0.06
4 0.4708333333333333 0.035 0.6383333333333333 0.07
0 0.4325 0.6725 0.24166666666666667 0.11833333333333333
0 0.425 0.9091666666666667 0.27 0.06833333333333333
0 0.5066666666666667 0.385 0.30666666666666664 0.09333333333333334
0 0.45 0.135 0.32 0.11666666666666667
5 0.5 0.2625 0.35333333333333333 0.125
5 0.42 0.5283333333333333 0.29333333333333333 0.15
5 0.5625 0.7916666666666666 0.32666666666666666 0.13333333333333333
3 0.49333333333333335 0.52 0.9266666666666666 0.19333333333333333