4 0.9525 0.6891666666666667 0.09333333333333334 0.19166666666666668
4 0.19916666666666666 0.24166666666666667 0.13166666666666665 0.27666666666666667
3 0.625 0.6966666666666667 0.15 0.24
3 0.1775 0.7008333333333333 0.19833333333333333 0.43666666666666665
0 0.8858333333333334 0.7025 0.06166666666666667 0.051666666666666666
0 0.7233333333333334 0.6991666666666667 0.07666666666666666 0.056666666666666664
0 0.5275 0.69 0.08833333333333333 0.06666666666666667
0 0.33166666666666667 0.6841666666666667 0.10333333333333333 0.07166666666666667
0 0.43416666666666665 0.46 0.065 0.2
0 0.31083333333333335 0.22916666666666666 0.10833333333333334 0.07833333333333334
0 0.23333333333333334 0.8341666666666666 0.45 0.3233333333333333
5 0.9541666666666667 0.7025 0.055 0.10833333333333334
5 0.8033333333333333 0.6916666666666667 0.06666666666666667 0.17
5 0.635 0.7116666666666667 0.07 0.18333333333333332
5 0.4275 0.6866666666666666 0.051666666666666666 0.19333333333333333
5 0.325 0.6225 0.06333333333333334 0.08166666666666667
5 0.4791666666666667 0.5091666666666667 0.06833333333333333 0.09166666666666666
5 0.19333333333333333 0.6866666666666666 0.12666666666666668 0.35333333333333333
5 0.19 0.2758333333333333 0.07666666666666666 0.12833333333333333
5 0.455 0.19666666666666666 0.15 0.28
1 0.8643100316666666 0.5433333333333333 0.755 0.6020115766666667 0.755 0.6237751266666667 0.76374783 0.8392652700000001 0.8555596916666667 0.7709152833333334 0.8662319716666667 0.5433333333333333 0.8643100316666666 0.5433333333333333