3 0.5241666666666667 0.465 0.885 0.14666666666666667
4 0.5991666666666666 0.043333333333333335 0.6583333333333333 0.07333333333333333
4 0.4625 0.9625 0.6316666666666667 0.06333333333333334
0 0.5475 0.1125 0.29333333333333333 0.075
0 0.4791666666666667 0.3525 0.20833333333333334 0.08833333333333333
0 0.49166666666666664 0.5908333333333333 0.22333333333333333 0.11
0 0.4691666666666667 0.8783333333333333 0.18833333333333332 0.10333333333333333
5 0.49166666666666664 0.7341666666666666 0.35 0.13333333333333333
5 0.5208333333333334 0.4558333333333333 0.24166666666666667 0.095
5 0.5375 0.22666666666666666 0.3383333333333333 0.12666666666666668
1 0.16 0.29337777333333337 0.8657069166666668 0.31833333333333336 0.8886807833333333 0.31833333333333336 0.8886807833333333 0.16642608166666667 0.19161237666666667 0.13434797666666665 0.16 0.28865341 0.16 0.29337777333333337
1 0.10166666666666667 0.6423764399999999 0.10166666666666667 0.670202235 0.10707383166666666 0.8062203633333334 0.843230185 0.8313249666666667 0.9344353966666668 0.6674477 0.10166666666666667 0.6423764399999999