5 0.14083333333333334 0.11916666666666667 0.13166666666666665 0.12166666666666667
5 0.9408333333333333 0.5866666666666667 0.06666666666666667 0.09333333333333334
5 0.695 0.595 0.10333333333333333 0.09666666666666666
5 0.4675 0.61 0.06333333333333334 0.06666666666666667
5 0.22916666666666666 0.5616666666666666 0.02 0.06333333333333334
5 0.4425 0.8441666666666666 0.018333333333333333 0.06666666666666667
5 0.23166666666666666 0.9116666666666666 0.10666666666666667 0.08
0 0.8258333333333333 0.6041666666666666 0.11166666666666666 0.055
0 0.5808333333333333 0.6175 0.11833333333333333 0.05
4 0.94 0.5858333333333333 0.11666666666666667 0.15
1 0.6216666666666667 0.5500079800000001 0.6503595566666667 0.67 0.7752266533333333 0.67 0.7489169133333333 0.52885695 0.6216666666666667 0.5447782116666666 0.6216666666666667 0.5500079800000001
1 0.28284876166666667 0.825 0.15333333333333332 0.8389866633333334 0.15333333333333332 0.84028991 0.200168395 0.9916666666666667 0.20781148333333335 0.9916666666666667 0.32312772666666667 0.9814844933333334 0.28469114333333334 0.825 0.28284876166666667 0.825
1 0.006666666666666667 0.022250438333333334 0.0947412 0.24666666666666667 0.09993411666666667 0.24666666666666667 0.275560625 0.21942951666666669 0.19487271666666667 0.015 0.006666666666666667 0.015 0.006666666666666667 0.022250438333333334
2 0.4083333333333333 0.6272857683333334 0.46713309666666664 0.7047928483333333 0.5237490733333333 0.60436005 0.4634132016666666 0.5107226783333333 0.4083333333333333 0.62485049 0.4083333333333333 0.6272857683333334
0 0.15666666666666668 0.27355828833333334 0.18815145666666666 0.655 0.189896265 0.655 0.4067079766666667 0.6345177983333333 0.40750645333333335 0.6094404133333333 0.195604745 0.6303884716666667 0.19002486833333335 0.2567002583333333 0.15666666666666668 0.26070334500000003 0.15666666666666668 0.27355828833333334
0 0.32711056 0.9316666666666666 0.4752313033333333 0.9151330383333334 0.4744133766666667 0.7073126533333333 0.45942184166666666 0.7024816533333333 0.46500164666666666 0.875906065 0.31155652666666667 0.8903580333333334 0.31 0.9145480083333333 0.31 0.9316666666666666 0.32711056 0.9316666666666666