4 0.12583333333333332 0.08416666666666667 0.20833333333333334 0.16833333333333333
4 0.8125 0.9216666666666666 0.205 0.15666666666666668
3 0.16166666666666665 0.46166666666666667 0.30666666666666664 0.14333333333333334
3 0.15833333333333333 0.7508333333333334 0.20333333333333334 0.20833333333333334
1 0.325 0.22535934666666668 0.325 0.22519006333333333 0.03590315333333333 0.21414646166666665 0.000029531666666666664 0.3277271583333333 0.27118661 0.32612509333333334 0.325 0.22535934666666668
1 0.9459938083333332 0.7666666666666667 0.995 0.678824035 0.995 0.678361665 0.70813587 0.651304895 0.6602827383333334 0.753682865 0.9168376533333332 0.7666666666666667 0.9459938083333332 0.7666666666666667
2 0.5248904066666666 0.56 0.5250859716666667 0.56 0.59 0.4754422733333333 0.59 0.4724307466666666 0.4836367766666667 0.388654815 0.47990352333333336 0.3948947483333333 0.41144659666666666 0.49439268666666664 0.5248904066666666 0.56
0 0.14416666666666667 0.20083333333333334 0.04666666666666667 0.055
0 0.1575 0.36916666666666664 0.04666666666666667 0.085
0 0.16333333333333333 0.5858333333333333 0.04 0.14166666666666666
0 0.3675 0.475 0.115 0.07666666666666666
0 0.39416666666666667 0.6691666666666667 0.285 0.22833333333333333
0 0.8158333333333333 0.8091666666666667 0.06166666666666667 0.11666666666666667
5 0.12583333333333332 0.085 0.14166666666666666 0.11333333333333333
5 0.16166666666666665 0.27666666666666667 0.22333333333333333 0.08
5 0.165 0.4658333333333333 0.25 0.07333333333333333
5 0.5058333333333334 0.48 0.11166666666666666 0.07
5 0.6641666666666667 0.415 0.10833333333333334 0.07666666666666666
5 0.3491666666666667 0.6866666666666666 0.12 0.07
5 0.175 0.7008333333333333 0.13666666666666666 0.06833333333333333
5 0.17166666666666666 0.7775 0.12666666666666668 0.045
5 0.8308333333333333 0.7166666666666667 0.21666666666666667 0.08