4 0.4925 0.9233333333333333 0.165 0.14666666666666667
1 0.4575 0.6833333333333333 0.24166666666666667 0.22333333333333333
5 0.4866666666666667 0.9291666666666667 0.09666666666666666 0.08833333333333333
5 0.4816666666666667 0.6808333333333333 0.10666666666666667 0.15666666666666668
0 0.47 0.5291666666666667 0.08666666666666667 0.085
0 0.47 0.81 0.07333333333333333 0.06
2 0.46166666666666667 0.41 0.24333333333333335 0.14333333333333334
5 0.4775 0.41583333333333333 0.125 0.10833333333333334
0 0.7516666666666667 0.3308333333333333 0.3433333333333333 0.17833333333333334
0 0.8616666666666667 0.2625 0.09 0.025
0 0.34833333333333333 0.25416666666666665 0.25 0.175
0 0.2608333333333333 0.19166666666666668 0.045 0.03
5 0.12333333333333334 0.1675 0.11333333333333333 0.15333333333333332
4 0.8375 0.12916666666666668 0.145 0.15166666666666667
1 0.12166666666666667 0.17083333333333334 0.21666666666666667 0.2783333333333333
1 0.8316666666666667 0.1275 0.23 0.25