4 0.30666666666666664 0.0625 0.4166666666666667 0.105
1 0.26416666666666666 0.20916666666666667 0.42833333333333334 0.09166666666666666
3 0.27666666666666667 0.3541666666666667 0.41333333333333333 0.11
3 0.26416666666666666 0.495 0.3883333333333333 0.09
2 0.23833333333333334 0.6608333333333334 0.33 0.15166666666666667
1 0.25916666666666666 0.8133333333333334 0.4583333333333333 0.08333333333333333
4 0.21833333333333332 0.9416666666666667 0.41833333333333333 0.11
1 0.7941666666666667 0.44166666666666665 0.365 0.12
0 0.29083333333333333 0.14083333333333334 0.095 0.075
0 0.29333333333333333 0.2725 0.09333333333333334 0.07833333333333334
0 0.6708333333333333 0.3616666666666667 0.43 0.06
0 0.66 0.5116666666666667 0.4533333333333333 0.05333333333333334
0 0.25583333333333336 0.5575 0.07833333333333334 0.06333333333333334
0 0.2783333333333333 0.7483333333333333 0.09 0.07
0 0.25666666666666665 0.8683333333333333 0.08 0.05
5 0.31416666666666665 0.060833333333333336 0.285 0.06333333333333334
5 0.2925 0.21 0.31833333333333336 0.04666666666666667
5 0.29333333333333333 0.35083333333333333 0.26666666666666666 0.06833333333333333
0 0.2816666666666667 0.42916666666666664 0.09 0.07166666666666667
5 0.8116666666666666 0.44083333333333335 0.2966666666666667 0.06666666666666667
5 0.24833333333333332 0.66 0.2 0.06333333333333334
5 0.26416666666666666 0.49666666666666665 0.31833333333333336 0.04
5 0.26166666666666666 0.8108333333333333 0.33 0.05333333333333334
5 0.24083333333333334 0.95 0.22666666666666666 0.04666666666666667
5 0.14333333333333334 0.7433333333333333 0.16333333333333333 0.05333333333333334
5 0.575 0.49916666666666665 0.15 0.051666666666666666