0 0.22416666666666665 0.46416666666666667 0.10416666666666667 0.10916666666666666
0 0.5116666666666667 0.49666666666666665 0.09666666666666666 0.0975
0 0.8075 0.3566666666666667 0.16166666666666665 0.30666666666666664
0 0.6875 0.7433333333333333 0.14916666666666667 0.30583333333333335
4 0.09916666666666667 0.4683333333333333 0.18916666666666668 0.23
1 0.44027844499999996 0.59301878 0.510026195 0.34496921 0.30861152833333333 0.32559645 0.24847213333333334 0.578427665 0.44027844499999996 0.59301878
1 0.825983575 0.012615195000000001 0.825950455 0 0.7611181466666667 0.23634620833333334 0.9557143266666667 0.224997585 1 0.019100145 0.825983575 0.012615195000000001
1 0.7883197266666666 0.7162329883333334 0.7954307483333333 0.721636955 0.7332190466666666 0.975631245 0.9257227733333334 0.975631245 0.9864034 0.7065055166666666 0.7883197266666666 0.7162329883333334
2 0.625110035 0.31092321333333334 0.6314963216666666 0.322528365 0.5504799116666667 0.486017025 0.63138729 0.6303073283333334 0.7381013683333333 0.48115332000000005 0.625110035 0.31092321333333334
5 0.0875 0.46166666666666667 0.12416666666666666 0.14916666666666667
5 0.37416666666666665 0.4866666666666667 0.15083333333333335 0.14166666666666666
5 0.6391666666666667 0.4925 0.09916666666666667 0.08833333333333333
5 0.805 0.4091666666666667 0.03666666666666667 0.09583333333333334
5 0.8975 0.11 0.12833333333333333 0.17166666666666666
5 0.65 0.6841666666666667 0.016666666666666666 0.09583333333333334
5 0.8625 0.8258333333333333 0.15833333333333333 0.19583333333333333