5 0.4608333333333333 0.04666666666666667 0.49916666666666665 0.0725
5 0.42833333333333334 0.22083333333333333 0.48083333333333333 0.06916666666666667
5 0.4675 0.4266666666666667 0.6633333333333333 0.059166666666666666
5 0.44916666666666666 0.6375 0.6625 0.06583333333333333
5 0.51 0.7966666666666666 0.8308333333333333 0.0675
5 0.45666666666666667 0.9608333333333333 0.4325 0.05416666666666667
0 0.4625 0.12916666666666668 0.09416666666666666 0.08083333333333333
0 0.4075 0.30333333333333334 0.10083333333333333 0.06833333333333333
0 0.4325 0.5366666666666666 0.08 0.09166666666666666
0 0.4191666666666667 0.7158333333333333 0.08833333333333333 0.05416666666666667
0 0.48083333333333333 0.8833333333333333 0.07666666666666666 0.08
4 0.44 0.049166666666666664 0.8775 0.09833333333333333
4 0.49833333333333335 0.9583333333333334 0.8541666666666666 0.0825
3 0.4583333333333333 0.4175 0.775 0.14083333333333334
3 0.46 0.6166666666666667 0.7808333333333334 0.105
1 0.850496135 0.17227855333333333 0.23467590000000002 0.16656656833333333 0.06603780000000001 0.266800105 0.6964059916666666 0.28282071833333333 0.850496135 0.17227855333333333
1 0.981238955 0.7506227 0.141272515 0.7491491499999999 0.024013181666666668 0.837133915 0.8645041033333333 0.84674638 0.981238955 0.7506227