2 0.37666666666666665 0.6422651583333334 0.28136548499999997 0.4583333333333333 0.27982029333333336 0.4583333333333333 0.18010003833333332 0.6285583516666667 0.30765106 0.7601372983333333 0.37666666666666665 0.6423088233333333 0.37666666666666665 0.6422651583333334
2 0.6814205683333334 0.5409610983333334 0.5538695483333334 0.3567505716666667 0.47583833666666664 0.629061785 0.62889956 0.742334095 0.6814205683333334 0.5409610983333334
2 0.985 0.4117053133333333 0.8436849616666667 0.2733333333333333 0.8426795416666667 0.2733333333333333 0.75289916 0.5311803966666666 0.9164645866666666 0.6902192983333333 0.985 0.41416975666666667 0.985 0.4117053133333333
0 0.7191666666666666 0.5366666666666666 0.09333333333333334 0.05333333333333334
0 0.14416666666666667 0.6216666666666667 0.075 0.045
0 0.385 0.8675 0.18333333333333332 0.18166666666666667
0 0.7558333333333334 0.8983333333333333 0.37166666666666665 0.09333333333333334
0 0.9033333333333333 0.8091666666666667 0.12 0.245
0 0.6641666666666667 0.19833333333333333 0.3016666666666667 0.30666666666666664
0 0.6891666666666667 0.10416666666666667 0.26166666666666666 0.058333333333333334
0 0.8466666666666667 0.20333333333333334 0.06333333333333334 0.11666666666666667
0 0.4325 0.6325 0.10833333333333334 0.065
4 0.049166666666666664 0.6216666666666667 0.095 0.17333333333333334
4 0.8625 0.07416666666666667 0.09333333333333334 0.13166666666666665
5 0.08833333333333333 0.6796501183333333 0.08833333333333333 0.65363844 0.08399497166666667 0.585 0.08033263166666667 0.585 0.016444578333333335 0.5914950416666667 0.020935551666666666 0.6816666666666666 0.027504011666666668 0.6816666666666666 0.08833333333333333 0.6796501183333333
5 0.2841666666666667 0.62 0.09833333333333333 0.18
5 0.26916666666666667 0.8408333333333333 0.04666666666666667 0.04833333333333333
5 0.7325 0.5025 0.08166666666666667 0.07166666666666667
5 0.8591666666666666 0.07583333333333334 0.06833333333333333 0.09166666666666666
5 0.8625 0.4608333333333333 0.09166666666666666 0.29833333333333334
5 0.8533333333333334 0.8041666666666667 0.06666666666666667 0.055
5 0.5308333333333334 0.895 0.06 0.16333333333333333
4 0.5233333333333333 0.89 0.09333333333333334 0.2
5 0.5808333333333333 0.5866666666666667 0.10166666666666667 0.26