2 0.8567629183333334 0.4006602633333334 0.733282675 0.49819928 0.868161095 0.56722689 0.9840425533333333 0.48169267666666665 0.8567629183333334 0.4006602633333334
0 0.8425 0.27416666666666667 0.035833333333333335 0.245
0 0.5458333333333333 0.49416666666666664 0.405 0.043333333333333335
0 0.18333333333333332 0.625 0.051666666666666666 0.1275
0 0.4575 0.8816666666666667 0.6233333333333333 0.14583333333333334
0 0.8708333333333333 0.7208333333333333 0.055 0.31333333333333335
4 0.8533333333333334 0.0825 0.17083333333333334 0.13166666666666665
4 0.8575 0.9333333333333333 0.165 0.12583333333333332
3 0.1825 0.5083333333333333 0.3491666666666667 0.10666666666666667
3 0.17166666666666666 0.7441666666666666 0.3016666666666667 0.12583333333333332
5 0.17916666666666667 0.49916666666666665 0.165 0.0675
5 0.1575 0.7491666666666666 0.15583333333333332 0.09916666666666667
5 0.9358333333333333 0.6733333333333333 0.10833333333333334 0.06166666666666667
5 0.8675 0.4866666666666667 0.15416666666666667 0.07083333333333333