4 0.44166666666666665 0.045 0.36333333333333334 0.08333333333333333
4 0.6616666666666666 0.9375 0.37666666666666665 0.125
3 0.4925 0.45166666666666666 0.805 0.16333333333333333
0 0.5125 0.5925 0.20166666666666666 0.12
0 0.5516666666666666 0.8208333333333333 0.24333333333333335 0.10833333333333334
0 0.4533333333333333 0.335 0.2 0.11666666666666667
0 0.42583333333333334 0.13833333333333334 0.19333333333333333 0.09666666666666666
5 0.47 0.22333333333333333 0.5066666666666667 0.07
5 0.5141666666666667 0.44333333333333336 0.5216666666666666 0.09666666666666666
5 0.6108333333333333 0.69 0.5883333333333334 0.13666666666666666
1 0.061920970000000006 0.2833333333333333 0.6732846933333334 0.26651144833333335 0.7633333333333333 0.172746475 0.7633333333333333 0.17206693166666667 0.17431302833333334 0.19125846333333332 0.171108245 0.18434934333333333 0.03428227833333333 0.2833333333333333 0.061920970000000006 0.2833333333333333
1 0.11143095833333333 0.775 0.14249798 0.775 0.86009965 0.7413407083333333 0.9810626283333332 0.6148517183333333 0.2702657533333333 0.6673270133333333 0.11143095833333333 0.775