4 0.9558333333333333 0.4558333333333333 0.08833333333333333 0.8666666666666667
4 0.04666666666666667 0.5533333333333333 0.09333333333333334 0.6566666666666666
0 0.8725 0.485 0.09666666666666666 0.3
0 0.6241666666666666 0.44583333333333336 0.10833333333333334 0.18833333333333332
0 0.36916666666666664 0.5191666666666667 0.075 0.26
0 0.1275 0.5991666666666666 0.07333333333333333 0.21
3 0.49916666666666665 0.49583333333333335 0.205 0.8683333333333333
5 0.75 0.5183333333333333 0.12333333333333334 0.29
5 0.49666666666666665 0.5308333333333334 0.14666666666666667 0.36
5 0.25083333333333335 0.5575 0.13166666666666665 0.335
1 0.14333333333333334 0.9177056333333333 0.14333333333333334 0.9324541866666668 0.31116882166666665 0.9433545066666666 0.3131441366666667 0.9370562583333333 0.35441240500000004 0.20888425166666666 0.19705770333333333 0.15 0.19320370333333334 0.15 0.14333333333333334 0.9177056333333333
1 0.6433333333333333 0.8929527116666666 0.6433333333333333 0.910507025 0.80745663 0.8669708233333334 0.804631215 0.84836725 0.8583724549999999 0.1763497 0.7153549016666667 0.17166666666666666 0.6909251883333334 0.17166666666666666 0.6433333333333333 0.8929527116666666