5 0.5041666666666667 0.07333333333333333 0.15 0.07333333333333333
5 0.48083333333333333 0.23166666666666666 0.18833333333333332 0.07
5 0.46416666666666667 0.36 0.17166666666666666 0.08666666666666667
5 0.49583333333333335 0.49666666666666665 0.21 0.08
5 0.8666666666666667 0.49833333333333335 0.16 0.06
5 0.715 0.635 0.043333333333333335 0.04
5 0.49 0.6583333333333333 0.14333333333333334 0.05
5 0.16833333333333333 0.785 0.20333333333333334 0.056666666666666664
5 0.16833333333333333 0.9408333333333333 0.15 0.06833333333333333
0 0.495 0.15083333333333335 0.04666666666666667 0.055
0 0.485 0.28583333333333333 0.03333333333333333 0.045
0 0.4775 0.43416666666666665 0.03833333333333333 0.055
0 0.4791666666666667 0.575 0.055 0.05333333333333334
0 0.19083333333333333 0.8658333333333333 0.06833333333333333 0.065
0 0.6691666666666667 0.48583333333333334 0.165 0.055
4 0.49333333333333335 0.06583333333333333 0.22666666666666666 0.11833333333333333
4 0.17916666666666667 0.9441666666666667 0.22166666666666668 0.09833333333333333
3 0.4841666666666667 0.3566666666666667 0.24666666666666667 0.1
3 0.48583333333333334 0.5008333333333334 0.22 0.10833333333333334
3 0.8716666666666667 0.4925 0.22666666666666666 0.115
1 0.5454215416666667 0.2683333333333333 0.5880826766666667 0.2683333333333333 0.64 0.17935356666666666 0.64 0.17891469166666668 0.388860375 0.19480573166666665 0.345 0.26661962 0.345 0.2670128166666667 0.5454215416666667 0.2683333333333333
1 0.28054932833333335 0.8262125966666667 0.32666666666666666 0.7199532633333333 0.32666666666666666 0.7174168266666666 0.084825885 0.7474402133333333 0.009139758333333333 0.8416666666666667 0.018298748333333333 0.8416666666666667 0.28054932833333335 0.8262125966666667
2 0.5966666666666667 0.6567655133333333 0.5966666666666667 0.6556792383333333 0.47368475 0.6033333333333334 0.47259076833333336 0.6033333333333334 0.35808326166666665 0.6561890699999999 0.48004397000000004 0.7116666666666667 0.48258644333333334 0.7116666666666667 0.5966666666666667 0.6567655133333333
5 0.2833333333333333 0.625 0.02666666666666667 0.03333333333333333
0 0.26 0.6908333333333333 0.20333333333333334 0.08833333333333333
0 0.7408333333333333 0.6158333333333333 0.29833333333333334 0.12166666666666667