5 0.49416666666666664 0.2625 0.5383333333333333 0.06333333333333334
5 0.4008333333333333 0.505 0.505 0.056666666666666664
5 0.5125 0.7033333333333334 0.575 0.056666666666666664
0 0.37583333333333335 0.15416666666666667 0.11166666666666666 0.12333333333333334
0 0.41583333333333333 0.3908333333333333 0.135 0.13166666666666665
0 0.39666666666666667 0.6133333333333333 0.19 0.10666666666666667
0 0.5016666666666667 0.8291666666666667 0.14 0.11833333333333333
3 0.38416666666666666 0.5083333333333333 0.6716666666666666 0.1
4 0.3491666666666667 0.055 0.40166666666666667 0.09
4 0.4841666666666667 0.9458333333333333 0.365 0.095
4 0.015 0.22087526833333332 0.24035704333333333 0.31833333333333336 0.4111691666666667 0.31833333333333336 0.9668794233333333 0.314646245 0.743222935 0.213776975 0.015 0.22016731833333333 0.015 0.22087526833333332
1 0.03166666666666667 0.6639332316666666 0.2933339366666667 0.7683333333333333 0.9886205749999999 0.7683333333333333 0.8144049516666666 0.6645481866666666 0.03166666666666667 0.6635960266666667 0.03166666666666667 0.6639332316666666