3 0.525 0.4375 0.2658333333333333 0.15166666666666667
0 0.7783333333333333 0.47 0.23083333333333333 0.19916666666666666
0 0.31666666666666665 0.4375 0.155 0.058333333333333334
0 0.13833333333333334 0.16833333333333333 0.05416666666666667 0.06916666666666667
4 0.13 0.06416666666666666 0.2575 0.11416666666666667
0 0.12583333333333332 0.3475 0.0575 0.09166666666666666
3 0.11666666666666667 0.4508333333333333 0.2275 0.12166666666666667
1 0.13583333333333333 0.25083333333333335 0.2275 0.08666666666666667
5 0.11666666666666667 0.06 0.14666666666666667 0.06
5 0.14083333333333334 0.24083333333333334 0.16333333333333333 0.06416666666666666
5 0.11666666666666667 0.455 0.1225 0.08833333333333333
5 0.5383333333333333 0.4266666666666667 0.20166666666666666 0.07666666666666666
5 0.8933333333333333 0.6675 0.15833333333333333 0.056666666666666664
5 0.6541666666666667 0.6341666666666667 0.10416666666666667 0.06
5 0.3225 0.6616666666666666 0.08916666666666667 0.050833333333333335
5 0.5183333333333333 0.6841666666666667 0.09416666666666666 0.056666666666666664
5 0.14333333333333334 0.7225 0.16166666666666665 0.07666666666666666
5 0.1325 0.9391666666666667 0.155 0.0525
0 0.5183333333333333 0.5766666666666667 0.0575 0.11583333333333333
0 0.6966666666666667 0.6775 0.15166666666666667 0.034166666666666665
0 0.3358333333333333 0.7166666666666667 0.16666666666666666 0.056666666666666664
0 0.13583333333333333 0.8433333333333334 0.049166666666666664 0.10083333333333333