5 0.295 0.04583333333333333 0.2075 0.05416666666666667
5 0.30083333333333334 0.20583333333333334 0.1875 0.07416666666666667
5 0.2825 0.3908333333333333 0.21666666666666667 0.08833333333333333
5 0.5408333333333334 0.5516666666666666 0.10666666666666667 0.06166666666666667
5 0.8008333333333333 0.5791666666666667 0.3325 0.07916666666666666
5 0.7733333333333333 0.8358333333333333 0.12 0.04666666666666667
5 0.29333333333333333 0.5916666666666667 0.30833333333333335 0.06666666666666667
5 0.335 0.74 0.07166666666666667 0.03916666666666667
5 0.30083333333333334 0.85 0.30916666666666665 0.075
0 0.30583333333333335 0.1225 0.03166666666666667 0.0675
0 0.30083333333333334 0.3025 0.04083333333333333 0.08833333333333333
0 0.29583333333333334 0.4816666666666667 0.04416666666666667 0.0625
0 0.2833333333333333 0.7466666666666667 0.03916666666666667 0.1125
0 0.545 0.5866666666666667 0.15833333333333333 0.028333333333333332
0 0.7866666666666666 0.7175 0.029166666666666667 0.165
4 0.295 0.051666666666666666 0.3125 0.10333333333333333
4 0.7975 0.84 0.30916666666666665 0.0825
3 0.30916666666666665 0.8508333333333333 0.345 0.14416666666666667
3 0.2975 0.3908333333333333 0.27 0.12
1 0.4834183283333333 0.15776519333333333 0.22394726333333334 0.148459385 0.14661230666666666 0.24422460166666668 0.40815442 0.26343774833333333 0.4834183283333333 0.15776519333333333
1 0.9933314283333334 0.53242255 0.65208182 0.522609045 0.577498215 0.6412973183333334 0.936883495 0.6541062249999999 0.9933314283333334 0.53242255
2 0.2877321366666667 0.500400555 0.08280400333333333 0.5906362566666666 0.289613705 0.6989368816666667 0.47777347833333333 0.5868599033333334 0.2877321366666667 0.500400555
0 0.312192965 0.9150853433333332 0.2877321366666667 0.9118831933333333 0.2858505666666667 0.9743261049999999 0.03747958166666667 0.9583151083333333 0.026190023333333333 0.6044720366666667 0.09957236333333333 0.6092753233333333 0.09221355333333332 0.578631455 0 0.5852588283333333 0.011137328333333333 0.9759271816666668 0.3065481133333333 0.9951403283333333 0.312192965 0.9150853433333332