4 0.7658333333333334 0.08166666666666667 0.24166666666666667 0.16333333333333333
0 0.375 0.6808333333333333 0.39 0.4216666666666667
0 0.7591666666666667 0.7391666666666666 0.11166666666666666 0.25833333333333336
0 0.7666666666666667 0.38666666666666666 0.06 0.08
0 0.7366666666666667 0.1825 0.04 0.075
5 0.7516666666666667 0.5233333333333333 0.24666666666666667 0.09
5 0.725 0.2866666666666667 0.32666666666666666 0.09
5 0.7783333333333333 0.09083333333333334 0.2 0.12
5 0.765 0.9225 0.2633333333333333 0.085
5 0.8508333333333333 0.7175 0.09833333333333333 0.10166666666666667
5 0.14416666666666667 0.7058333333333333 0.08833333333333333 0.10833333333333334
5 0.22416666666666665 0.9491666666666667 0.2916666666666667 0.07166666666666667
1 1 0.34921033 0.8672946683333334 0.21090332833333333 0.45666666666666667 0.21721711833333335 0.45666666666666667 0.21839068833333333 0.5965498133333333 0.3516666666666667 0.7694989816666666 0.3516666666666667 1 0.34936972833333335 1 0.34921033
2 0.5766666666666667 0.51582982 0.7529134816666666 0.62 0.7599486533333334 0.62 0.8894331533333334 0.5695988533333334 0.9366666666666666 0.5219490916666667 0.9366666666666666 0.5213193266666667 0.7654170583333333 0.420997195 0.5766666666666667 0.5153036083333333 0.5766666666666667 0.51582982
1 0.57 0.8726394850000001 0.66018546 0.985 0.6775091683333333 0.985 0.9867550416666667 0.9736078116666665 0.9223296416666666 0.85877604 0.57 0.8714726533333333 0.57 0.8726394850000001
1 0.0016666666666666668 0.8823329866666667 0.049165895 0.99 0.13944942500000002 0.99 0.4696036 0.982121915 0.39949920333333333 0.8742880566666665 0.0016666666666666668 0.8800048883333333 0.0016666666666666668 0.8823329866666667