5 0.04416666666666667 0.2875 0.065 0.095
5 0.15 0.3333333333333333 0.06333333333333334 0.18666666666666668
5 0.2633333333333333 0.31666666666666665 0.06 0.19333333333333333
5 0.38166666666666665 0.29 0.05 0.09
5 0.3541666666666667 0.3875 0.043333333333333335 0.03166666666666667
5 0.5016666666666667 0.4033333333333333 0.04 0.03666666666666667
5 0.5258333333333334 0.495 0.03833333333333333 0.08666666666666667
5 0.49 0.6625 0.043333333333333335 0.045
5 0.67 0.13083333333333333 0.05333333333333334 0.17833333333333334
5 0.6966666666666667 0.4033333333333333 0.06666666666666667 0.23666666666666666
5 0.6216666666666667 0.835 0.12333333333333334 0.23
5 0.7858333333333334 0.8275 0.12 0.21333333333333335
5 0.9558333333333333 0.3333333333333333 0.05333333333333334 0.10666666666666667
0 0.095 0.30916666666666665 0.03333333333333333 0.028333333333333332
0 0.20583333333333334 0.31083333333333335 0.03833333333333333 0.03
0 0.32 0.28583333333333333 0.04 0.028333333333333332
0 0.8183333333333334 0.3516666666666667 0.19333333333333333 0.04
0 0.6883333333333334 0.8325 0.04 0.028333333333333332
0 0.52 0.7091666666666666 0.03333333333333333 0.2783333333333333
4 0.045 0.2925 0.09 0.15166666666666667
4 0.9525 0.3308333333333333 0.08166666666666667 0.16333333333333333
3 0.2608333333333333 0.31166666666666665 0.10166666666666667 0.23333333333333334
0 0.4109249133333333 0.22666666666666666 0.40934190833333334 0.12801132499999998 0.63 0.13946565833333333 0.63 0.1354331433333333 0.6285609966666666 0.099354575 0.38854011 0.11425603166666666 0.388372395 0.2221027783333333 0.40665523833333334 0.22666666666666666 0.4109249133333333 0.22666666666666666
0 0.4666666666666667 0.48507013833333334 0.39000210333333335 0.48955335333333333 0.3931979683333333 0.35333333333333333 0.38923658 0.35333333333333333 0.36623861166666666 0.35441269833333333 0.370776985 0.5116666666666667 0.4666666666666667 0.5116666666666667 0.4666666666666667 0.48507013833333334
0 0.9645949633333334 0.25 0.9614019183333333 0.10475061333333334 0.7003219183333333 0.09708990833333334 0.6989790583333333 0.11392071999999999 0.9325993616666667 0.12194466333333333 0.9309992483333334 0.24688810833333336 0.9614080833333333 0.25 0.9645949633333334 0.25
0 0.5415559083333333 0.43 0.5447085700000001 0.37918455333333334 0.6516666666666666 0.39176395666666664 0.6516666666666666 0.36083987833333336 0.5175062516666668 0.35855165833333336 0.5157016266666666 0.4257395666666666 0.5375724916666667 0.43 0.5415559083333333 0.43
1 0.6783333333333333 0.9118620650000001 0.6711904966666666 0.659091365 0.54477935 0.7324525733333334 0.5303781333333333 0.8734438166666666 0.5479796416666667 0.9960946683333333 0.6783333333333333 0.9425722466666667 0.6783333333333333 0.9118620650000001
1 0.7174784200000001 0.9833333333333333 0.855 0.9217618133333334 0.855 0.90311345 0.8367902883333332 0.6476810533333334 0.70427515 0.7263191083333334 0.71543708 0.9833333333333333 0.7174784200000001 0.9833333333333333
0 0.8404546133333333 0.84 0.9726430816666668 0.8287268999999999 0.9866666666666667 0.42354346833333334 0.9866666666666667 0.41262134 0.94845028 0.4116666666666667 0.9463120033333333 0.4116666666666667 0.9390401833333334 0.81497152 0.8350311316666666 0.82184921 0.8381982783333334 0.84 0.8404546133333333 0.84
1 0.109972465 0.45666666666666667 0.18850869666666667 0.4231261433333333 0.19650939333333334 0.19271932333333333 0.10841437500000001 0.22950721333333335 0.10532857166666666 0.45666666666666667 0.109972465 0.45666666666666667
1 0.6796679783333334 0.5466666666666666 0.7383333333333333 0.50140728 0.7383333333333333 0.46900221666666664 0.722815095 0.23958939833333331 0.644167065 0.2838357616666667 0.6778474183333334 0.5466666666666666 0.6796679783333334 0.5466666666666666
1 0.6381973116666667 0.27166666666666667 0.7216666666666667 0.20284534 0.7216666666666667 0.19790432833333335 0.6919470050000001 0.007410781666666666 0.6237056433333333 0.04503299166666666 0.6375094116666666 0.27166666666666667 0.6381973116666667 0.27166666666666667
2 0.33166666666666667 0.2913229533333333 0.38311403166666663 0.35833333333333334 0.38439235833333335 0.35833333333333334 0.45166666666666666 0.280999135 0.45166666666666666 0.2790689983333333 0.3986524083333333 0.22 0.3980161683333333 0.22 0.33166666666666667 0.28954135833333333 0.33166666666666667 0.2913229533333333
2 0.5284747716666667 0.575 0.5866666666666667 0.4837385116666667 0.5866666666666667 0.48242454333333334 0.5310757899999999 0.435 0.5301937066666667 0.435 0.4639985833333334 0.5023746766666667 0.5273602316666667 0.575 0.5284747716666667 0.575