4 0.12916666666666668 0.35083333333333333 0.25083333333333335 0.20083333333333334
4 0.8325 0.9391666666666667 0.25083333333333335 0.10166666666666667
5 0.12166666666666667 0.35 0.1225 0.09416666666666666
5 0.5483333333333333 0.3516666666666667 0.1325 0.07083333333333333
5 0.7408333333333333 0.0825 0.08583333333333333 0.05416666666666667
5 0.9125 0.34 0.09 0.07333333333333333
5 0.8558333333333333 0.5508333333333333 0.08 0.07666666666666666
5 0.8675 0.7225 0.1225 0.0825
5 0.8333333333333334 0.9441666666666667 0.08666666666666667 0.0525
0 0.355 0.3491666666666667 0.19166666666666668 0.04833333333333333
0 0.7358333333333333 0.34833333333333333 0.17166666666666666 0.049166666666666664
0 0.9141666666666667 0.5458333333333333 0.03 0.18333333333333332
0 0.8458333333333333 0.845 0.03833333333333333 0.08583333333333333
0 0.59 0.155 0.04 0.22083333333333333
1 0.502145085 0.25494901 0.434867395 0.43641271666666664 0.6289001566666667 0.4169166166666667 0.6620514816666666 0.25944811 0.502145085 0.25494901
1 0.8083073316666667 0.6568686266666667 0.7400546016666667 0.7948410316666668 0.912636505 0.8038392316666667 0.98673947 0.6478704266666667 0.8083073316666667 0.6568686266666667
2 0.903861155 0.22495500833333335 0.8278081116666667 0.35092981333333334 0.90873635 0.4544091183333333 1 0.355428915 0.903861155 0.22495500833333335