4 0.15416666666666667 0.055 0.2075 0.10666666666666667
4 0.2425 0.9025 0.2175 0.09166666666666666
0 0.14833333333333334 0.17166666666666666 0.055 0.12416666666666666
0 0.21083333333333334 0.5008333333333334 0.06 0.09416666666666666
0 0.47583333333333333 0.62 0.2325 0.05416666666666667
0 0.22666666666666666 0.7983333333333333 0.075 0.11666666666666667
0 0.4925 0.8916666666666667 0.2725 0.03916666666666667
0 0.7883333333333333 0.7566666666666667 0.055 0.13333333333333333
3 0.23333333333333334 0.3375 0.42333333333333334 0.18333333333333332
5 0.14916666666666667 0.059166666666666666 0.13416666666666666 0.04083333333333333
5 0.24916666666666668 0.335 0.3441666666666667 0.13083333333333333
5 0.2225 0.6316666666666667 0.14416666666666667 0.08416666666666667
5 0.7683333333333333 0.6158333333333333 0.30916666666666665 0.12166666666666667
5 0.8083333333333333 0.9025 0.3458333333333333 0.08583333333333333
5 0.23333333333333334 0.9125 0.17583333333333334 0.06916666666666667
3 0.9598662199999999 0.5132052816666666 0.593645485 0.5432172866666666 0.60535117 0.7037815133333334 0.95819398 0.6632653066666666 0.9598662199999999 0.5132052816666666
3 0.62374582 0.841836735 0.62541806 0.99789916 0.9849498333333334 0.9573829533333332 0.9832775916666666 0.7923169266666666 0.62374582 0.841836735
2 0.08026755833333334 0.6362545016666666 0.20401337833333333 0.7442977183333332 0.3729096983333334 0.6377551016666666 0.20735786 0.532713085 0.08026755833333334 0.6362545016666666
5 0.46 0.58 0.08333333333333333 0.058333333333333334
5 0.2658333333333333 0.81 0.07 0.06333333333333334