5 0.4791666666666667 0.20583333333333334 0.17166666666666666 0.051666666666666666
5 0.4683333333333333 0.3825 0.27666666666666667 0.08833333333333333
5 0.25166666666666665 0.5591666666666667 0.05333333333333334 0.035
5 0.4875 0.5941666666666666 0.12833333333333333 0.051666666666666666
5 0.885 0.69 0.10333333333333333 0.06
5 0.45166666666666666 0.8558333333333333 0.42333333333333334 0.051666666666666666
5 0.12166666666666667 0.9525 0.22 0.04833333333333333
0 0.4691666666666667 0.11666666666666667 0.041666666666666664 0.08666666666666667
0 0.49 0.2825 0.04 0.07333333333333333
0 0.4675 0.475 0.051666666666666666 0.09333333333333334
0 0.45916666666666667 0.7341666666666666 0.05333333333333334 0.155
4 0.46416666666666667 0.041666666666666664 0.11166666666666666 0.07666666666666666
3 0.4683333333333333 0.37333333333333335 0.33 0.13333333333333333
3 0.8683333333333333 0.685 0.25 0.09333333333333334
3 0.4475 0.8516666666666667 0.4683333333333333 0.11333333333333333
0 0.7516666666666667 0.6033333333333334 0.3233333333333333 0.05333333333333334
0 0.2125 0.7441666666666666 0.18333333333333332 0.31166666666666665
0 0.6491666666666667 0.8608333333333333 0.5066666666666667 0.245
1 0.325 0.15784714833333333 0.38688565166666666 0.24274787833333333 0.6452835133333333 0.26166666666666666 0.6487186349999999 0.26166666666666666 0.5492935233333334 0.16228626833333334 0.329032725 0.155 0.325 0.155 0.325 0.15784714833333333
1 0.011666666666666667 0.9104177333333333 0.053315441666666664 0.9825968 0.26638883333333335 0.9883333333333333 0.29057762000000004 0.9883333333333333 0.2500952316666667 0.9071185133333334 0.011666666666666667 0.9074329999999999 0.011666666666666667 0.9104177333333333
2 0.30833333333333335 0.6066635933333333 0.4575766066666667 0.6566666666666666 0.46127266 0.6566666666666666 0.5841102966666667 0.5884493316666667 0.4730813233333333 0.5263063283333334 0.30833333333333335 0.6056925316666667 0.30833333333333335 0.6066635933333333