5 0.685 0.1625 0.06333333333333334 0.125
5 0.6816666666666666 0.5375 0.12666666666666668 0.16833333333333333
5 0.38916666666666666 0.13083333333333333 0.065 0.17166666666666666
5 0.4325 0.3475 0.051666666666666666 0.045
5 0.4116666666666667 0.5683333333333334 0.06 0.1
5 0.38916666666666666 0.9175 0.055 0.07166666666666667
5 0.1175 0.6041666666666666 0.065 0.3016666666666667
5 0.23 0.5025 0.05333333333333334 0.03166666666666667
0 0.8233333333333334 0.15416666666666667 0.17333333333333334 0.045
0 0.685 0.33666666666666667 0.043333333333333335 0.15666666666666668
0 0.5416666666666666 0.555 0.15666666666666668 0.03666666666666667
0 0.4091666666666667 0.42583333333333334 0.005 0.005
0 0.38166666666666665 0.3541666666666667 0.043333333333333335 0.23166666666666666
0 0.255 0.5725 0.16666666666666666 0.035
0 0.41083333333333333 0.76 0.05 0.19
4 0.9475 0.15916666666666668 0.105 0.07833333333333334
3 0.6841666666666667 0.545 0.16333333333333333 0.24333333333333335
3 0.1 0.6058333333333333 0.17333333333333334 0.36833333333333335
3 0.395 0.92 0.12 0.15333333333333332
1 0.6418292916666667 0.23601684833333333 0.743733285 0.28 0.7457642800000001 0.28 0.7315704016666668 0.10587861333333334 0.6348927766666667 0.058333333333333334 0.63385209 0.058333333333333334 0.6418292916666667 0.23601684833333333
2 0.3283333333333333 0.5648122883333334 0.3283333333333333 0.56849584 0.42357910833333334 0.68 0.424781035 0.68 0.48672456999999997 0.5638754866666666 0.41992075 0.465 0.419126995 0.465 0.3283333333333333 0.5648122883333334
1 0.3441772166666667 0.20685932833333331 0.44725261 0.25 0.448181005 0.25 0.4456015133333333 0.06277166833333334 0.33166666666666667 0.011099696666666665 0.33166666666666667 0.015412383333333333 0.3441772166666667 0.20685932833333331
0 0.2225 0.8775 0.265 0.18