4 0.95 0.5925 0.1 0.18166666666666667
0 0.9408333333333333 0.3375 0.08833333333333333 0.35
0 0.825 0.8208333333333333 0.30666666666666664 0.26166666666666666
0 0.5158333333333334 0.8175 0.125 0.14833333333333334
0 0.48833333333333334 0.4375 0.08 0.20166666666666666
0 0.5833333333333334 0.185 0.06666666666666667 0.22333333333333333
0 0.7525 0.13166666666666665 0.07833333333333334 0.07333333333333333
0 0.8183333333333334 0.5941666666666666 0.17 0.06833333333333333
0 0.4 0.6333333333333333 0.07 0.056666666666666664
0 0.23833333333333334 0.6308333333333334 0.06666666666666667 0.06833333333333333
0 0.1075 0.6241666666666666 0.05333333333333334 0.055
3 0.31583333333333335 0.6358333333333334 0.12666666666666668 0.23166666666666666
4 0.05 0.6266666666666667 0.09333333333333334 0.19666666666666666
5 0.051666666666666666 0.6283333333333333 0.056666666666666664 0.10666666666666667
5 0.16583333333333333 0.6266666666666667 0.055 0.14666666666666667
5 0.31333333333333335 0.6266666666666667 0.06 0.17666666666666667
5 0.435 0.4675 0.05333333333333334 0.1
5 0.5391666666666667 0.21083333333333334 0.058333333333333334 0.045
5 0.5658333333333333 0.3858333333333333 0.04666666666666667 0.10166666666666667
5 0.6933333333333334 0.62 0.06666666666666667 0.18666666666666668
5 0.6241666666666666 0.8883333333333333 0.058333333333333334 0.15333333333333332
5 0.4816666666666667 0.6475 0.06 0.115
5 0.9483333333333334 0.6058333333333333 0.056666666666666664 0.125
5 0.8391666666666666 0.20166666666666666 0.10166666666666667 0.25
5 0.6725 0.18166666666666667 0.08166666666666667 0.25
5 0.55 0.5275 0.056666666666666664 0.07333333333333333
5 0.4425 0.8183333333333334 0.065 0.05
1 0.117551705 0.515 0.11596917 0.515 0.12271420666666666 0.6828783983333333 0.12367552833333333 0.6870927649999999 0.20268924333333332 0.7524955383333333 0.20833333333333334 0.5930655566666667 0.20833333333333334 0.56048068 0.117551705 0.515
1 0.5687633983333333 0.77 0.5660684783333334 0.94965588 0.6866666666666666 0.9976353366666666 0.6866666666666666 0.9413376833333332 0.683992835 0.83217939 0.5701365233333333 0.77 0.5687633983333333 0.77
1 0.6422275116666666 0.5116666666666667 0.6487087616666667 0.7101073083333334 0.7343640983333333 0.7488069733333333 0.74 0.5795888183333333 0.74 0.5449093383333333 0.6454991666666667 0.5116666666666667 0.6422275116666666 0.5116666666666667
1 0.7797593850000001 0.043333333333333335 0.775184165 0.043333333333333335 0.7765057200000001 0.322661935 0.8935942133333333 0.38333333333333336 0.8944899316666666 0.38333333333333336 0.9116666666666666 0.077964405 0.9116666666666666 0.070421205 0.7797593850000001 0.043333333333333335
1 0.6233962616666666 0 0.6166666666666667 0.28813829333333335 0.6166666666666667 0.29007179166666663 0.6187905733333333 0.29643774166666664 0.7223540633333333 0.3675950533333333 0.7283333333333334 0.10066559166666667 0.7283333333333334 0.06453570333333333 0.6238006233333333 0 0.6233962616666666 0
2 0.57392347 0.2916666666666667 0.57196992 0.2916666666666667 0.5038248616666666 0.3880045066666667 0.49823351000000005 0.3821273783333334 0.57160032 0.4817198033333333 0.6366666666666667 0.3859798683333333 0.6366666666666667 0.3820385883333333 0.57392347 0.2916666666666667
2 0.41 0.6380480416666666 0.41 0.63844208 0.49193639666666666 0.7615800566666667 0.5533333333333333 0.6350278183333333 0.5533333333333333 0.6317468916666666 0.47778668166666666 0.5283333333333333 0.47639552166666665 0.5283333333333333 0.41 0.6380480416666666
0 0.6075 0.545 0.08166666666666667 0.17666666666666667