4 0.635 0.04416666666666667 0.21333333333333335 0.085
4 0.9133333333333333 0.7458333333333333 0.15666666666666668 0.06333333333333334
0 0.6325 0.12833333333333333 0.05 0.06333333333333334
0 0.5583333333333333 0.40166666666666667 0.06333333333333334 0.11666666666666667
0 0.22083333333333333 0.6208333333333333 0.15166666666666667 0.26
0 0.2325 0.4275 0.405 0.48833333333333334
0 0.855 0.8358333333333333 0.2 0.12333333333333334
0 0.16333333333333333 0.8083333333333333 0.24333333333333335 0.14333333333333334
5 0.6416666666666667 0.04583333333333333 0.14333333333333334 0.04833333333333333
5 0.6 0.2525 0.21 0.11166666666666666
5 0.5216666666666666 0.5675 0.32 0.095
5 0.08083333333333333 0.7133333333333334 0.125 0.03333333333333333
5 0.175 0.6283333333333333 0.05333333333333334 0.056666666666666664
5 0.051666666666666666 0.42083333333333334 0.08333333333333333 0.10166666666666667
5 0.5091666666666667 0.8708333333333333 0.3516666666666667 0.115
5 0.4525 0.7433333333333333 0.043333333333333335 0.07666666666666666
5 0.8425 0.9091666666666667 0.08833333333333333 0.055
2 0.43333333333333335 0.23596742999999998 0.54275803 0.345 0.54857681 0.345 0.8066666666666666 0.26247494 0.8066666666666666 0.26219827333333334 0.6423087166666667 0.16933773333333332 0.43333333333333335 0.23517340166666667 0.43333333333333335 0.23596742999999998
2 0.29333333333333333 0.5254084133333333 0.3613888883333333 0.6058093233333334 0.48710541166666665 0.6983333333333334 0.48860861499999997 0.6983333333333334 0.5726330666666667 0.64482493 0.6957202250000001 0.6028081233333333 0.7639171650000001 0.5457853133333334 0.5609896866666667 0.4677541016666667 0.29333333333333333 0.5229044483333333 0.29333333333333333 0.5254084133333333
2 0.28 0.8334216466666667 0.3564238183333333 0.9053021200000001 0.44720298833333333 0.9916666666666667 0.4488362166666667 0.9916666666666667 0.48117431666666666 0.9683273316666666 0.5992714566666667 0.923309325 0.752298735 0.860284115 0.5194311366666666 0.7927571033333334 0.4711942783333333 0.800260105 0.28 0.83148638 0.28 0.8334216466666667