4 0.9483333333333334 0.715 0.08333333333333333 0.31333333333333335
4 0.043333333333333335 0.7241666666666666 0.06666666666666667 0.22166666666666668
5 0.9508333333333333 0.7125 0.055 0.24166666666666667
5 0.7566666666666667 0.7358333333333333 0.05 0.365
5 0.5816666666666667 0.7266666666666667 0.05 0.4066666666666667
5 0.4141666666666667 0.72 0.03833333333333333 0.24666666666666667
5 0.43166666666666664 0.4275 0.043333333333333335 0.14166666666666666
5 0.3975 0.16416666666666666 0.07166666666666667 0.22
5 0.3075 0.8533333333333334 0.065 0.15
5 0.19416666666666665 0.7758333333333334 0.056666666666666664 0.3416666666666667
5 0.045 0.725 0.04 0.17666666666666667
3 0.5916666666666667 0.72 0.07 0.45666666666666667
3 0.4041666666666667 0.16416666666666666 0.09333333333333334 0.29833333333333334
0 0.8541666666666666 0.72 0.115 0.07
0 0.6675 0.6875 0.07666666666666666 0.056666666666666664
0 0.4925 0.7266666666666667 0.085 0.06
0 0.29333333333333333 0.7525 0.09666666666666666 0.07833333333333334
0 0.12666666666666668 0.7316666666666667 0.08333333333333333 0.08666666666666667
0 0.5441666666666667 0.29833333333333334 0.16333333333333333 0.3433333333333333
0 0.395 0.4191666666666667 0.05333333333333334 0.23166666666666666
2 0.42427344166666664 0.94 0.4557092833333333 0.7053093766666667 0.4076900766666667 0.5191666666666667 0.34833333333333333 0.7543715966666666 0.34833333333333333 0.7586161116666666 0.4239577466666667 0.94 0.42427344166666664 0.94
1 0.72 0.9284066816666666 0.795439255 0.975 0.7983333333333333 0.975 0.7983333333333333 0.938131635 0.7929041616666667 0.5686616683333333 0.7959053616666667 0.54539383 0.72237595 0.4807609466666667 0.72 0.834841435 0.72 0.9284066816666666
1 0.23587255833333334 0.985 0.23437275 0.5948233366666666 0.15833333333333333 0.5177616733333333 0.15833333333333333 0.5660648699999999 0.16234393833333333 0.9645234383333333 0.23514112 0.985 0.23587255833333334 0.985