4 0.8633333333333333 0.30333333333333334 0.24666666666666667 0.14666666666666667
4 0.12416666666666666 0.9216666666666666 0.225 0.14333333333333334
5 0.885 0.31833333333333336 0.17666666666666667 0.07333333333333333
5 0.5291666666666667 0.30666666666666664 0.19833333333333333 0.09333333333333334
5 0.15 0.30416666666666664 0.13 0.07833333333333334
5 0.0625 0.465 0.115 0.06333333333333334
5 0.14583333333333334 0.6291666666666667 0.20333333333333334 0.07833333333333334
5 0.10916666666666666 0.9166666666666666 0.13833333333333334 0.08
5 0.3425 0.04 0.165 0.08
0 0.7083333333333334 0.305 0.10666666666666667 0.06333333333333334
0 0.3308333333333333 0.15583333333333332 0.3883333333333333 0.14833333333333334
0 0.32666666666666666 0.3025 0.11 0.06833333333333333
0 0.13166666666666665 0.4791666666666667 0.06333333333333334 0.13333333333333333
0 0.13666666666666666 0.7908333333333334 0.08833333333333333 0.14833333333333334
2 0.013333333333333334 0.31416127166666663 0.12081205166666666 0.438180455 0.30552417666666665 0.3229684033333334 0.16447599 0.1988347983333333 0.013333333333333334 0.31023797333333336 0.013333333333333334 0.31416127166666663
1 0.3416666666666667 0.203458465 0.4078418133333333 0.39166666666666666 0.42289353166666666 0.39166666666666666 0.6911348199999999 0.36586434333333334 0.631443605 0.20613729 0.6363581783333333 0.20584765333333332 0.3416666666666667 0.20106087333333333 0.3416666666666667 0.203458465
1 0.006666666666666667 0.5421835083333334 0.078068025 0.7416666666666667 0.10489910666666667 0.7416666666666667 0.3118935583333333 0.7260373266666666 0.23207236833333336 0.5342070666666667 0.23291324 0.526016425 0.006666666666666667 0.537130235 0.006666666666666667 0.5421835083333334