5 0.9475 0.36916666666666664 0.06833333333333333 0.16833333333333333
5 0.7825 0.3541666666666667 0.05 0.215
5 0.6583333333333333 0.35583333333333333 0.05 0.16
5 0.6141666666666666 0.3475 0.035 0.18833333333333332
5 0.47 0.2875 0.06333333333333334 0.355
5 0.36083333333333334 0.5708333333333333 0.065 0.09833333333333333
5 0.31166666666666665 0.8625 0.056666666666666664 0.24166666666666667
5 0.3441666666666667 0.285 0.055 0.21666666666666667
5 0.25916666666666666 0.17416666666666666 0.065 0.11
5 0.175 0.2658333333333333 0.056666666666666664 0.2866666666666667
5 0.05416666666666667 0.2725 0.06166666666666667 0.185
0 0.8658333333333333 0.3433333333333333 0.07166666666666667 0.08333333333333333
0 0.7158333333333333 0.3516666666666667 0.06833333333333333 0.07666666666666666
0 0.55 0.33416666666666667 0.07333333333333333 0.055
0 0.4191666666666667 0.31666666666666665 0.051666666666666666 0.056666666666666664
0 0.24416666666666667 0.28 0.07666666666666666 0.06
0 0.11166666666666666 0.26916666666666667 0.056666666666666664 0.065
0 0.32166666666666666 0.5625 0.02666666666666667 0.2683333333333333
4 0.9458333333333333 0.35833333333333334 0.09833333333333333 0.27
4 0.045 0.25333333333333335 0.08666666666666667 0.35
3 0.6391666666666667 0.32083333333333336 0.10833333333333334 0.385
3 0.48083333333333333 0.2916666666666667 0.09833333333333333 0.4266666666666667
1 0.827752835 0.18333333333333332 0.7486863483333334 0.24629497166666667 0.74 0.5028012516666667 0.74 0.5292765316666667 0.82088726 0.45319776 0.8287653183333333 0.18333333333333332 0.827752835 0.18333333333333332
1 0.21392032166666666 0.016666666666666666 0.13259909333333333 0.07697973333333334 0.12333333333333334 0.4458993766666667 0.12333333333333334 0.5220300333333334 0.204977 0.46089287 0.21429822333333334 0.016666666666666666 0.21392032166666666 0.016666666666666666
2 0.32890501666666666 0.08166666666666667 0.2733333333333333 0.258676785 0.2733333333333333 0.259042695 0.32614857 0.456584935 0.40287528 0.31742421333333337 0.32979449833333335 0.08166666666666667 0.32890501666666666 0.08166666666666667
0 0.45299431999999995 0.49666666666666665 0.4418331766666666 0.8331316733333334 0.36833333333333335 0.8362448616666667 0.36833333333333335 0.8778709516666667 0.4594558266666667 0.9192441366666666 0.489297545 0.51698911 0.4557036066666667 0.49666666666666665 0.45299431999999995 0.49666666666666665
3 0.3572168566666667 0.7033333333333334 0.26537828 0.7250252150000001 0.25897013333333335 0.9929310066666667 0.3709513383333334 0.9718661933333334 0.359926005 0.7033333333333334 0.3572168566666667 0.7033333333333334