4 0.46166666666666667 0.055 0.465 0.10083333333333333
4 0.44 0.94 0.6566666666666666 0.10333333333333333
0 0.475 0.15166666666666667 0.07416666666666667 0.08666666666666667
0 0.49166666666666664 0.36916666666666664 0.09416666666666666 0.105
0 0.5125 0.665 0.11416666666666667 0.17083333333333334
0 0.475 0.8633333333333333 0.060833333333333336 0.0675
5 0.48333333333333334 0.0525 0.32666666666666666 0.045
5 0.5208333333333334 0.25416666666666665 0.5158333333333334 0.043333333333333335
5 0.5208333333333334 0.5025 0.3466666666666667 0.04833333333333333
5 0.7616666666666667 0.655 0.4241666666666667 0.07666666666666666
5 0.5258333333333334 0.785 0.66 0.050833333333333335
5 0.42583333333333334 0.935 0.435 0.07166666666666667
1 0.21563342333333332 0.19957983166666668 0.08423180666666667 0.30012004833333333 0.7951482483333333 0.30912364999999997 0.9467654983333333 0.21008403333333334 0.21563342333333332 0.19957983166666668
2 0.49865229166666664 0.4216686666666667 0.2594339616666667 0.49969988 0.5154986516666666 0.5852340933333333 0.8018867916666667 0.5177070833333334 0.49865229166666664 0.4216686666666667