2 0.7519980666666667 0.7016666666666667 0.8310023 0.480820385 0.7455193966666667 0.37982598 0.6533333333333333 0.518468245 0.6533333333333333 0.5211376183333333 0.75079402 0.7016666666666667 0.7519980666666667 0.7016666666666667
2 0.4659376683333333 0.7766666666666666 0.5597790433333334 0.5251186033333334 0.48179464166666663 0.3697425933333333 0.36666666666666664 0.5602776133333333 0.36666666666666664 0.5616219216666667 0.4645176466666666 0.7766666666666666 0.4659376683333333 0.7766666666666666
2 0.10035867999999999 0.8233333333333334 0.20908668333333333 0.58415061 0.11610527833333334 0.4380971616666667 0.005 0.60078641 0.005 0.60597232 0.09889577000000001 0.8233333333333334 0.10035867999999999 0.8233333333333334
4 0.9458333333333333 0.4866666666666667 0.08666666666666667 0.2
4 0.4141666666666667 0.12583333333333332 0.08833333333333333 0.23833333333333334
0 0.8616666666666667 0.48333333333333334 0.07 0.03333333333333333
0 0.28 0.5683333333333334 0.15 0.06
0 0.5491666666666667 0.8191666666666667 0.41833333333333333 0.205
0 0.2325 0.0975 0.265 0.11333333333333333
0 0.17 0.8916666666666667 0.19666666666666666 0.14333333333333334
0 0.375 0.8058333333333333 0.20666666666666667 0.07
0 0.6066666666666667 0.5241666666666667 0.09333333333333334 0.04833333333333333
5 0.9466666666666667 0.47583333333333333 0.04666666666666667 0.11666666666666667
5 0.6066666666666667 0.5741666666666667 0.04666666666666667 0.051666666666666666
5 0.41333333333333333 0.12333333333333334 0.05 0.16
5 0.4658333333333333 0.5925 0.09333333333333334 0.2816666666666667
5 0.11333333333333333 0.6416666666666667 0.08666666666666667 0.28
5 0.14333333333333334 0.8566666666666667 0.043333333333333335 0.05333333333333334
5 0.375 0.79 0.03333333333333333 0.06
5 0.30916666666666665 0.9 0.04666666666666667 0.08
5 0.2791666666666667 0.625 0.03833333333333333 0.07
5 0.7625 0.785 0.041666666666666664 0.06333333333333334
5 0.09833333333333333 0.25666666666666665 0.05 0.08
5 0.76 0.545 0.08 0.19