2 0.7572723650000001 0.14333333333333334 0.7587048583333333 0.15284272999999998 0.6802966699999999 0.35112772999999997 0.7331021750000001 0.45204053499999997 0.8196136533333334 0.35707895 0.8131105666666666 0.359979735 0.7573909683333333 0.14333333333333334 0.7572723650000001 0.14333333333333334
3 0.9433333333333334 0.3616666666666667 0.09333333333333334 0.30333333333333334
3 0.30583333333333335 0.325 0.095 0.27666666666666667
3 0.16083333333333333 0.735 0.07833333333333334 0.28
3 0.6958333333333333 0.7991666666666667 0.105 0.38333333333333336
5 0.9558333333333333 0.38666666666666666 0.06833333333333333 0.16
5 0.69 0.7925 0.05333333333333334 0.3566666666666667
5 0.7566666666666667 0.5308333333333334 0.06333333333333334 0.105
5 0.7491666666666666 0.3408333333333333 0.058333333333333334 0.135
5 0.8616666666666667 0.034166666666666665 0.056666666666666664 0.06166666666666667
5 0.2991666666666667 0.30666666666666664 0.07333333333333333 0.21666666666666667
5 0.25666666666666665 0.67 0.05333333333333334 0.06666666666666667
5 0.4191666666666667 0.4675 0.05333333333333334 0.105
5 0.15916666666666668 0.73 0.045 0.24
5 0.415 0.76 0.06333333333333334 0.2866666666666667
0 0.8558333333333333 0.3491666666666667 0.11166666666666666 0.06166666666666667
0 0.5208333333333334 0.33416666666666667 0.35333333333333333 0.10833333333333334
0 0.8583333333333333 0.145 0.22666666666666666 0.15
0 0.58 0.8016666666666666 0.14333333333333334 0.07
0 0.265 0.7383333333333333 0.15333333333333332 0.07666666666666666
0 0.35333333333333333 0.5141666666666667 0.21333333333333335 0.19166666666666668
0 0.12833333333333333 0.5316666666666666 0.25666666666666665 0.48
0 0.7166666666666667 0.5216666666666666 0.04666666666666667 0.17333333333333334