5 0.14083333333333334 0.8808333333333334 0.13166666666666665 0.12166666666666667
5 0.9408333333333333 0.41333333333333333 0.06666666666666667 0.09333333333333334
5 0.695 0.405 0.10333333333333333 0.09666666666666666
5 0.4675 0.39 0.06333333333333334 0.06666666666666667
5 0.22916666666666666 0.43833333333333335 0.02 0.06333333333333334
5 0.4425 0.15583333333333332 0.018333333333333333 0.06666666666666667
5 0.23166666666666666 0.08833333333333333 0.10666666666666667 0.08
0 0.8258333333333333 0.3958333333333333 0.11166666666666666 0.055
0 0.5808333333333333 0.3825 0.11833333333333333 0.05
4 0.94 0.4141666666666667 0.11666666666666667 0.15
1 0.7489169133333333 0.47114305 0.7752266533333333 0.33 0.6503595566666667 0.33 0.6216666666666667 0.44999202 0.6216666666666667 0.4552217883333334 0.7489169133333333 0.47114305
1 0.28284876166666667 0.175 0.28469114333333334 0.175 0.32312772666666667 0.018515506666666667 0.20781148333333335 0.008333333333333333 0.200168395 0.008333333333333333 0.15333333333333332 0.15971009 0.15333333333333332 0.16101333666666667 0.28284876166666667 0.175
1 0.006666666666666667 0.985 0.19487271666666667 0.985 0.275560625 0.7805704833333333 0.09993411666666667 0.7533333333333333 0.0947412 0.7533333333333333 0.006666666666666667 0.9777495616666666 0.006666666666666667 0.985
2 0.4634132016666666 0.48927732166666665 0.5237490733333333 0.39563995 0.46713309666666664 0.29520715166666667 0.4083333333333333 0.3727142316666667 0.4083333333333333 0.37514951 0.4634132016666666 0.48927732166666665
0 0.18815145666666666 0.345 0.15666666666666668 0.7264417116666667 0.15666666666666668 0.739296655 0.19002486833333335 0.7432997416666667 0.195604745 0.36961152833333333 0.40750645333333335 0.3905595866666667 0.4067079766666667 0.3654822016666667 0.189896265 0.345 0.18815145666666666 0.345
0 0.4752313033333333 0.08486696166666667 0.32711056 0.06833333333333333 0.31 0.06833333333333333 0.31 0.08545199166666667 0.31155652666666667 0.10964196666666666 0.46500164666666666 0.124093935 0.45942184166666666 0.29751834666666666 0.4744133766666667 0.2926873466666666 0.4752313033333333 0.08486696166666667