5 0.41833333333333333 0.9441666666666667 0.21333333333333335 0.04833333333333333
5 0.36583333333333334 0.8341666666666666 0.365 0.06833333333333333
5 0.38666666666666666 0.7158333333333333 0.38666666666666666 0.095
5 0.3491666666666667 0.5833333333333334 0.45666666666666667 0.03
5 0.8008333333333333 0.49916666666666665 0.2633333333333333 0.06166666666666667
5 0.6158333333333333 0.3975 0.18833333333333332 0.028333333333333332
5 0.2775 0.4008333333333333 0.30833333333333335 0.05333333333333334
5 0.19333333333333333 0.29833333333333334 0.115 0.06666666666666667
5 0.2891666666666667 0.1975 0.38666666666666666 0.06833333333333333
5 0.2975 0.04583333333333333 0.22166666666666668 0.058333333333333334
0 0.4083333333333333 0.895 0.07 0.02666666666666667
0 0.3975 0.7866666666666666 0.058333333333333334 0.043333333333333335
0 0.3883333333333333 0.6425 0.07 0.05
0 0.32083333333333336 0.5091666666666667 0.08833333333333333 0.09333333333333334
0 0.31416666666666665 0.2808333333333333 0.06166666666666667 0.09
0 0.31333333333333335 0.1275 0.04666666666666667 0.07166666666666667
4 0.435 0.9541666666666667 0.30666666666666664 0.09166666666666666
4 0.30416666666666664 0.04833333333333333 0.34833333333333333 0.08666666666666667
3 0.3883333333333333 0.7091666666666666 0.48333333333333334 0.115
1 0.30658749333333335 0.8 0.22851594 0.8 0.115 0.8736450833333333 0.115 0.874120065 0.5564475583333334 0.88179862 0.675 0.8053679283333334 0.675 0.8053002733333333 0.30658749333333335 0.8
0 0.8159646966666667 0.46379036333333334 0.8190976966666667 0.3789829966666667 0.5721399883333333 0.375 0.5218010783333333 0.375 0.5308571233333333 0.39658450333333334 0.762702735 0.3901839833333333 0.7756722233333333 0.459201295 0.8159646966666667 0.46379036333333334
0 0.7984575966666667 0.5433333333333333 0.8138578750000001 0.57794092 0.6416666666666667 0.57474304 0.6416666666666667 0.5751281516666666 0.650939465 0.6035431849999999 0.851454595 0.606743475 0.8434889333333334 0.5433333333333333 0.7984575966666667 0.5433333333333333
1 0.08633229 0.16348228833333334 0.01 0.22897726000000002 0.01 0.23072592999999997 0.48618529833333335 0.23976337666666667 0.5643038716666666 0.16166666666666665 0.35828065666666664 0.16166666666666665 0.08633229 0.16348228833333334
2 0.3212996216666667 0.325 0.021666666666666667 0.39832754833333334 0.021666666666666667 0.39884025 0.317824045 0.469601585 0.5250273166666667 0.39058627333333334 0.32143962833333334 0.325 0.3212996216666667 0.325
3 0.3541666666666667 0.5841666666666666 0.5616666666666666 0.06333333333333334
3 0.8116666666666666 0.5041666666666667 0.33666666666666667 0.08333333333333333