5 0.3466666666666667 0.043333333333333335 0.10583333333333333 0.0375
5 0.395 0.2708333333333333 0.20083333333333334 0.08583333333333333
5 0.46 0.4175 0.06666666666666667 0.06666666666666667
5 0.4683333333333333 0.7075 0.0625 0.0525
5 0.41833333333333333 0.5608333333333333 0.24666666666666667 0.09166666666666666
5 0.1125 0.4425 0.17833333333333334 0.0475
5 0.18583333333333332 0.835 0.06666666666666667 0.0475
5 0.49083333333333334 0.8841666666666667 0.30916666666666665 0.09333333333333334
5 0.91 0.8975 0.13 0.0575
5 0.7616666666666667 0.84 0.075 0.06
5 0.9358333333333333 0.7258333333333333 0.04416666666666667 0.0425
5 0.165 0.23916666666666667 0.0675 0.050833333333333335
2 0.395 0.26416666666666666 0.2966666666666667 0.22
2 0.4025 0.5666666666666667 0.305 0.21166666666666667
2 0.4891666666666667 0.8766666666666667 0.385 0.23166666666666666
4 0.9116666666666666 0.895 0.16 0.095
4 0.11333333333333333 0.44583333333333336 0.21166666666666667 0.08833333333333333
0 0.38 0.1175 0.04416666666666667 0.08833333333333333
0 0.14916666666666667 0.32416666666666666 0.18583333333333332 0.14583333333333334
0 0.1075 0.6783333333333333 0.0875 0.3983333333333333
0 0.395 0.415 0.045 0.07666666666666666
0 0.7558333333333334 0.7083333333333334 0.38 0.27666666666666667
0 0.42083333333333334 0.7083333333333334 0.043333333333333335 0.09833333333333333