4 0.2841666666666667 0.875 0.16 0.24333333333333335
4 0.9175 0.13583333333333333 0.165 0.245
0 0.30416666666666664 0.6933333333333334 0.075 0.15333333333333332
0 0.32166666666666666 0.325 0.08666666666666667 0.18
0 0.4975 0.17 0.16833333333333333 0.04666666666666667
0 0.7708333333333334 0.14833333333333334 0.15666666666666668 0.03
0 0.15916666666666668 0.3325 0.215 0.3516666666666667
5 0.2966666666666667 0.8858333333333334 0.09666666666666666 0.145
5 0.03 0.3016666666666667 0.06 0.12333333333333334
5 0.29833333333333334 0.5233333333333333 0.06333333333333334 0.16333333333333333
5 0.3466666666666667 0.1775 0.06333333333333334 0.08833333333333333
5 0.49 0.09916666666666667 0.06 0.12166666666666667
5 0.6433333333333333 0.14666666666666667 0.07 0.15
5 0.9191666666666667 0.13166666666666665 0.065 0.16666666666666666
2 0.44 0.16872817833333334 0.44 0.16699406666666666 0.3423258433333334 0.095 0.3415192233333333 0.095 0.24741653666666663 0.17939727 0.240490385 0.18175115333333333 0.33067519 0.2525675566666667 0.44 0.16872817833333334
1 0.38166666666666665 0.4358968 0.38166666666666665 0.42916624333333336 0.22107978333333336 0.37166666666666665 0.21734046833333334 0.37166666666666665 0.21256493833333331 0.6001182333333334 0.21085151166666669 0.6051098916666667 0.3598686066666667 0.6655864016666666 0.38166666666666665 0.4358968
1 0.7133333333333334 0.08050178 0.7133333333333334 0.07012382833333333 0.591579615 0.0016666666666666668 0.5913834333333333 0.0016666666666666668 0.5625759383333334 0.23391131166666668 0.56435727 0.22439841333333332 0.685862905 0.27627311666666665 0.7133333333333334 0.08050178