3 0.5625 0.475 0.15166666666666667 0.26666666666666666
0 0.53 0.22166666666666668 0.2 0.23
0 0.5625 0.6833333333333333 0.058333333333333334 0.15333333333333332
0 0.8316666666666667 0.8616666666666667 0.07 0.05333333333333334
4 0.9358333333333333 0.87 0.115 0.25666666666666665
0 0.6525 0.8741666666666666 0.09166666666666666 0.058333333333333334
3 0.5491666666666667 0.8833333333333333 0.12166666666666667 0.22666666666666666
1 0.7491666666666666 0.8641666666666666 0.08666666666666667 0.22833333333333333
5 0.94 0.8833333333333333 0.06 0.14666666666666667
5 0.7591666666666667 0.8591666666666666 0.065 0.16333333333333333
5 0.545 0.8833333333333333 0.09 0.12333333333333334
5 0.5733333333333334 0.46166666666666667 0.07666666666666666 0.20333333333333334
5 0.3325 0.10666666666666667 0.056666666666666664 0.16
5 0.36583333333333334 0.3458333333333333 0.06 0.105
5 0.3383333333333333 0.6775 0.05 0.08833333333333333
5 0.31583333333333335 0.4816666666666667 0.056666666666666664 0.09333333333333334
5 0.2775 0.8566666666666667 0.07666666666666666 0.16
5 0.060833333333333336 0.8675 0.051666666666666666 0.155
0 0.42333333333333334 0.4816666666666667 0.11666666666666667 0.056666666666666664
0 0.3225 0.30333333333333334 0.035 0.15333333333333332
0 0.2833333333333333 0.6641666666666667 0.056666666666666664 0.16666666666666666
0 0.15666666666666668 0.8641666666666666 0.1 0.04833333333333333