5 0.4825 0.14416666666666667 0.5016666666666667 0.06833333333333333
5 0.505 0.24916666666666668 0.34 0.065
5 0.4741666666666667 0.3416666666666667 0.056666666666666664 0.043333333333333335
5 0.0375 0.415 0.065 0.05333333333333334
5 0.5408333333333334 0.425 0.2783333333333333 0.09333333333333334
5 0.4741666666666667 0.5783333333333334 0.495 0.07666666666666666
5 0.9591666666666666 0.5683333333333334 0.07166666666666667 0.056666666666666664
5 0.5283333333333333 0.7066666666666667 0.37666666666666665 0.05333333333333334
5 0.45 0.8183333333333334 0.44 0.06333333333333334
5 0.4033333333333333 0.9108333333333334 0.08 0.051666666666666666
0 0.5116666666666667 0.07416666666666667 0.03 0.06833333333333333
0 0.5391666666666667 0.18416666666666667 0.045 0.043333333333333335
0 0.5133333333333333 0.3441666666666667 0.03666666666666667 0.08166666666666667
0 0.5416666666666666 0.5033333333333333 0.04 0.06
0 0.5225 0.6475 0.03833333333333333 0.041666666666666664
0 0.5233333333333333 0.7516666666666667 0.03666666666666667 0.04666666666666667
0 0.455 0.9058333333333334 0.023333333333333334 0.055
4 0.5083333333333333 0.0225 0.06666666666666667 0.045
4 0.4558333333333333 0.965 0.08833333333333333 0.07
3 0.49166666666666664 0.13166666666666665 0.57 0.09
3 0.5475 0.4275 0.34833333333333333 0.10666666666666667
3 0.5316666666666666 0.705 0.46 0.08666666666666667
3 0.48583333333333334 0.5766666666666667 0.555 0.12666666666666668
2 0.514983775 0.30833333333333335 0.7090662816666667 0.24442456666666668 0.5361204566666667 0.18491063500000002 0.30196496333333334 0.248954655 0.5055247983333334 0.30833333333333335 0.514983775 0.30833333333333335
2 0.19 0.8165413933333334 0.2688710916666667 0.8603695616666666 0.45427376999999997 0.885 0.46525954 0.885 0.7192633783333333 0.8144475250000001 0.522703665 0.7578992783333334 0.19 0.8152279683333333 0.19 0.8165413933333334
0 0.06166666666666667 0.264713705 0.10971798166666666 0.6056576266666667 0.17668798333333333 0.6066666666666667 0.216016075 0.6066666666666667 0.217941095 0.5800399333333334 0.13333023833333332 0.5768377216666667 0.09987951666666667 0.27903314 0.30451961666666666 0.26302214166666665 0.293908965 0.23607899333333332 0.06166666666666667 0.25651736666666664 0.06166666666666667 0.264713705
0 0.7033333333333334 0.25876771833333334 0.84886146 0.26996918 0.8508291216666667 0.80793872 0.7150582766666667 0.8127419466666667 0.7150582766666667 0.8333333333333334 0.7388972966666666 0.8333333333333334 0.8862476566666667 0.831955215 0.9039569233333333 0.7070693899999999 0.8823121799999999 0.24114939833333332 0.7064840483333333 0.22861840666666666 0.7033333333333334 0.25800429500000005 0.7033333333333334 0.25876771833333334