4 0.050833333333333335 0.535 0.07833333333333334 0.21
4 0.9 0.09166666666666666 0.09 0.15
0 0.13166666666666665 0.5458333333333333 0.07 0.021666666666666667
0 0.37583333333333335 0.8608333333333333 0.19833333333333333 0.03833333333333333
0 0.35 0.7808333333333334 0.24 0.25166666666666665
0 0.425 0.5058333333333334 0.07666666666666666 0.03666666666666667
0 0.6975 0.1525 0.2916666666666667 0.19
0 0.7583333333333333 0.86 0.37333333333333335 0.04666666666666667
0 0.7366666666666667 0.4816666666666667 0.04 0.03666666666666667
2 0.27613545500000003 0.64806809 0.38117747166666666 0.49235450500000005 0.24012104833333334 0.37342365666666666 0.19210184 0.47764141000000004 0.16058923500000002 0.5536590650000001 0.27613545500000003 0.64806809
2 0.715 0.47037711666666665 0.6994307716666667 0.40908452 0.6349049616666667 0.3134494033333333 0.5789876350000001 0.25333333333333335 0.5766893933333334 0.25333333333333335 0.5163575433333333 0.3134494033333333 0.47884253666666665 0.40785842833333336 0.45666666666666667 0.4996622533333333 0.45666666666666667 0.5016372416666667 0.5118557416666667 0.60035475 0.5733803516666667 0.6665636766666666 0.62440076 0.6947637733333334 0.654412765 0.58073729 0.715 0.47569255166666663 0.715 0.47037711666666665
2 0.881412125 0.23666666666666666 0.8209273716666666 0.28970287833333336 0.781911765 0.366946625 0.7566666666666667 0.4822148316666666 0.7566666666666667 0.48374118 0.8644447783333333 0.6121648683333334 0.9484783916666667 0.6710172483333333 0.9883333333333333 0.36949719999999997 0.9883333333333333 0.36369541 0.8832065733333333 0.23666666666666666 0.881412125 0.23666666666666666
5 0.058333333333333334 0.5541666666666667 0.06 0.10666666666666667
5 0.26416666666666666 0.5225 0.12333333333333334 0.16166666666666665
5 0.5216666666666666 0.885 0.056666666666666664 0.18333333333333332
5 0.5833333333333334 0.4766666666666667 0.13333333333333333 0.26666666666666666
5 0.8983333333333333 0.09083333333333334 0.05 0.105
5 0.88 0.44416666666666665 0.11666666666666667 0.27
5 0.7458333333333333 0.38916666666666666 0.06 0.056666666666666664
5 0.8925 0.7766666666666666 0.065 0.07333333333333333
5 0.2125 0.7616666666666667 0.07166666666666667 0.07333333333333333
5 0.42583333333333334 0.4425 0.07333333333333333 0.06833333333333333
5 0.7083333333333334 0.041666666666666664 0.07666666666666666 0.06