5 0.0525 0.6308333333333334 0.06833333333333333 0.16833333333333333
5 0.2175 0.6458333333333334 0.05 0.215
5 0.3416666666666667 0.6441666666666667 0.05 0.16
5 0.3858333333333333 0.6525 0.035 0.18833333333333332
5 0.53 0.7125 0.06333333333333334 0.355
5 0.6391666666666667 0.42916666666666664 0.065 0.09833333333333333
5 0.6883333333333334 0.1375 0.056666666666666664 0.24166666666666667
5 0.6558333333333334 0.715 0.055 0.21666666666666667
5 0.7408333333333333 0.8258333333333333 0.065 0.11
5 0.825 0.7341666666666666 0.056666666666666664 0.2866666666666667
5 0.9458333333333333 0.7275 0.06166666666666667 0.185
0 0.13416666666666666 0.6566666666666666 0.07166666666666667 0.08333333333333333
0 0.2841666666666667 0.6483333333333333 0.06833333333333333 0.07666666666666666
0 0.45 0.6658333333333334 0.07333333333333333 0.055
0 0.5808333333333333 0.6833333333333333 0.051666666666666666 0.056666666666666664
0 0.7558333333333334 0.72 0.07666666666666666 0.06
0 0.8883333333333333 0.7308333333333333 0.056666666666666664 0.065
0 0.6783333333333333 0.4375 0.02666666666666667 0.2683333333333333
4 0.05416666666666667 0.6416666666666667 0.09833333333333333 0.2683333333333333
4 0.955 0.7466666666666667 0.08666666666666667 0.35
3 0.36083333333333334 0.6791666666666667 0.10833333333333334 0.385
3 0.5191666666666667 0.7083333333333334 0.09833333333333333 0.4266666666666667
1 0.172247165 0.8166666666666667 0.2513136516666667 0.7537050283333334 0.26 0.49719874833333333 0.26 0.47072346833333334 0.17911274000000002 0.54680224 0.17123468166666667 0.8166666666666667 0.172247165 0.8166666666666667
1 0.7860796783333334 0.9833333333333333 0.8674009066666667 0.9230202666666666 0.8766666666666667 0.5541006233333333 0.8766666666666667 0.47796996666666663 0.795023 0.53910713 0.7857017766666666 0.9833333333333333 0.7860796783333334 0.9833333333333333
2 0.6710949833333334 0.9183333333333333 0.7266666666666667 0.741323215 0.7266666666666667 0.740957305 0.67385143 0.543415065 0.59712472 0.6825757866666667 0.6702055016666667 0.9183333333333333 0.6710949833333334 0.9183333333333333
0 0.54700568 0.5033333333333333 0.5581668233333333 0.16686832666666668 0.6316666666666667 0.16375513833333333 0.6316666666666667 0.12212904833333332 0.5405441733333334 0.08075586333333334 0.510702455 0.48301089 0.5442963933333334 0.5033333333333333 0.54700568 0.5033333333333333
3 0.6427831433333334 0.2966666666666667 0.73462172 0.274974785 0.7410298666666667 0.007068993333333333 0.6290486616666666 0.028133806666666667 0.640073995 0.2966666666666667 0.6427831433333334 0.2966666666666667