5 0.0975 0.17333333333333334 0.12 0.09833333333333333
5 0.405 0.1875 0.13833333333333334 0.11416666666666667
5 0.8883333333333333 0.8483333333333334 0.09666666666666666 0.1
5 0.12833333333333333 0.8625 0.18916666666666668 0.10333333333333333
4 0.9058333333333334 0.8266666666666667 0.17416666666666666 0.28833333333333333
4 0.1075 0.17333333333333334 0.19666666666666666 0.255
0 0.2575 0.17166666666666666 0.09166666666666666 0.051666666666666666
0 0.53 0.515 0.8533333333333334 0.385
0 0.1425 0.61 0.06416666666666666 0.18333333333333332
3 0.13166666666666665 0.8325 0.215 0.27416666666666667
5 0.5083333333333333 0.8383333333333334 0.19083333333333333 0.12333333333333334
5 0.8316666666666667 0.20083333333333334 0.22333333333333333 0.1375
3 0.8283333333333334 0.16416666666666666 0.24583333333333332 0.2816666666666667
1 0.51901605 0.265502495 0.5565247733333334 0.05523877333333334 0.33842449333333335 0.037628981666666665 0.306175855 0.29401283 0.51901605 0.265502495
1 0.43683879999999997 0.6771204566666666 0.39147941333333336 0.95153243 0.5912351716666667 0.94262295 0.6522958833333333 0.6789023516666667 0.43683879999999997 0.6771204566666666
0 0.6075 0.15333333333333332 0.1175 0.075
0 0.7158333333333333 0.8366666666666667 0.14416666666666667 0.0875
0 0.315 0.8266666666666667 0.16166666666666665 0.09583333333333334