5 0.1625 0.315 0.12416666666666666 0.06416666666666666
5 0.5375 0.31833333333333336 0.16916666666666666 0.1275
5 0.13083333333333333 0.6108333333333333 0.17083333333333334 0.065
5 0.3475 0.5675 0.045 0.050833333333333335
5 0.5683333333333334 0.5883333333333334 0.09916666666666667 0.060833333333333336
5 0.9175 0.6108333333333333 0.0725 0.05416666666666667
5 0.6041666666666666 0.8825 0.3025 0.06416666666666666
5 0.5025 0.77 0.03166666666666667 0.0525
0 0.15416666666666667 0.17666666666666667 0.04583333333333333 0.17333333333333334
0 0.33666666666666667 0.315 0.15666666666666668 0.045
0 0.555 0.4583333333333333 0.035 0.155
0 0.42583333333333334 0.5908333333333333 0.005833333333333334 0.005
0 0.3541666666666667 0.6183333333333333 0.23083333333333333 0.043333333333333335
0 0.5725 0.745 0.035833333333333335 0.16666666666666666
0 0.76 0.5891666666666666 0.18916666666666668 0.05
4 0.15916666666666668 0.0525 0.07916666666666666 0.105
3 0.545 0.31583333333333335 0.24166666666666667 0.16333333333333333
3 0.6058333333333333 0.9 0.3675 0.175
3 0.92 0.605 0.15416666666666667 0.12083333333333333
1 0.28081226833333334 0.2540783916666667 0.10578230833333334 0.26834633166666666 0.057713673333333326 0.36608814 0.23592054499999998 0.3580874433333333 0.28081226833333334 0.2540783916666667
2 0.6807572933333333 0.5757064783333333 0.5637665983333333 0.5133009000000001 0.464625845 0.580283945 0.464460485 0.5805067616666667 0.5664872716666667 0.6733148250000001 0.6807572933333333 0.5757064783333333
1 0.25088445333333337 0.5517042666666666 0.06326530166666666 0.5542891433333333 0.011461613333333332 0.66851442 0.20735296166666667 0.65571344 0.25088445333333337 0.5517042666666666
0 0.8775 0.7775 0.18 0.2658333333333333