4 0.11333333333333333 0.49666666666666665 0.22083333333333333 0.275
0 0.25916666666666666 0.5133333333333333 0.0675 0.07
1 0.3825 0.5116666666666667 0.21416666666666667 0.2991666666666667
0 0.5283333333333333 0.5166666666666667 0.10583333333333333 0.09666666666666666
2 0.6525 0.5208333333333334 0.15 0.4475
0 0.72 0.83 0.19416666666666665 0.16166666666666665
1 0.8916666666666667 0.8433333333333334 0.205 0.2925
0 0.81 0.42 0.15833333333333333 0.34
1 0.8808333333333334 0.14416666666666667 0.215 0.27666666666666667
5 0.08083333333333333 0.5116666666666667 0.10166666666666667 0.13833333333333334
5 0.3775 0.5225 0.16166666666666665 0.10833333333333334
5 0.6483333333333333 0.525 0.09166666666666666 0.12833333333333333
5 0.8441666666666666 0.48833333333333334 0.035833333333333335 0.10666666666666667
5 0.6516666666666666 0.805 0.02666666666666667 0.09166666666666666
5 0.8783333333333333 0.1575 0.135 0.1525
5 0.8908333333333334 0.8725 0.1275 0.12333333333333334