3 0.23916666666666667 0.0575 0.18 0.10833333333333334
3 0.77 0.2941666666666667 0.4533333333333333 0.19166666666666668
3 0.205 0.6483333333333333 0.18333333333333332 0.11666666666666667
3 0.7683333333333333 0.8616666666666667 0.2733333333333333 0.15
2 0.6283333333333333 0.5565043366666667 0.7566966483333334 0.6966666666666667 0.7591310649999999 0.6966666666666667 0.92751352 0.5955077533333333 0.8060327033333333 0.477902845 0.6346158666666667 0.5294415216666667 0.6283333333333333 0.5520510066666667 0.6283333333333333 0.5565043366666667
0 0.4241666666666667 0.2816666666666667 0.26166666666666666 0.07666666666666666
0 0.8008333333333333 0.42583333333333334 0.065 0.12333333333333334
0 0.37 0.655 0.15666666666666668 0.10333333333333333
0 0.22666666666666666 0.4741666666666667 0.06 0.23833333333333334
0 0.12333333333333334 0.1625 0.10166666666666667 0.295
0 0.7633333333333333 0.7483333333333333 0.043333333333333335 0.10666666666666667
0 0.38416666666666666 0.8316666666666667 0.385 0.30333333333333334
5 0.7791666666666667 0.30333333333333334 0.39666666666666667 0.11333333333333333
5 0.7758333333333334 0.5791666666666667 0.20833333333333334 0.08166666666666667
5 0.7658333333333334 0.8575 0.23166666666666666 0.09166666666666666
5 0.7041666666666667 0.745 0.06166666666666667 0.08333333333333333
5 0.4708333333333333 0.5925 0.06166666666666667 0.06666666666666667
5 0.4425 0.25 0.07833333333333334 0.06666666666666667
5 0.23666666666666666 0.0525 0.10833333333333334 0.07833333333333334
5 0.020833333333333332 0.15416666666666667 0.041666666666666664 0.09
5 0.2225 0.28583333333333333 0.105 0.07166666666666667
5 0.21333333333333335 0.6458333333333334 0.12666666666666668 0.07666666666666666
2 0.14333333333333334 0.285003945 0.22707131166666666 0.37 0.22964689166666669 0.37 0.30076687 0.28731146 0.22066445 0.19290155333333334 0.14333333333333334 0.28139474833333333 0.14333333333333334 0.285003945