4 0.08583333333333333 0.315 0.13833333333333334 0.12
5 0.8591666666666666 0.9441666666666667 0.15833333333333333 0.10166666666666667
5 0.08666666666666667 0.32 0.10333333333333333 0.06333333333333334
5 0.46416666666666667 0.3225 0.15 0.055
5 0.8933333333333333 0.3225 0.09333333333333334 0.07166666666666667
5 0.855 0.675 0.15 0.06666666666666667
5 0.86 0.9425 0.09 0.045
5 0.69 0.0225 0.10333333333333333 0.03333333333333333
5 0.9408333333333333 0.5158333333333334 0.06833333333333333 0.065
0 0.25 0.3283333333333333 0.18666666666666668 0.043333333333333335
0 0.6908333333333333 0.14583333333333334 0.43166666666666664 0.23833333333333334
0 0.6766666666666666 0.3333333333333333 0.23333333333333334 0.04
0 0.8916666666666667 0.5083333333333333 0.04 0.22333333333333333
0 0.8766666666666667 0.81 0.03333333333333333 0.16666666666666666
1 0.531839545 0.3705282133333333 0.58 0.2787510933333333 0.58 0.27599039833333333 0.3905286633333333 0.27599039833333333 0.3300701466666667 0.37166666666666665 0.4548553066666667 0.37166666666666665 0.531839545 0.3705282133333333
2 0.888370165 0.3883333333333333 0.9916666666666667 0.32941305 0.9916666666666667 0.32794238833333333 0.892089095 0.25673169333333334 0.7913675083333334 0.330261105 0.8868374416666668 0.3883333333333333 0.888370165 0.3883333333333333