5 0.5175 0.27416666666666667 0.21 0.25333333333333335
3 0.5466666666666666 0.8558333333333333 0.275 0.16916666666666666
3 0.9208333333333333 0.6008333333333333 0.14333333333333334 0.14583333333333334
5 0.105 0.2975 0.13416666666666666 0.06
5 0.9175 0.5941666666666666 0.0875 0.06916666666666667
5 0.5275 0.605 0.07666666666666666 0.06916666666666667
5 0.5425 0.8533333333333334 0.255 0.08583333333333333
5 0.10333333333333333 0.64 0.14333333333333334 0.07083333333333333
5 0.5133333333333333 0.27666666666666667 0.15166666666666667 0.19083333333333333
5 0.02301255166666667 0.217587035 0 0.35564225666666666 0.17991631833333335 0.339135655 0.20083682 0.219087635 0.02301255166666667 0.217587035
2 0.507322175 0.5192076833333333 0.45292887 0.6137454983333334 0.5376569033333333 0.6932773116666666 0.5910041833333334 0.6092436966666667 0.507322175 0.5192076833333333
4 0.08083333333333333 0.056666666666666664 0.08083333333333333 0.09916666666666667
4 0.0875 0.9075 0.115 0.1725
0 0.7225 0.6308333333333334 0.255 0.0825
0 0.3225 0.6225 0.2658333333333333 0.045
0 0.2658333333333333 0.2875 0.145 0.05583333333333333
0 0.08083333333333333 0.77 0.035833333333333335 0.10833333333333334
0 0.815 0.8083333333333333 0.25083333333333335 0.3016666666666667
5 0.3616666666666667 0.5566666666666666 0.0425 0.03916666666666667