4 0.7058333333333333 0.9075 0.135 0.16833333333333333
4 0.0725 0.19333333333333333 0.115 0.17333333333333334
0 0.71 0.7525 0.04666666666666667 0.10666666666666667
0 0.8666666666666667 0.3491666666666667 0.12 0.405
0 0.7108333333333333 0.37083333333333335 0.058333333333333334 0.165
0 0.5108333333333334 0.1625 0.23166666666666666 0.045
0 0.1925 0.17833333333333334 0.12333333333333334 0.05
1 0.7737006583333333 0.4483333333333333 0.6351570616666667 0.49063725500000005 0.6381582633333333 0.6847549016666666 0.7957212866666666 0.63887255 0.7778291633333333 0.4483333333333333 0.7737006583333333 0.4483333333333333
1 0.2633333333333333 0.31715001 0.38214986166666665 0.2833823516666667 0.3911534616666667 0.006911763333333334 0.27860844333333334 0.04102941 0.2633333333333333 0.2968736066666667 0.2633333333333333 0.31715001
5 0.9658333333333333 0.32666666666666666 0.058333333333333334 0.12333333333333334
5 0.7225 0.56 0.085 0.17333333333333334
5 0.7125 0.9033333333333333 0.07333333333333333 0.13333333333333333
5 0.7183333333333334 0.16583333333333333 0.06333333333333334 0.11833333333333333
5 0.5333333333333333 0.07666666666666666 0.08 0.10666666666666667
5 0.3333333333333333 0.15583333333333332 0.07333333333333333 0.21833333333333332
5 0.0625 0.19916666666666666 0.06333333333333334 0.11166666666666666
2 0.7305553783333334 0.07 0.625 0.151606035 0.625 0.15454729333333334 0.713689475 0.27970588333333335 0.8142296916666667 0.15617647166666668 0.73253316 0.07 0.7305553783333334 0.07