4 0.8608333333333333 0.035 0.18583333333333332 0.0525
4 0.8283333333333334 0.9616666666666667 0.21166666666666667 0.05583333333333333
5 0.8641666666666666 0.03333333333333333 0.11416666666666667 0.02666666666666667
5 0.845 0.1475 0.13916666666666666 0.020833333333333332
5 0.8175 0.2841666666666667 0.1625 0.035
5 0.8458333333333333 0.42 0.215 0.030833333333333334
5 0.20166666666666666 0.5075 0.22833333333333333 0.035
5 0.8283333333333334 0.595 0.1325 0.030833333333333334
5 0.43416666666666665 0.5725 0.14666666666666667 0.025
5 0.9025 0.7008333333333333 0.08 0.0425
5 0.8325 0.7958333333333333 0.17416666666666666 0.023333333333333334
0 0.8575 0.09666666666666666 0.04583333333333333 0.06416666666666666
0 0.8291666666666667 0.20833333333333334 0.0525 0.095
0 0.8233333333333334 0.3516666666666667 0.04583333333333333 0.075
0 0.8291666666666667 0.5041666666666667 0.0575 0.12083333333333333
0 0.8483333333333334 0.7041666666666667 0.04583333333333333 0.135
0 0.4175 0.43666666666666665 0.5966666666666667 0.08333333333333333
0 0.4633333333333333 0.42 0.5233333333333333 0.029166666666666667
0 0.1775 0.5575 0.07583333333333334 0.0125
0 0.39916666666666667 0.5875 0.62 0.085
3 0.1975 0.5083333333333333 0.35 0.07083333333333333
3 0.8283333333333334 0.2833333333333333 0.25583333333333336 0.056666666666666664
2 0.8439274266666666 0.560552105 0.8279179633333333 0.5616057733333333 0.8347791616666667 0.5626594433333333 0.7044163883333333 0.6016452099999999 0.8530756916666666 0.6364163 0.9742902 0.5953231933333334 0.8439274266666666 0.560552105
1 0.77531544 0.13065500166666666 0.718138785 0.16121141333333333 0.9171135450000001 0.16121141333333333 0.9537066033333333 0.13065500166666666 0.77531544 0.13065500166666666
1 0.7387223816666667 0.7723396483333334 0.7318611816666667 0.7733933166666667 0.6998422566666667 0.8134327533333334 0.9239747433333334 0.8071107366666667 0.965141935 0.76812497 0.7387223816666667 0.7723396483333334
3 0.9559936699999999 0.393018675 0.71585172 0.391965005 0.7204258516666667 0.44780948166666673 0.9582807366666667 0.44464847333333335 0.9559936699999999 0.393018675