2 0.53625379 0.44596221 0.540487745 0.4425770316666667 0.4218014066666667 0.5004005766666666 0.5596645766666667 0.5356253366666667 0.65070637 0.49079377333333335 0.53625379 0.44596221
1 0.502438385 0.14174794833333332 0.49495929 0.142456985 0.45041450166666663 0.20259078833333333 0.6298969383333333 0.20579305666666667 0.6845219733333333 0.14174794833333332 0.502438385 0.14174794833333332
1 0.7807660766666668 0.78380019 0.7778861183333333 0.7807122866666667 0.7417481666666667 0.8510475033333333 0.9446413866666667 0.8606542450000001 0.9888616066666667 0.790204725 0.7807660766666668 0.78380019
4 0.5816666666666667 0.0375 0.12166666666666667 0.06666666666666667
4 0.8591666666666666 0.965 0.0975 0.06916666666666667
0 0.5766666666666667 0.09666666666666666 0.059166666666666666 0.09333333333333334
0 0.5575 0.24666666666666667 0.04666666666666667 0.09166666666666666
0 0.5616666666666666 0.41333333333333333 0.04833333333333333 0.085
0 0.7958333333333333 0.6316666666666667 0.2966666666666667 0.33
0 0.8616666666666667 0.8991666666666667 0.0625 0.08583333333333333
0 0.3258333333333333 0.6675 0.48833333333333334 0.13
0 0.2791666666666667 0.51 0.37416666666666665 0.06666666666666667
0 0.5375 0.5741666666666667 0.04416666666666667 0.09583333333333334
3 0.5558333333333333 0.335 0.25166666666666665 0.10083333333333333
3 0.1175 0.5808333333333333 0.23416666666666666 0.08
3 0.565 0.645 0.3425 0.07666666666666666
5 0.5625 0.17416666666666666 0.115 0.04
5 0.5491666666666667 0.315 0.1725 0.0325
5 0.5591666666666667 0.35 0.095 0.025833333333333333
5 0.5416666666666666 0.4875 0.09333333333333334 0.041666666666666664
5 0.7508333333333334 0.47333333333333333 0.09583333333333334 0.0375
5 0.58 0.565 0.05333333333333334 0.04083333333333333
5 0.11 0.5791666666666667 0.11416666666666667 0.0375
5 0.555 0.6458333333333334 0.3016666666666667 0.03833333333333333
5 0.88 0.8191666666666667 0.16583333333333333 0.0375