5 0.0875 0.35083333333333333 0.058333333333333334 0.17666666666666667
5 0.32916666666666666 0.5325 0.055 0.105
5 0.37583333333333335 0.29333333333333333 0.055 0.11333333333333333
5 0.21333333333333335 0.035833333333333335 0.05 0.058333333333333334
5 0.37916666666666665 0.8175 0.105 0.275
5 0.645 0.8258333333333333 0.09333333333333334 0.195
5 0.7733333333333333 0.7708333333333334 0.03 0.065
5 0.7333333333333333 0.5033333333333333 0.08 0.09333333333333334
5 0.865 0.2941666666666667 0.06333333333333334 0.2683333333333333
5 0.8783333333333333 0.8475 0.08 0.24166666666666667
0 0.23416666666666666 0.305 0.125 0.03333333333333333
0 0.3825 0.5158333333333334 0.06 0.25166666666666665
0 0.22083333333333333 0.135 0.345 0.12666666666666668
3 0.0875 0.3358333333333333 0.165 0.28833333333333333
3 0.385 0.8158333333333333 0.16666666666666666 0.36
0 0.5008333333333334 0.8133333333333334 0.085 0.043333333333333335
0 0.7658333333333334 0.5491666666666667 0.28833333333333333 0.23166666666666666
0 0.6375 0.31333333333333335 0.35833333333333334 0.04
0 0.9641666666666666 0.5733333333333334 0.065 0.5866666666666667
0 0.7908333333333334 0.8266666666666667 0.065 0.043333333333333335
3 0.8691666666666666 0.2866666666666667 0.13 0.3
3 0.8816666666666667 0.8316666666666667 0.12 0.3233333333333333
2 0.46 0.294890285 0.37357087666666666 0.20333333333333334 0.370272275 0.20333333333333334 0.28928364333333334 0.306852975 0.37026744666666667 0.390619585 0.46 0.2985381483333333 0.46 0.294890285
2 0.7533333333333333 0.8118015150000001 0.6452950566666666 0.665 0.6434206816666667 0.665 0.54234503 0.8124393416666666 0.6203294333333333 0.9554202766666666 0.7533333333333333 0.812942185 0.7533333333333333 0.8118015150000001