4 0.4175 0.07333333333333333 0.7191666666666666 0.12166666666666667
4 0.525 0.9275 0.7266666666666667 0.145
0 0.37333333333333335 0.16416666666666666 0.14166666666666666 0.08
0 0.4075 0.3725 0.1575 0.07333333333333333
0 0.5391666666666667 0.6191666666666666 0.2025 0.06583333333333333
0 0.5441666666666667 0.8308333333333333 0.15 0.085
5 0.3933333333333333 0.07166666666666667 0.45166666666666666 0.06666666666666667
5 0.4775 0.27 0.5166666666666667 0.0675
5 0.3983333333333333 0.4975 0.3675 0.0575
5 0.7908333333333334 0.6066666666666667 0.36333333333333334 0.06
5 0.49333333333333335 0.7091666666666666 0.6425 0.056666666666666664
5 0.5466666666666666 0.9183333333333333 0.3625 0.0675
1 0.012041576666666666 0.33408243833333334 0.7316310133333334 0.337282725 0.8896909049999999 0.18846718666666668 0.20175560333333334 0.19786316333333334 0.012041576666666666 0.33408243833333334
1 0.18258002 0.64771531 0.17264681166666668 0.6522695483333334 0.012041576666666666 0.7853296033333333 0.8023419766666667 0.7917302966666667 0.97288042 0.6541158800000001 0.18258002 0.64771531
2 0.3364808166666666 0.382087455 0.36505450666666667 0.38832233666666666 0.016200988333333333 0.5229021566666666 0.6026870116666667 0.617311985 0.8397773216666667 0.44929442833333333 0.3364808166666666 0.382087455