4 0.0525 0.3575 0.095 0.36833333333333335
4 0.9466666666666667 0.28833333333333333 0.08666666666666667 0.36
0 0.13833333333333334 0.36 0.06333333333333334 0.08666666666666667
0 0.2675 0.36666666666666664 0.07166666666666667 0.08333333333333333
0 0.4266666666666667 0.295 0.08333333333333333 0.12
0 0.5725 0.2841666666666667 0.058333333333333334 0.125
0 0.7383333333333333 0.2991666666666667 0.08 0.06833333333333333
0 0.865 0.33166666666666667 0.05 0.06333333333333334
0 0.5425 0.695 0.085 0.35
0 0.7341666666666666 0.30333333333333334 0.07333333333333333 0.10333333333333333
5 0.05 0.375 0.04666666666666667 0.23
5 0.2075 0.37083333333333335 0.03833333333333333 0.265
5 0.3475 0.32083333333333336 0.06166666666666667 0.3283333333333333
5 0.49666666666666665 0.265 0.04 0.4166666666666667
5 0.6425 0.2816666666666667 0.043333333333333335 0.17333333333333334
1 0.22166616666666664 0.182249135 0.153216525 0.105 0.15272195666666666 0.105 0.181174265 0.5152941183333333 0.24 0.5831574383333333 0.24 0.5605180183333334 0.22166616666666664 0.182249135
1 0.8290916816666667 0.14373990833333333 0.7555916766666667 0.07166666666666667 0.7541675099999999 0.07166666666666667 0.7691036783333333 0.429207035 0.835 0.5263439383333333 0.835 0.4470533566666667 0.8290916816666667 0.14373990833333333
2 0.7033333333333334 0.27424844333333337 0.7033333333333334 0.27180993166666667 0.6512252683333334 0.07 0.6510975266666666 0.07 0.5941681666666667 0.32492502666666667 0.603166365 0.30329873166666665 0.6451579683333334 0.5022606683333334 0.7033333333333334 0.27424844333333337
3 0.6091666666666666 0.775 0.056666666666666664 0.39666666666666667
3 0.3408333333333333 0.3125 0.10833333333333334 0.5883333333333334