5 0.8308333333333333 0.91 0.14833333333333334 0.11
5 0.8341666666666666 0.6991666666666667 0.24166666666666667 0.075
5 0.8383333333333334 0.5025 0.22 0.08166666666666667
5 0.4475 0.4975 0.135 0.06333333333333334
5 0.24416666666666667 0.55 0.11 0.06
5 0.14333333333333334 0.26166666666666666 0.20333333333333334 0.06333333333333334
5 0.17166666666666666 0.075 0.14333333333333334 0.06666666666666667
5 0.5783333333333334 0.25166666666666665 0.14666666666666667 0.08333333333333333
5 0.8525 0.19666666666666666 0.16833333333333333 0.09333333333333334
0 0.8341666666666666 0.815 0.075 0.09
0 0.8266666666666667 0.6066666666666667 0.06666666666666667 0.07333333333333333
0 0.6366666666666667 0.5141666666666667 0.13666666666666666 0.058333333333333334
0 0.16083333333333333 0.15666666666666668 0.056666666666666664 0.08666666666666667
0 0.835 0.33916666666666667 0.09333333333333334 0.15166666666666667
3 0.835 0.49666666666666665 0.2633333333333333 0.14666666666666667
3 0.8458333333333333 0.1975 0.23333333333333334 0.13833333333333334
1 0.14583333333333334 0.25583333333333336 0.24 0.12166666666666667
4 0.6416666666666667 0.7812145766666667 0.6416666666666667 0.7826965533333333 0.9501652466666667 0.7652384433333332 0.9942527983333334 0.6417554666666666 0.7069036433333333 0.6417554666666666 0.6416666666666667 0.7812145766666667
0 0.706406325 0.21112555333333333 0.6972046166666667 0.15166666666666667 0.6897242233333334 0.15166666666666667 0.435 0.20146601 0.435 0.20423459833333332 0.455172025 0.432210005 0.48009559500000004 0.42121864833333333 0.47244435999999995 0.22874820499999998 0.706406325 0.21112555333333333
0 0.3055713166666667 0.483404405 0.17367340666666667 0.4946188466666666 0.19233546666666668 0.32166666666666666 0.11166666666666666 0.32166666666666666 0.11166666666666666 0.3297771333333333 0.12970735500000002 0.513843595 0.3069131133333333 0.5132392266666667 0.3055713166666667 0.483404405
4 0.83 0.925 0.25 0.15
4 0.17 0.07 0.24666666666666667 0.12
2 0.30333333333333334 0.4845102266666667 0.30333333333333334 0.48519080333333336 0.454835685 0.5983333333333334 0.45528450666666664 0.5983333333333334 0.6013009066666667 0.4897627966666667 0.476568915 0.41333333333333333 0.47386275 0.41333333333333333 0.30333333333333334 0.4845102266666667