5 0.395 0.19333333333333333 0.16666666666666666 0.15916666666666668
5 0.8216666666666667 0.13666666666666666 0.29 0.165
5 0.15 0.8225 0.2725 0.15333333333333332
5 0.5841666666666666 0.8508333333333333 0.3025 0.2225
5 0.8966666666666666 0.8641666666666666 0.0825 0.14583333333333334
0 0.22083333333333333 0.17583333333333334 0.11166666666666666 0.0825
0 0.5908333333333333 0.14833333333333334 0.15166666666666667 0.07416666666666667
0 0.3541666666666667 0.8266666666666667 0.09416666666666666 0.07916666666666666
0 0.7891666666666667 0.8558333333333333 0.09583333333333334 0.06
4 0.08666666666666667 0.18833333333333332 0.155 0.23166666666666666
4 0.915 0.8516666666666667 0.16166666666666665 0.1875
1 0.07666666666666666 0.19083333333333333 0.10416666666666667 0.13416666666666666
3 0.15833333333333333 0.8191666666666667 0.305 0.22
3 0.8316666666666667 0.155 0.3233333333333333 0.23916666666666667
1 0.5402061699999999 0.026017408333333335 0.302861115 0.062191105 0.2576292233333334 0.32264285833333334 0.48020218666666664 0.29298032333333335 0.5402061699999999 0.026017408333333335
1 0.7034728633333333 0.9900502583333334 0.7746403683333334 0.7362706533333333 0.5911397616666666 0.7033122666666667 0.412770395 0.7294069216666667 0.3567055633333333 0.9884023633333334 0.5367175666666666 0.9620355533333332 0.7034728633333333 0.9900502583333334
0 0.13552807166666667 0.69836852 0.12436452166666667 0.5286327783333333 0.8339466416666667 0.44294102166666666 0.8304580383333334 0.2600219366666667 0.82274946 0.2578253716666667 0.8213876449999999 0.4198701266666667 0.09854887166666666 0.4923786016666667 0.10343289666666668 0.7082561383333333 0.13552807166666667 0.69836852