1 0.46694910666666667 0.26839816333333333 0.12812976666666667 0.27640861 0.020189988333333336 0.43083083166666664 0.023633956666666667 0.4398216733333334 0.36562002666666665 0.43341335333333336 0.46694910666666667 0.26839816333333333
1 0.08854805666666667 0.8259252383333333 0.09342830833333333 0.8312312333333334 0.004634783333333334 0.9717153433333334 0.3339546583333333 0.9861341716666667 0.40361837 0.7906793233333334 0.08854805666666667 0.8259252383333333
1 0.87859901 0.9797257899999999 0.9894277983333334 0.7570353483333333 0.6120348016666667 0.7751751766666666 0.599943675 0.7762604933333334 0.5191970116666667 0.974919595 0.87859901 0.9797257899999999
2 0.25320787333333333 0.5311407783333333 0.24980202333333335 0.52892893 0.02521732 0.6480932866666667 0.24529153166666665 0.7426167033333333 0.4368671033333334 0.641684965 0.25320787333333333 0.5311407783333333
4 0.2733333333333333 0.08916666666666667 0.305 0.17833333333333334
0 0.2783333333333333 0.23166666666666666 0.07333333333333333 0.10916666666666666
0 0.25083333333333335 0.4766666666666667 0.07416666666666667 0.13166666666666665
0 0.26916666666666667 0.7708333333333334 0.11 0.095
0 0.6083333333333333 0.6891666666666667 0.33416666666666667 0.17833333333333334
5 0.2683333333333333 0.10083333333333333 0.1875 0.08833333333333333
5 0.25416666666666665 0.35333333333333333 0.30583333333333335 0.10166666666666667
5 0.24 0.6358333333333334 0.23333333333333334 0.08166666666666667
5 0.8058333333333333 0.6891666666666667 0.09833333333333333 0.07583333333333334
5 0.0675 0.76 0.12166666666666667 0.09
5 0.215 0.8916666666666667 0.2475 0.1025
5 0.76 0.8675 0.2808333333333333 0.13166666666666665