4 0.9516666666666667 0.6558333333333334 0.06333333333333334 0.3416666666666667
5 0.9566666666666667 0.6725 0.04 0.245
0 0.8675 0.6558333333333334 0.08 0.09166666666666666
1 0.79 0.7075 0.06 0.48833333333333334
5 0.79 0.6941666666666667 0.04 0.375
0 0.7066666666666667 0.6725 0.07 0.125
3 0.6225 0.6925 0.07833333333333334 0.4666666666666667
5 0.6316666666666667 0.69 0.07 0.37666666666666665
0 0.5275 0.6666666666666666 0.08 0.07
3 0.47333333333333333 0.7158333333333333 0.05333333333333334 0.5683333333333334
5 0.4633333333333333 0.7358333333333333 0.04 0.5266666666666666
5 0.43083333333333335 0.2816666666666667 0.095 0.2833333333333333
3 0.3525 0.16916666666666666 0.05 0.285
0 0.3825 0.66 0.095 0.10666666666666667
0 0.29083333333333333 0.34833333333333333 0.07833333333333334 0.31666666666666665
5 0.35333333333333333 0.18666666666666668 0.03333333333333333 0.22333333333333333
5 0.2808333333333333 0.64 0.035 0.15333333333333332
0 0.20333333333333334 0.64 0.06333333333333334 0.07666666666666666
5 0.2175 0.7633333333333333 0.03166666666666667 0.11666666666666667
5 0.2966666666666667 0.4175 0.04666666666666667 0.125
1 0.14416666666666667 0.6316666666666667 0.058333333333333334 0.4166666666666667
5 0.14 0.6316666666666667 0.04 0.29333333333333333
0 0.08333333333333333 0.6275 0.06 0.07833333333333334
4 0.03666666666666667 0.625 0.05333333333333334 0.24666666666666667
5 0.035 0.6183333333333333 0.03666666666666667 0.16333333333333333
2 0.23833333333333334 0.64101115 0.288685075 0.7933333333333333 0.28904257 0.7933333333333333 0.33094367999999996 0.6534060583333333 0.27686784833333333 0.49234435666666665 0.23833333333333334 0.6280379766666667 0.23833333333333334 0.64101115