4 0.17 0.9125 0.20333333333333334 0.15
4 0.19916666666666666 0.07416666666666667 0.18166666666666667 0.145
3 0.8383333333333334 0.5391666666666667 0.2833333333333333 0.14
3 0.8383333333333334 0.2608333333333333 0.3233333333333333 0.21833333333333332
5 0.49 0.5908333333333333 0.18 0.06166666666666667
5 0.8158333333333333 0.54 0.17 0.08
5 0.84 0.3175 0.18 0.065
5 0.8466666666666667 0.22416666666666665 0.18 0.058333333333333334
5 0.1725 0.5441666666666667 0.20166666666666666 0.075
5 0.0875 0.29583333333333334 0.175 0.07833333333333334
0 0.5866666666666667 0.10833333333333334 0.58 0.13
0 0.855 0.4225 0.08666666666666667 0.10833333333333334
0 0.49 0.5458333333333333 0.2966666666666667 0.051666666666666666
0 0.19166666666666668 0.30916666666666665 0.06666666666666667 0.325
0 0.16916666666666666 0.7325 0.08 0.205
2 0.016666666666666666 0.5588024683333334 0.016666666666666666 0.5593777416666667 0.177994605 0.6263710616666667 0.17095152333333333 0.631735105 0.3611410133333333 0.554320315 0.18506704999999998 0.4716666666666667 0.182625935 0.4716666666666667 0.016666666666666666 0.5588024683333334