4 0.095 0.20416666666666666 0.155 0.2325
5 0.09083333333333334 0.20583333333333334 0.115 0.11166666666666666
0 0.2325 0.20583333333333334 0.08416666666666667 0.0975
1 0.395 0.21916666666666668 0.2325 0.2658333333333333
5 0.4008333333333333 0.18583333333333332 0.15416666666666667 0.12833333333333333
0 0.54 0.17 0.056666666666666664 0.07333333333333333
3 0.7558333333333334 0.21916666666666668 0.3308333333333333 0.38416666666666666
5 0.7641666666666667 0.20833333333333334 0.2925 0.1825
0 0.4475 0.5608333333333333 0.7108333333333333 0.28
0 0.12333333333333334 0.6416666666666667 0.03333333333333333 0.095
3 0.18083333333333335 0.8291666666666667 0.3358333333333333 0.2275
5 0.18 0.8491666666666666 0.31416666666666665 0.16333333333333333
5 0.38333333333333336 0.8416666666666667 0.0575 0.0875
1 0.5858333333333333 0.8433333333333334 0.3491666666666667 0.275
5 0.5875 0.8433333333333334 0.30416666666666664 0.1425
5 0.66 0.8458333333333333 0.14833333333333334 0.11833333333333333
0 0.79 0.8708333333333333 0.08166666666666667 0.11166666666666666
4 0.9258333333333333 0.8466666666666667 0.14166666666666666 0.20666666666666667
5 0.9208333333333333 0.8541666666666666 0.10333333333333333 0.11583333333333333