5 0.5416666666666666 0.0475 0.16 0.058333333333333334
5 0.5108333333333334 0.2125 0.16833333333333333 0.051666666666666666
5 0.5041666666666667 0.4191666666666667 0.11833333333333333 0.056666666666666664
5 0.7033333333333334 0.38166666666666665 0.16 0.04666666666666667
5 0.0675 0.525 0.125 0.06
5 0.15583333333333332 0.6991666666666667 0.17166666666666666 0.07333333333333333
5 0.8508333333333333 0.82 0.21333333333333335 0.06666666666666667
5 0.52 0.9583333333333334 0.12 0.03666666666666667
4 0.5316666666666666 0.04083333333333333 0.27 0.07666666666666666
4 0.5008333333333334 0.9566666666666667 0.30833333333333335 0.08333333333333333
3 0.8341666666666666 0.8208333333333333 0.31333333333333335 0.17166666666666666
3 0.145 0.6883333333333334 0.25666666666666665 0.17
0 0.51 0.12083333333333333 0.03666666666666667 0.08833333333333333
0 0.49666666666666665 0.29833333333333334 0.06666666666666667 0.09
0 0.7133333333333334 0.48583333333333334 0.22666666666666666 0.17
0 0.25666666666666665 0.515 0.32666666666666666 0.22333333333333333
0 0.8283333333333334 0.7175 0.07 0.10666666666666667
0 0.7625 0.9308333333333333 0.21833333333333332 0.08
0 0.255 0.8783333333333333 0.23333333333333334 0.24333333333333335
5 0.8325 0.62 0.18166666666666667 0.06
1 0.325 0.15930461 0.4039576316666667 0.27956451666666665 0.6566450333333332 0.26515440500000004 0.5904690883333333 0.15258059833333334 0.5804672316666667 0.15947997166666666 0.325 0.15788468166666667 0.325 0.15930461
1 0.6566666666666666 0.5606495300000001 0.7367168566666668 0.6766666666666666 0.7377599466666667 0.6766666666666666 0.9783232783333333 0.6527468083333333 0.9019799716666668 0.5508593516666667 0.9021454799999999 0.5550779833333334 0.6566666666666666 0.5582591883333333 0.6566666666666666 0.5606495300000001
2 0.3933333333333333 0.42965638833333336 0.5126869666666667 0.49666666666666665 0.5150082833333334 0.49666666666666665 0.6143215483333334 0.4253473566666667 0.5049328466666666 0.33673441000000004 0.4991257233333333 0.3372853333333333 0.3933333333333333 0.42688016000000006 0.3933333333333333 0.42965638833333336