5 0.5175 0.27416666666666667 0.21 0.25333333333333335
3 0.5466666666666666 0.8558333333333333 0.275 0.16833333333333333
3 0.9208333333333333 0.6008333333333333 0.14333333333333334 0.145
5 0.105 0.2975 0.13333333333333333 0.06
5 0.9175 0.5941666666666666 0.08833333333333333 0.06833333333333333
5 0.5275 0.605 0.07666666666666666 0.07
5 0.5425 0.8533333333333334 0.255 0.08666666666666667
5 0.10333333333333333 0.64 0.14333333333333334 0.07
5 0.5133333333333333 0.27666666666666667 0.15333333333333332 0.19
5 0 0.35333333333333333 0.024184551666666665 0.35333333333333333 0.179501395 0.339083635 0.2 0.22145658333333335 0.2 0.21903205499999998 0.02259762833333333 0.217535015 0 0.35310105833333333 0 0.35333333333333333
2 0.59 0.6083130766666667 0.5067887016666667 0.5187835133333333 0.4523953966666666 0.6133213283333333 0.5358594366666667 0.6916666666666667 0.5378766433333333 0.6916666666666667 0.59 0.609561 0.59 0.6083130766666667
4 0.08083333333333333 0.056666666666666664 0.08166666666666667 0.1
4 0.0875 0.9075 0.115 0.17166666666666666
0 0.7225 0.6308333333333334 0.255 0.08166666666666667
0 0.3225 0.6225 0.265 0.045
0 0.2658333333333333 0.2875 0.145 0.055
0 0.08083333333333333 0.77 0.035 0.10666666666666667
0 0.815 0.8083333333333333 0.25 0.30333333333333334
5 0.3616666666666667 0.5566666666666666 0.043333333333333335 0.04