2 0.31 0.4315112483333333 0.31 0.43212662500000004 0.3877571233333333 0.51 0.38800372 0.51 0.4632339266666667 0.41624021833333336 0.47230263999999994 0.3974608766666667 0.4660243 0.40059076666666665 0.38535546666666665 0.31166666666666665 0.3849298033333334 0.31166666666666665 0.31 0.4315112483333333
1 0.7933650033333334 0.56 0.7944510316666666 0.56 0.8383650149999999 0.380172145 0.64705548 0.36666666666666664 0.638745785 0.36666666666666664 0.6083333333333333 0.5304084483333333 0.6083333333333333 0.5352184716666667 0.7933650033333334 0.56
1 0.4683333333333333 0.121228685 0.6545855133333334 0.14305555333333334 0.6880699916666667 0.02411971833333333 0.5062257983333334 0.018333333333333333 0.49123997166666666 0.018333333333333333 0.4683333333333333 0.11808570333333333 0.4683333333333333 0.121228685
1 0.0072540999999999994 0.13775039166666667 0.17188611833333334 0.15809468000000002 0.20746337666666667 0.02350939 0.11094695166666668 0.021666666666666667 0.04313113666666667 0.021666666666666667 0.0072540999999999994 0.13775039166666667
4 0.38333333333333336 0.9216666666666666 0.07666666666666666 0.12333333333333334
4 0.6966666666666667 0.9275 0.06 0.12166666666666667
3 0.6966666666666667 0.7583333333333333 0.19333333333333333 0.11333333333333333
3 0.375 0.7366666666666667 0.21666666666666667 0.1
3 0.1175 0.42333333333333334 0.14 0.15333333333333332
0 0.5416666666666666 0.41083333333333333 0.14666666666666667 0.09166666666666666
0 0.7225 0.6266666666666667 0.021666666666666667 0.12333333333333334
0 0.385 0.6 0.02666666666666667 0.15333333333333332
0 0.255 0.415 0.11 0.06666666666666667
0 0.10333333333333333 0.25666666666666665 0.04 0.15333333333333332
0 0.22666666666666666 0.10333333333333333 0.06333333333333334 0.07333333333333333
0 0.4475 0.0925 0.04833333333333333 0.065
0 0.7366666666666667 0.08666666666666667 0.12 0.07
0 0.79 0.2575 0.11 0.255
3 0.3475 0.09083333333333334 0.12666666666666668 0.12166666666666667
3 0.9016666666666666 0.08416666666666667 0.18333333333333332 0.115
5 0.6908333333333333 0.7583333333333333 0.16833333333333333 0.07333333333333333
5 0.37 0.7483333333333333 0.19666666666666666 0.056666666666666664
5 0.715 0.4666666666666667 0.16666666666666666 0.14
5 0.3908333333333333 0.415 0.105 0.06333333333333334
5 0.11083333333333334 0.42083333333333334 0.12 0.09166666666666666
5 0.10583333333333333 0.09416666666666666 0.12166666666666667 0.09666666666666666
5 0.3491666666666667 0.095 0.12166666666666667 0.07333333333333333
5 0.5725 0.06833333333333333 0.16833333333333333 0.09333333333333334
5 0.9025 0.08 0.155 0.06333333333333334
5 0.25666666666666665 0.48 0.05 0.06
5 0.695 0.94 0.023333333333333334 0.08
5 0.3825 0.9291666666666667 0.028333333333333332 0.07833333333333334