0 0.8166666666666667 0.10166666666666667 0.10666666666666667 0.03
0 0.8658333333333333 0.49083333333333334 0.06666666666666667 0.023333333333333334
0 0.4475 0.36083333333333334 0.05 0.22166666666666668
0 0.49583333333333335 0.6983333333333334 0.06166666666666667 0.12333333333333334
0 0.38166666666666665 0.8666666666666667 0.19333333333333333 0.08333333333333333
0 0.18166666666666667 0.7516666666666667 0.07 0.08333333333333333
0 0.13333333333333333 0.49583333333333335 0.05333333333333334 0.04833333333333333
0 0.12833333333333333 0.23916666666666667 0.06 0.07833333333333334
0 0.56 0.1275 0.09666666666666666 0.025
0 0.2525 0.12333333333333334 0.15666666666666668 0.08666666666666667
0 0.6241666666666666 0.5308333333333334 0.13333333333333333 0.035
3 0.63997811 0.25666666666666665 0.7750014616666667 0.25666666666666665 0.7487577633333333 0.029882861666666666 0.6266666666666667 0.03682582833333334 0.6266666666666667 0.04603188666666667 0.63997811 0.25666666666666665
3 0.6933333333333334 0.44624777000000004 0.7148992533333334 0.6716666666666666 0.7754024816666667 0.6716666666666666 0.828395445 0.6703621683333334 0.8051035200000001 0.4262045116666667 0.6933333333333334 0.4296437416666667 0.6933333333333334 0.44624777000000004
3 0.05142081833333333 0.19666666666666666 0.16011669166666667 0.19666666666666666 0.14314699833333333 0.009541043333333332 0.015 0.020638883333333333 0.015 0.024183333333333334 0.05142081833333333 0.19666666666666666
3 0.08 0.5326063216666667 0.12661434166666666 0.715 0.14015823500000002 0.715 0.22632505333333333 0.7065320900000001 0.20613871666666667 0.52097227 0.08 0.5278829816666666 0.08 0.5326063216666667
2 0.36333333333333334 0.5720317966666667 0.48541975499999995 0.6433333333333333 0.48783143833333337 0.6433333333333333 0.5555279516666667 0.5306682349999999 0.44217391333333333 0.469280025 0.36333333333333334 0.57137048 0.36333333333333334 0.5720317966666667
1 0.31187888333333336 0.21815573666666666 0.51340242 0.25666666666666665 0.51991167 0.25666666666666665 0.513742235 0.07166114333333333 0.305 0.026509028333333334 0.305 0.04818709166666666 0.31187888333333336 0.21815573666666666
1 0.082158385 0.9482167766666667 0.274740785 0.9966666666666667 0.276250995 0.9966666666666667 0.2731521733333333 0.82195239 0.06833333333333333 0.7759449483333333 0.06833333333333333 0.7777619183333333 0.082158385 0.9482167766666667
1 0.08231883999999999 0.4585466816666667 0.17484148333333333 0.48 0.17861309666666667 0.48 0.18325051666666667 0.28763632333333333 0.045 0.26693330333333337 0.045 0.27412626500000004 0.08231883999999999 0.4585466816666667
5 0.7591666666666667 0.545 0.10166666666666667 0.23
5 0.6925 0.13916666666666666 0.075 0.19833333333333333
5 0.4741666666666667 0.5608333333333333 0.058333333333333334 0.12166666666666667
5 0.6175 0.5891666666666666 0.07833333333333334 0.04833333333333333
5 0.5583333333333333 0.6958333333333333 0.07 0.058333333333333334
5 0.5225 0.8266666666666667 0.07333333333333333 0.10666666666666667
5 0.18583333333333332 0.8883333333333333 0.15166666666666667 0.12333333333333334
5 0.165 0.6141666666666666 0.056666666666666664 0.16833333333333333
5 0.13916666666666666 0.37666666666666665 0.06333333333333334 0.17333333333333334
5 0.10666666666666667 0.1025 0.06 0.16166666666666665
5 0.4241666666666667 0.1475 0.14166666666666666 0.15166666666666667
4 0.915 0.10166666666666667 0.1 0.04
4 0.9491666666666667 0.485 0.085 0.043333333333333335
5 0.9166666666666666 0.10166666666666667 0.04666666666666667 0.023333333333333334
5 0.9516666666666667 0.48333333333333334 0.05 0.02666666666666667