4 0.11333333333333333 0.49666666666666665 0.22 0.275
0 0.25916666666666666 0.5133333333333333 0.06833333333333333 0.07
1 0.3825 0.5116666666666667 0.215 0.3
0 0.5283333333333333 0.5166666666666667 0.10666666666666667 0.09666666666666666
2 0.6525 0.5208333333333334 0.15 0.4483333333333333
0 0.72 0.83 0.19333333333333333 0.16
1 0.8916666666666667 0.8433333333333334 0.20333333333333334 0.29333333333333333
0 0.81 0.42 0.16 0.34
1 0.8808333333333334 0.14416666666666667 0.215 0.27666666666666667
5 0.08083333333333333 0.5116666666666667 0.10166666666666667 0.13833333333333334
5 0.3775 0.5225 0.16166666666666665 0.10833333333333334
5 0.6483333333333333 0.525 0.09 0.13
5 0.8441666666666666 0.48833333333333334 0.035 0.10666666666666667
5 0.6516666666666666 0.805 0.02666666666666667 0.09
5 0.8783333333333333 0.1575 0.13666666666666666 0.15166666666666667
5 0.8908333333333334 0.8725 0.12833333333333333 0.12333333333333334