1 0.505 0.275405165 0.5517122183333334 0.40329832 0.9521802016666667 0.4116666666666667 0.9822788549999999 0.4116666666666667 0.92631029 0.29375450166666667 0.505 0.2713263766666667 0.505 0.275405165
1 0.01 0.7539236133333334 0.04631297 0.8880242083333333 0.41077299666666667 0.925 0.41598228666666665 0.925 0.3887566983333333 0.7859833916666666 0.01 0.751530035 0.01 0.7539236133333334
1 0.9208688666666666 0.9833333333333333 0.8744506950000001 0.88622449 0.5866693466666666 0.8637154866666666 0.6204314033333334 0.9732593033333334 0.9087624049999999 0.9833333333333333 0.9208688666666666 0.9833333333333333
2 0.5716666666666667 0.590253425 0.7107369033333333 0.7333333333333333 0.7165238583333333 0.7333333333333333 0.9648151133333333 0.6300060033333333 0.7670659166666667 0.5354681866666666 0.7638504833333334 0.5339675866666667 0.5716666666666667 0.58927619 0.5716666666666667 0.590253425
0 0.7675 0.22 0.04666666666666667 0.12
0 0.7175 0.7858333333333334 0.058333333333333334 0.10833333333333334
0 0.7775 0.47 0.07166666666666667 0.10666666666666667
0 0.37416666666666665 0.6433333333333333 0.35833333333333334 0.19333333333333333
5 0.15083333333333335 0.6316666666666667 0.12833333333333333 0.056666666666666664
5 0.7758333333333334 0.07916666666666666 0.23333333333333334 0.07666666666666666
5 0.7241666666666666 0.3433333333333333 0.36833333333333335 0.07
5 0.7483333333333333 0.6233333333333333 0.2633333333333333 0.06
5 0.8816666666666667 0.7791666666666667 0.16333333333333333 0.08166666666666667
5 0.22333333333333333 0.8508333333333333 0.32 0.07166666666666667
5 0.7441666666666666 0.9275 0.26666666666666666 0.06