4 0.11 0.06333333333333334 0.21416666666666667 0.12416666666666666
4 0.8366666666666667 0.9458333333333333 0.19833333333333333 0.105
1 0.8433333333333334 0.6558333333333334 0.2833333333333333 0.1875
2 0.5033333333333333 0.48833333333333334 0.21916666666666668 0.255
1 0.1375 0.5166666666666667 0.2608333333333333 0.17333333333333334
3 0.14083333333333334 0.2733333333333333 0.2625 0.14833333333333334
1 0.17916666666666667 0.7908333333333334 0.26 0.2175
0 0.325 0.5033333333333333 0.17333333333333334 0.06833333333333333
0 0.11416666666666667 0.16333333333333333 0.06166666666666667 0.09666666666666666
0 0.12083333333333333 0.38166666666666665 0.0625 0.13666666666666666
0 0.16333333333333333 0.6458333333333334 0.07583333333333334 0.125
0 0.41833333333333333 0.7958333333333333 0.2833333333333333 0.1
0 0.7666666666666667 0.49416666666666664 0.3 0.14666666666666667
0 0.8308333333333333 0.8108333333333333 0.0825 0.16666666666666666
5 0.5083333333333333 0.4866666666666667 0.1475 0.0825
5 0.7241666666666666 0.39916666666666667 0.13583333333333333 0.08833333333333333
5 0.8458333333333333 0.6525 0.19166666666666668 0.07833333333333334
5 0.3975 0.7316666666666667 0.16166666666666665 0.08083333333333333
5 0.1775 0.7883333333333333 0.18416666666666667 0.135
5 0.1425 0.5133333333333333 0.18916666666666668 0.10083333333333333
5 0.125 0.2708333333333333 0.2 0.08916666666666667
5 0.09833333333333333 0.06583333333333333 0.14666666666666667 0.0825
5 0.8366666666666667 0.9341666666666667 0.13 0.065