1 0.495 0.724594835 0.44828778166666666 0.59670168 0.04781979833333334 0.5883333333333334 0.017721145 0.5883333333333334 0.07368970999999999 0.7062454983333333 0.495 0.7286736233333334 0.495 0.724594835
1 0.99 0.24607638666666667 0.95368703 0.11197579166666666 0.5892270033333333 0.075 0.5840177133333333 0.075 0.6112433016666666 0.21401660833333333 0.99 0.248469965 0.99 0.24607638666666667
1 0.07913113333333333 0.016666666666666666 0.125549305 0.11377551 0.41333065333333335 0.13628451333333333 0.3795685966666667 0.026740696666666668 0.09123759499999999 0.016666666666666666 0.07913113333333333 0.016666666666666666
2 0.42833333333333334 0.409746575 0.28926309666666666 0.26666666666666666 0.2834761416666667 0.26666666666666666 0.035184886666666665 0.36999399666666666 0.23293408333333332 0.4645318133333333 0.23614951666666664 0.4660324133333333 0.42833333333333334 0.41072380999999997 0.42833333333333334 0.409746575
0 0.2325 0.78 0.04666666666666667 0.12
0 0.2825 0.21416666666666667 0.058333333333333334 0.10833333333333334
0 0.2225 0.53 0.07166666666666667 0.10666666666666667
0 0.6258333333333334 0.3566666666666667 0.35833333333333334 0.19333333333333333
5 0.8491666666666666 0.36833333333333335 0.12833333333333333 0.056666666666666664
5 0.22416666666666665 0.9208333333333333 0.23333333333333334 0.07666666666666666
5 0.2758333333333333 0.6566666666666666 0.36833333333333335 0.07
5 0.25166666666666665 0.37666666666666665 0.2633333333333333 0.06
5 0.11833333333333333 0.22083333333333333 0.16333333333333333 0.08166666666666667
5 0.7766666666666666 0.14916666666666667 0.32 0.07166666666666667
5 0.25583333333333336 0.0725 0.26666666666666666 0.06