4 0.5125 0.058333333333333334 0.20166666666666666 0.09
4 0.5283333333333333 0.9541666666666667 0.24333333333333335 0.09166666666666666
3 0.19416666666666665 0.8058333333333333 0.3233333333333333 0.13166666666666665
3 0.85 0.6516666666666666 0.2866666666666667 0.12666666666666668
5 0.5058333333333334 0.06583333333333333 0.13833333333333334 0.051666666666666666
5 0.49166666666666664 0.24333333333333335 0.17 0.06333333333333334
5 0.49416666666666664 0.4483333333333333 0.13833333333333334 0.04
5 0.2425 0.43333333333333335 0.14833333333333334 0.06666666666666667
5 0.9191666666666667 0.525 0.13 0.06333333333333334
5 0.8466666666666667 0.6466666666666666 0.23333333333333334 0.08166666666666667
5 0.17416666666666666 0.6266666666666667 0.18833333333333332 0.06
5 0.18916666666666668 0.795 0.255 0.07666666666666666
5 0.5025 0.9575 0.135 0.058333333333333334
0 0.5175 0.14583333333333334 0.04 0.085
0 0.49583333333333335 0.33916666666666667 0.04666666666666667 0.09333333333333334
0 0.7408333333333333 0.5116666666666667 0.23166666666666666 0.16666666666666666
0 0.15666666666666668 0.7116666666666667 0.04666666666666667 0.08666666666666667
0 0.2525 0.5125 0.23166666666666666 0.10833333333333334
0 0.30083333333333334 0.9158333333333334 0.22833333333333333 0.14166666666666666
0 0.765 0.8333333333333334 0.24666666666666667 0.2816666666666667
1 0.6933333333333334 0.17686295166666668 0.6933333333333334 0.17610525166666666 0.392527375 0.17610525166666666 0.382291375 0.18080331833333332 0.33104118 0.30666666666666664 0.38112160833333336 0.30666666666666664 0.577782665 0.30411862833333336 0.6933333333333334 0.17686295166666668
1 0.3516666666666667 0.5532069866666667 0.3516666666666667 0.5515507016666668 0.07655882 0.5611182116666666 0.06899517 0.5581004216666666 0.006266158333333333 0.6816666666666666 0.02142989 0.6816666666666666 0.28905754333333333 0.6635290583333333 0.3516666666666667 0.5532069866666667
2 0.6483333333333333 0.44535659 0.6483333333333333 0.4441801133333333 0.47540083333333333 0.368000035 0.47471551500000003 0.36064204333333333 0.3573459566666667 0.473611045 0.4891667333333334 0.505 0.4933434783333333 0.505 0.6483333333333333 0.44535659