2 0.47167138833333333 0.5822328933333334 0.36118980166666664 0.6617647066666666 0.48866855500000006 0.7352941183333334 0.5991501416666667 0.6422569033333334 0.47167138833333333 0.5822328933333334
1 0.07648725166666666 0.7322929166666666 0.019830028333333333 0.8508403366666667 0.22237960333333334 0.8283313333333333 0.273371105 0.717286915 0.07648725166666666 0.7322929166666666
1 0.35694051000000004 0.13955582166666666 0.321529745 0.22208883499999998 0.5028328616666667 0.22959183666666666 0.52549575 0.14555822333333335 0.35694051000000004 0.13955582166666666
4 0.39166666666666666 0.04833333333333333 0.16833333333333333 0.07833333333333334
4 0.125 0.9491666666666667 0.23916666666666667 0.07666666666666666
5 0.38 0.055 0.0975 0.049166666666666664
5 0.4166666666666667 0.18666666666666668 0.13916666666666666 0.058333333333333334
5 0.43 0.3258333333333333 0.14333333333333334 0.07166666666666667
5 0.49166666666666664 0.4533333333333333 0.2575 0.050833333333333335
5 0.8891666666666667 0.45166666666666666 0.17666666666666667 0.06
5 0.71 0.5783333333333334 0.055 0.043333333333333335
5 0.25416666666666665 0.64 0.08916666666666667 0.03166666666666667
5 0.48333333333333334 0.6475 0.14416666666666667 0.04666666666666667
5 0.14833333333333334 0.7816666666666666 0.17 0.05416666666666667
5 0.12916666666666668 0.94 0.15583333333333332 0.049166666666666664
3 0.43166666666666664 0.32 0.16583333333333333 0.09416666666666666
3 0.8783333333333333 0.4483333333333333 0.2125 0.10666666666666667
0 0.3908333333333333 0.11666666666666667 0.030833333333333334 0.04666666666666667
0 0.3983333333333333 0.2525 0.04416666666666667 0.056666666666666664
0 0.44416666666666665 0.3983333333333333 0.049166666666666664 0.04083333333333333
0 0.7075 0.44916666666666666 0.12916666666666668 0.034166666666666665
0 0.46166666666666667 0.5433333333333333 0.065 0.07166666666666667
0 0.2525 0.6891666666666667 0.24083333333333334 0.07166666666666667
0 0.12083333333333333 0.8808333333333334 0.058333333333333334 0.06916666666666667
0 0.8925 0.5641666666666667 0.056666666666666664 0.13833333333333334
0 0.7525 0.6258333333333334 0.3375 0.09333333333333334