5 0.04666666666666667 0.4608333333333333 0.07333333333333333 0.49833333333333335
5 0.22083333333333333 0.42833333333333334 0.06833333333333333 0.48
5 0.4266666666666667 0.4675 0.06 0.6633333333333333
5 0.6375 0.44916666666666666 0.065 0.6616666666666666
5 0.7966666666666666 0.51 0.06666666666666667 0.83
5 0.9608333333333333 0.45666666666666667 0.055 0.43333333333333335
0 0.12916666666666668 0.4625 0.08166666666666667 0.095
0 0.30333333333333334 0.4075 0.06666666666666667 0.10166666666666667
0 0.5366666666666666 0.4325 0.09333333333333334 0.08
0 0.7158333333333333 0.4191666666666667 0.055 0.08833333333333333
0 0.8833333333333333 0.48083333333333333 0.08 0.07666666666666666
4 0.049166666666666664 0.44 0.09833333333333333 0.8766666666666667
4 0.9583333333333334 0.49833333333333335 0.08333333333333333 0.8533333333333334
3 0.4175 0.4583333333333333 0.14166666666666666 0.7766666666666666
3 0.6166666666666667 0.46 0.10666666666666667 0.78
1 0.17347615 0.8483333333333334 0.2816666666666667 0.6975212683333334 0.2816666666666667 0.6629850983333334 0.26649374833333334 0.06597143333333333 0.16626021166666669 0.23460953333333331 0.17195275166666665 0.8483333333333334 0.17347615 0.8483333333333334
1 0.8466666666666667 0.81850873 0.83758168 0.024139249999999998 0.749596915 0.14139858333333333 0.751070465 0.9813650233333334 0.8466666666666667 0.8652707533333334 0.8466666666666667 0.81850873