4 0.050833333333333335 0.8716666666666667 0.085 0.23333333333333334
0 0.14 0.8758333333333334 0.07666666666666666 0.03333333333333333
0 0.3441666666666667 0.8733333333333333 0.07166666666666667 0.02666666666666667
3 0.4583333333333333 0.4633333333333333 0.13666666666666666 0.21666666666666667
0 0.45666666666666667 0.665 0.04666666666666667 0.15
0 0.54 0.2275 0.20666666666666667 0.24833333333333332
0 0.7258333333333333 0.6233333333333333 0.04666666666666667 0.16666666666666666
0 0.7183333333333334 0.2866666666666667 0.05 0.14333333333333334
0 0.8316666666666667 0.83 0.08333333333333333 0.02666666666666667
3 0.4583333333333333 0.8508333333333333 0.14 0.23
3 0.7183333333333334 0.11 0.13333333333333333 0.2
5 0.45666666666666667 0.8558333333333333 0.11 0.12333333333333334
5 0.46166666666666667 0.4766666666666667 0.08666666666666667 0.16666666666666666
5 0.245 0.8708333333333333 0.07 0.17166666666666666
5 0.7216666666666667 0.12 0.06666666666666667 0.14666666666666667
5 0.7225 0.84 0.055 0.14
5 0.7275 0.4483333333333333 0.06166666666666667 0.11333333333333333
5 0.9483333333333334 0.83 0.056666666666666664 0.14
5 0.70282933 0.35833333333333334 0.6449474466666666 0.4562284916666667 0.7305330316666666 0.537260905 0.795 0.45379700500000003 0.795 0.450102775 0.704632975 0.35833333333333334 0.70282933 0.35833333333333334
5 0.18892129333333335 0.7216666666666667 0.18593093166666666 0.9592577016666667 0.3016666666666667 0.9815012133333333 0.3016666666666667 0.9593710750000001 0.289534535 0.76267907 0.19133877166666666 0.7216666666666667 0.18892129333333335 0.7216666666666667
5 0.6608033016666667 0.9055532216666667 0.792935435 0.9490706283333332 0.7749174166666667 0.7239805916666666 0.663924155 0.675 0.6593149683333334 0.675 0.6608033016666667 0.9055532216666667
4 0.9516666666666667 0.8308333333333333 0.07666666666666666 0.2783333333333333