5 0.056666666666666664 0.5225 0.06333333333333334 0.195
5 0.215 0.5408333333333334 0.06333333333333334 0.295
5 0.38083333333333336 0.5783333333333334 0.07166666666666667 0.52
5 0.555 0.5675 0.07666666666666666 0.535
5 0.755 0.49333333333333335 0.09666666666666666 0.7533333333333333
5 0.935 0.6375 0.08 0.17166666666666666
0 0.1375 0.51 0.058333333333333334 0.06
0 0.29833333333333334 0.5725 0.06666666666666667 0.06166666666666667
0 0.4675 0.5766666666666667 0.085 0.05
0 0.6475 0.565 0.07 0.04666666666666667
0 0.86 0.5925 0.08 0.07166666666666667
4 0.06333333333333334 0.51 0.10666666666666667 0.29
4 0.9425 0.6366666666666667 0.10833333333333334 0.31666666666666665
3 0.37583333333333335 0.5816666666666667 0.13166666666666665 0.6066666666666667
3 0.5575 0.5891666666666666 0.12833333333333333 0.6716666666666666
1 0.17276817666666666 0.27166666666666667 0.17231411333333335 0.27166666666666667 0.16061736499999998 0.70449584 0.25878764 0.8039762433333333 0.26999534999999997 0.3878976083333333 0.17276817666666666 0.27166666666666667
1 0.7964583516666667 0.9893916216666666 0.85 0.3671917316666667 0.85 0.3357010916666667 0.8444913433333334 0.2060598133333333 0.7220593133333334 0.01 0.7209057066666666 0.01 0.690785795 0.14661993833333334 0.66852188 0.9228452216666667 0.7756441283333334 0.9893916216666666 0.7964583516666667 0.9893916216666666