5 0.88 0.9483333333333334 0.14666666666666667 0.07333333333333333
5 0.8141666666666667 0.7241666666666666 0.2833333333333333 0.15166666666666667
5 0.49416666666666664 0.48 0.095 0.08
5 0.18416666666666667 0.4225 0.2683333333333333 0.18833333333333332
5 0.815 0.42 0.17 0.11666666666666667
5 0.7275 0.25666666666666665 0.09166666666666666 0.06
5 0.8225 0.1025 0.21666666666666667 0.07833333333333334
5 0.17333333333333334 0.08083333333333333 0.30666666666666664 0.08166666666666667
0 0.8516666666666667 0.86 0.05 0.08666666666666667
0 0.8391666666666666 0.5825 0.04666666666666667 0.11833333333333333
0 0.8058333333333333 0.23583333333333334 0.051666666666666666 0.12666666666666668
0 0.5075 0.42333333333333334 0.3516666666666667 0.056666666666666664
0 0.17416666666666666 0.24666666666666667 0.056666666666666664 0.14
0 0.49416666666666664 0.11333333333333333 0.32 0.06333333333333334
4 0.8566666666666667 0.94 0.28 0.12
3 0.8033333333333333 0.7358333333333333 0.33 0.18833333333333332
3 0.18083333333333335 0.4141666666666667 0.3416666666666667 0.23833333333333334
3 0.17666666666666667 0.09583333333333334 0.35 0.18833333333333332
3 0.8066666666666666 0.11 0.30666666666666664 0.12666666666666668
2 0.8029173033333333 0.3016666666666667 0.8007416533333334 0.3016666666666667 0.6668394933333334 0.4288893366666666 0.8414358683333333 0.533151605 0.9514445266666667 0.40327170333333334 0.8029173033333333 0.3016666666666667