4 0.035833333333333335 0.4766666666666667 0.06666666666666667 0.54
4 0.9566666666666667 0.5258333333333334 0.07666666666666666 0.575
0 0.11333333333333333 0.5333333333333333 0.08666666666666667 0.20666666666666667
0 0.35 0.6116666666666667 0.08333333333333333 0.23
0 0.5758333333333333 0.4741666666666667 0.085 0.265
0 0.8633333333333333 0.4483333333333333 0.10333333333333333 0.24333333333333335
1 0.764017645 0.91 0.8233333333333334 0.10426785333333334 0.8233333333333334 0.08770932499999999 0.6391143833333334 0.07226684 0.5993792849999999 0.8961010366666666 0.7464851233333334 0.91 0.764017645 0.91
1 0.273356075 0.855 0.27413333666666667 0.855 0.33 0.239834175 0.33 0.2333180883333333 0.18917073166666665 0.20753647166666667 0.19116068333333333 0.22824330333333331 0.14724294166666665 0.824098225 0.273356075 0.855
3 0.39258439166666664 0.9516666666666667 0.39529670499999997 0.9516666666666667 0.5278166033333332 0.8704317799999999 0.5361818883333334 0.13986183 0.39536627166666666 0.24348877333333335 0.39258439166666664 0.9516666666666667
5 0.7041666666666667 0.4483333333333333 0.13833333333333334 0.41
5 0.4625 0.4816666666666667 0.12166666666666667 0.21666666666666667
5 0.23 0.5233333333333333 0.09 0.35333333333333333