5 0.5041666666666667 0.07333333333333333 0.15 0.07333333333333333
5 0.48083333333333333 0.23166666666666666 0.18916666666666668 0.07
5 0.46416666666666667 0.36 0.17166666666666666 0.08666666666666667
5 0.49583333333333335 0.49666666666666665 0.21 0.08083333333333333
5 0.8666666666666667 0.49833333333333335 0.16166666666666665 0.059166666666666666
5 0.715 0.635 0.045 0.03916666666666667
5 0.49 0.6583333333333333 0.14333333333333334 0.05
5 0.16833333333333333 0.785 0.20416666666666666 0.05583333333333333
5 0.16833333333333333 0.9408333333333333 0.15 0.0675
0 0.495 0.15083333333333335 0.04666666666666667 0.05583333333333333
0 0.485 0.28583333333333333 0.0325 0.04583333333333333
0 0.4775 0.43416666666666665 0.0375 0.05583333333333333
0 0.4791666666666667 0.575 0.05416666666666667 0.0525
0 0.19083333333333333 0.8658333333333333 0.0675 0.065
0 0.6691666666666667 0.48583333333333334 0.16416666666666666 0.055
4 0.49333333333333335 0.06583333333333333 0.22583333333333333 0.11916666666666667
4 0.17916666666666667 0.9441666666666667 0.2225 0.0975
3 0.4841666666666667 0.3566666666666667 0.24666666666666667 0.09916666666666667
3 0.48583333333333334 0.5008333333333334 0.22 0.10833333333333334
3 0.8716666666666667 0.4925 0.22583333333333333 0.11583333333333333
1 0.6402592116666667 0.17868673166666668 0.38885369833333333 0.19459459666666667 0.3447541416666667 0.266800105 0.587912625 0.26840220333333337 0.6402592116666667 0.17868673166666668
1 0.32786813666666664 0.716979315 0.08486383166666667 0.7471471483333334 0.008722636666666667 0.8419401466666666 0.28058727499999997 0.8259195333333333 0.32786813666666664 0.716979315
2 0.4732953283333333 0.603003005 0.35826299666666667 0.6561009966666667 0.48153074833333337 0.7121731433333333 0.5980442016666667 0.6561009966666667 0.4732953283333333 0.603003005
5 0.2833333333333333 0.625 0.025 0.0325
0 0.26 0.6908333333333333 0.2025 0.0875
0 0.7408333333333333 0.6158333333333333 0.29833333333333334 0.12166666666666667