5 0.49416666666666664 0.25833333333333336 0.6633333333333333 0.0675
5 0.4125 0.5108333333333334 0.6983333333333334 0.085
5 0.5466666666666666 0.74 0.7566666666666667 0.08166666666666667
0 0.37333333333333335 0.16166666666666665 0.11333333333333333 0.09416666666666666
0 0.39416666666666667 0.38416666666666666 0.13083333333333333 0.1075
0 0.4375 0.6166666666666667 0.1425 0.09166666666666666
0 0.45416666666666666 0.8625 0.11916666666666667 0.08583333333333333
4 0.37166666666666665 0.0575 0.3825 0.10666666666666667
4 0.4608333333333333 0.9416666666666667 0.36333333333333334 0.11
3 0.44583333333333336 0.5058333333333334 0.8775 0.1175
1 0.8948010150000001 0.20579818333333333 0.11255399999999999 0.21848739666666664 0.01430389 0.34189165833333335 0.7464026466666667 0.32267845 0.8948010150000001 0.20579818333333333
1 0.9887863433333333 0.65890939 0.12492258333333335 0.6806722700000001 0.009357355 0.8238227083333334 0.8502814283333333 0.8014072883333334 0.9887863433333333 0.65890939