4 0.6558333333333334 0.04833333333333333 0.3408333333333333 0.06416666666666666
5 0.6725 0.043333333333333335 0.24583333333333332 0.041666666666666664
0 0.6558333333333334 0.1325 0.09083333333333334 0.08
1 0.7075 0.21 0.48833333333333334 0.06
5 0.6941666666666667 0.21 0.37583333333333335 0.04
0 0.6725 0.29333333333333333 0.125 0.07
3 0.6925 0.3775 0.4666666666666667 0.07833333333333334
5 0.69 0.36833333333333335 0.37583333333333335 0.07166666666666667
0 0.6666666666666666 0.4725 0.06916666666666667 0.08
3 0.7158333333333333 0.5266666666666666 0.5683333333333334 0.05416666666666667
5 0.7358333333333333 0.5366666666666666 0.5266666666666666 0.04
5 0.2816666666666667 0.5691666666666667 0.285 0.09416666666666666
3 0.16916666666666666 0.6475 0.285 0.05
0 0.66 0.6175 0.1075 0.09416666666666666
0 0.34833333333333333 0.7091666666666666 0.315 0.07833333333333334
5 0.18666666666666668 0.6466666666666666 0.22416666666666665 0.03166666666666667
5 0.64 0.7191666666666666 0.155 0.034166666666666665
0 0.64 0.7966666666666666 0.0775 0.06416666666666666
5 0.7633333333333333 0.7825 0.11666666666666667 0.03166666666666667
5 0.4175 0.7033333333333334 0.125 0.04583333333333333
1 0.6316666666666667 0.8558333333333333 0.415 0.058333333333333334
5 0.6316666666666667 0.86 0.29333333333333333 0.03833333333333333
0 0.6275 0.9166666666666666 0.0775 0.06
4 0.625 0.9633333333333334 0.24583333333333332 0.05416666666666667
5 0.6183333333333333 0.965 0.16416666666666666 0.035833333333333335
2 0.6355382616666666 0.7638055216666667 0.7944228266666667 0.7112845133333333 0.6539281083333334 0.6692134833333334 0.4928664066666667 0.723289315 0.6355382616666666 0.7638055216666667