2 0.6145797 0.6885759 0.6899197766666667 0.5680751166666667 0.6117893266666666 0.4898278566666666 0.53644925 0.58372457 0.5273805366666666 0.6025039116666666 0.5336588766666667 0.5993740216666666 0.6145797 0.6885759
1 0.205790025 0.4397496083333333 0.16184164666666667 0.61971831 0.36135333166666667 0.6338028166666667 0.39274503 0.4647887316666667 0.205790025 0.4397496083333333
1 0.34600627833333336 0.8575899849999999 0.3125218 0.9765258216666666 0.5092431116666667 0.9827856033333334 0.5329612833333334 0.8794992183333333 0.34600627833333336 0.8575899849999999
1 0.82804325 0.8419405316666666 0.7924659916666666 0.9765258216666666 0.9564004183333332 0.9796557116666665 0.9926752699999999 0.8622848200000001 0.82804325 0.8419405316666666
4 0.6166666666666667 0.07833333333333334 0.07666666666666666 0.125
4 0.30333333333333334 0.0725 0.059166666666666666 0.12083333333333333
3 0.30333333333333334 0.24166666666666667 0.19333333333333333 0.11416666666666667
3 0.625 0.2633333333333333 0.21583333333333332 0.09833333333333333
3 0.8825 0.5766666666666667 0.14 0.15166666666666667
0 0.4583333333333333 0.5891666666666666 0.1475 0.0925
0 0.2775 0.37333333333333335 0.020833333333333332 0.12333333333333334
0 0.615 0.4 0.0275 0.155
0 0.745 0.585 0.10916666666666666 0.06583333333333333
0 0.8966666666666666 0.7433333333333333 0.03916666666666667 0.15333333333333332
0 0.7733333333333333 0.8966666666666666 0.06333333333333334 0.07166666666666667
0 0.5525 0.9075 0.049166666666666664 0.06583333333333333
0 0.2633333333333333 0.9133333333333333 0.12 0.07083333333333333
0 0.21 0.7425 0.10916666666666666 0.255
3 0.6525 0.9091666666666667 0.12666666666666668 0.12166666666666667
3 0.09833333333333333 0.9158333333333334 0.18166666666666667 0.11583333333333333
5 0.30916666666666665 0.24166666666666667 0.16833333333333333 0.07333333333333333
5 0.63 0.25166666666666665 0.19666666666666666 0.056666666666666664
5 0.285 0.5333333333333333 0.16583333333333333 0.14083333333333334
5 0.6091666666666666 0.585 0.10583333333333333 0.0625
5 0.8891666666666667 0.5791666666666667 0.12 0.09083333333333334
5 0.8941666666666667 0.9058333333333334 0.12166666666666667 0.09666666666666666
5 0.6508333333333334 0.905 0.12083333333333333 0.07333333333333333
5 0.4275 0.9316666666666666 0.16833333333333333 0.0925
5 0.0975 0.92 0.15416666666666667 0.0625
5 0.7433333333333333 0.52 0.049166666666666664 0.060833333333333336
5 0.305 0.06 0.023333333333333334 0.08
5 0.6175 0.07083333333333333 0.0275 0.07833333333333334