4 0.6016666666666667 0.09333333333333334 0.19666666666666666 0.16666666666666666
4 0.7575 0.8583333333333333 0.18166666666666667 0.16083333333333333
3 0.19083333333333333 0.45916666666666667 0.36583333333333334 0.20083333333333334
3 0.25083333333333335 0.785 0.3466666666666667 0.19666666666666666
5 0.16416666666666666 0.455 0.22416666666666665 0.09166666666666666
5 0.4125 0.4058333333333333 0.14666666666666667 0.06166666666666667
5 0.8925 0.6608333333333334 0.215 0.09416666666666666
5 0.25666666666666665 0.7883333333333333 0.2425 0.16666666666666666
0 0.6175 0.24916666666666668 0.056666666666666664 0.12
0 0.7341666666666666 0.6758333333333333 0.09916666666666667 0.18416666666666667
0 0.4575 0.9416666666666667 0.4666666666666667 0.11666666666666667
0 0.20416666666666666 0.6225 0.06166666666666667 0.10833333333333334
0 0.4166666666666667 0.4691666666666667 0.13416666666666666 0.04833333333333333
2 0.6179066833333333 0.3074385116666667 0.47604035333333333 0.49490101999999997 0.72667087 0.5833833233333333 0.8385876416666667 0.4184163166666667 0.6179066833333333 0.3074385116666667