2 0.59059633 0.24909964 0.4085435783333333 0.16506602666666667 0.2565940366666667 0.28811524666666666 0.30103211 0.3361344533333333 0.4071100916666667 0.37665066 0.59059633 0.24909964
2 0.4085435783333333 0.46218487333333336 0.2522935783333333 0.589735895 0.43434633 0.6962785116666667 0.653669725 0.56572629 0.4085435783333333 0.46218487333333336
2 0.4314793583333333 0.7653061216666667 0.4386467883333333 0.7743097233333333 0.24655963333333333 0.9168667466666667 0.5948967883333333 0.9918967583333334 0.72821101 0.8643457383333333 0.4314793583333333 0.7653061216666667
5 0.415 0.04833333333333333 0.105 0.06
5 0.4275 0.275 0.21083333333333334 0.08666666666666667
5 0.8958333333333334 0.7008333333333333 0.095 0.03916666666666667
5 0.9658333333333333 0.4741666666666667 0.05416666666666667 0.06
5 0.7316666666666667 0.6241666666666666 0.06166666666666667 0.045
5 0.4875 0.7266666666666667 0.0375 0.043333333333333335
5 0.4583333333333333 0.5725 0.26416666666666666 0.10666666666666667
5 0.52 0.8791666666666667 0.3466666666666667 0.12916666666666668
5 0.7891666666666667 0.83 0.059166666666666666 0.05416666666666667
5 0.12416666666666666 0.8091666666666667 0.19083333333333333 0.045
0 0.9116666666666666 0.43083333333333335 0.06 0.4475
0 0.4008333333333333 0.4141666666666667 0.05583333333333333 0.09
0 0.43833333333333335 0.7366666666666667 0.043333333333333335 0.09583333333333334
0 0.165 0.895 0.18666666666666668 0.0975
0 0.8341666666666666 0.8266666666666667 0.22666666666666666 0.21916666666666668
0 0.7391666666666666 0.6275 0.19083333333333333 0.18916666666666668
0 0.41833333333333333 0.13583333333333333 0.04 0.07333333333333333
4 0.1225 0.8091666666666667 0.23666666666666666 0.08583333333333333
4 0.41333333333333333 0.051666666666666666 0.205 0.09416666666666666
4 0.8991666666666667 0.6966666666666667 0.145 0.07833333333333334