5 0.7591666666666667 0.03833333333333333 0.155 0.06
5 0.7608333333333334 0.16583333333333333 0.1925 0.03833333333333333
5 0.7316666666666667 0.3325 0.16416666666666666 0.06416666666666666
5 0.7575 0.4825 0.2808333333333333 0.05
5 0.16166666666666665 0.6258333333333334 0.24 0.06666666666666667
5 0.49083333333333334 0.6041666666666666 0.09916666666666667 0.04666666666666667
5 0.7933333333333333 0.6291666666666667 0.19833333333333333 0.0475
5 0.8733333333333333 0.72 0.10416666666666667 0.065
5 0.7333333333333333 0.8091666666666667 0.2875 0.065
5 0.725 0.9433333333333334 0.1625 0.06333333333333334
0 0.7841666666666667 0.09416666666666666 0.065 0.06333333333333334
0 0.7541666666666667 0.25 0.06333333333333334 0.07833333333333334
0 0.7575 0.41333333333333333 0.0625 0.056666666666666664
0 0.7633333333333333 0.5675 0.08083333333333333 0.06166666666666667
0 0.7491666666666666 0.7291666666666666 0.07333333333333333 0.07583333333333334
0 0.7108333333333333 0.8766666666666667 0.06416666666666666 0.051666666666666666
0 0.4675 0.6325 0.2816666666666667 0.030833333333333334
4 0.78 0.0375 0.26 0.07416666666666667
4 0.7291666666666666 0.9441666666666667 0.27166666666666667 0.09666666666666666
3 0.7383333333333333 0.335 0.2725 0.0875
3 0.7533333333333333 0.49083333333333334 0.3441666666666667 0.09416666666666666
3 0.15833333333333333 0.6266666666666667 0.3025 0.12666666666666668
1 0.9127955150000001 0.13543109333333334 0.661886565 0.13382902666666666 0.6035947116666667 0.19791148 0.813952765 0.20271765166666667 0.9127955150000001 0.13543109333333334
2 0.7556607183333334 0.57599793 0.590922545 0.6416824816666666 0.78860843 0.6993566649999999 0.9381398483333334 0.633672175 0.7556607183333334 0.57599793
0 0.157534465 0.5023031333333333 0.5833191666666666 0.513517575 0.573181395 0.46064956333333335 0.12965554333333332 0.4622516 0.12205236 0.56958972 0.17274102833333332 0.5663855866666666 0.157534465 0.5023031333333333
1 0.9938973066666666 0.7778576949999999 0.5773129966666666 0.7711711733333333 0.5098205583333333 0.8627669933333334 0.9001233466666667 0.8675731033333333 0.9938973066666666 0.7778576949999999