4 0.54 0.07333333333333333 0.14333333333333334 0.13666666666666666
0 0.5416666666666666 0.20333333333333334 0.07333333333333333 0.11333333333333333
0 0.5166666666666667 0.5133333333333333 0.08666666666666667 0.11333333333333333
0 0.42 0.8133333333333334 0.36 0.14
0 0.7966666666666666 0.6983333333333334 0.24 0.18
0 0.5241666666666667 0.51 0.085 0.11333333333333333
2 0.49982717499999996 0.7416666666666667 0.6616666666666666 0.6298842283333334 0.6616666666666666 0.62848316 0.5147026533333333 0.5655163983333333 0.35916742833333337 0.6366957433333333 0.496791705 0.7416666666666667 0.49982717499999996 0.7416666666666667
1 0.06319190166666666 0.995 0.25166666666666665 0.9573815033333333 0.25166666666666665 0.9556298766666667 0.22630909 0.7898488016666667 0.014049253333333333 0.8359060233333333 0.055765935 0.995 0.06319190166666666 0.995
1 0.3879323333333333 0.46 0.6198185416666666 0.42023901 0.65 0.25706450166666667 0.65 0.25226868666666663 0.427686795 0.3023046066666667 0.38396878166666665 0.46 0.3879323333333333 0.46
5 0.7661073183333333 0.99 0.9567375716666667 0.949534775 0.9883333333333333 0.7821791633333334 0.9883333333333333 0.7753497383333333 0.7609461716666667 0.8218306583333334 0.7627683366666667 0.99 0.7661073183333333 0.99
5 0.5525 0.36083333333333334 0.08833333333333333 0.14333333333333334
5 0.5158333333333334 0.6491666666666667 0.12833333333333333 0.11166666666666666
5 0.4125 0.8333333333333334 0.085 0.02666666666666667
5 0.15583333333333332 0.8916666666666667 0.15833333333333333 0.12333333333333334
5 0.8783333333333333 0.8841666666666667 0.10666666666666667 0.135
5 0.765 0.6533333333333333 0.10666666666666667 0.023333333333333334