0 0.48833333333333334 0.1975 0.17666666666666667 0.12833333333333333
0 0.5291666666666667 0.42833333333333334 0.175 0.12333333333333334
0 0.495 0.6616666666666666 0.20333333333333334 0.09666666666666666
0 0.48833333333333334 0.8566666666666667 0.17666666666666667 0.09
3 0.5241666666666667 0.5491666666666667 0.8616666666666667 0.16166666666666665
1 0.47833333333333333 0.3125 0.8933333333333333 0.125
1 0.475 0.7558333333333334 0.9 0.12833333333333333
4 0.48 0.08 0.5833333333333334 0.14
4 0.4766666666666667 0.9441666666666667 0.5066666666666667 0.11166666666666666
5 0.5433333333333333 0.32 0.64 0.07333333333333333
5 0.5566666666666666 0.56 0.6133333333333333 0.06666666666666667
5 0.5058333333333334 0.7625 0.715 0.058333333333333334