4 0.18583333333333332 0.9208333333333333 0.23666666666666666 0.15166666666666667
4 0.7875 0.075 0.3383333333333333 0.14
0 0.19583333333333333 0.775 0.115 0.13666666666666666
0 0.19583333333333333 0.49166666666666664 0.085 0.12333333333333334
0 0.49666666666666665 0.5225 0.23 0.3983333333333333
3 0.7775 0.4141666666666667 0.3516666666666667 0.31333333333333335
3 0.78 0.7183333333333334 0.3566666666666667 0.23666666666666666
0 0.815 0.5775 0.13666666666666666 0.03666666666666667
0 0.7983333333333333 0.19833333333333333 0.08333333333333333 0.10333333333333333
3 0.19833333333333333 0.2966666666666667 0.3466666666666667 0.2733333333333333
5 0.20416666666666666 0.9391666666666667 0.12166666666666667 0.08666666666666667
5 0.185 0.6333333333333333 0.12333333333333334 0.11333333333333333
5 0.1725 0.335 0.13333333333333333 0.15
5 0.18333333333333332 0.21416666666666667 0.14666666666666667 0.07166666666666667
5 0.17583333333333334 0.2941666666666667 0.175 0.24166666666666667
5 0.7858333333333334 0.7183333333333334 0.15333333333333332 0.21333333333333335
5 0.8141666666666667 0.48333333333333334 0.14833333333333334 0.13333333333333333
5 0.805 0.3458333333333333 0.12666666666666668 0.11666666666666667
5 0.8025 0.4191666666666667 0.19166666666666668 0.2683333333333333
5 0.7833333333333333 0.07916666666666666 0.14666666666666667 0.08833333333333333
1 0.052704405 0.54 0.045172955 0.54 0.03515723166666667 0.6843688983333333 0.3433333333333333 0.723261755 0.3433333333333333 0.566402465 0.052704405 0.54