5 0.9358333333333333 0.43 0.095 0.11333333333333333
5 0.6041666666666666 0.21916666666666668 0.06 0.095
5 0.5875 0.6141666666666666 0.08833333333333333 0.15833333333333333
5 0.5991666666666666 0.9141666666666667 0.07833333333333334 0.12666666666666668
5 0.44916666666666666 0.115 0.085 0.13
5 0.3025 0.17083333333333334 0.07 0.23
5 0.06833333333333333 0.18583333333333332 0.07 0.10666666666666667
4 0.5991666666666666 0.9025 0.165 0.16833333333333333
4 0.06666666666666667 0.18583333333333332 0.11 0.175
0 0.595 0.7691666666666667 0.04666666666666667 0.085
0 0.5825 0.4025 0.05 0.19166666666666668
0 0.78 0.42833333333333334 0.22 0.44
0 0.435 0.2025 0.15666666666666668 0.041666666666666664
0 0.185 0.17666666666666667 0.11666666666666667 0.04666666666666667
2 0.623024895 0.1 0.52 0.21078555 0.52 0.21370285999999997 0.5994818516666667 0.30333333333333334 0.5999290433333333 0.30333333333333334 0.6866421699999999 0.23884576333333332 0.6239605433333334 0.1 0.623024895 0.1
1 0.6523132833333333 0.455 0.5273430333333333 0.5320953833333333 0.525 0.7104439933333333 0.525 0.7600084616666667 0.6563172383333333 0.68049721 0.6548277433333333 0.455 0.6523132833333333 0.455
1 0.374272645 0.008333333333333333 0.26228704166666666 0.07936834 0.23 0.3511991383333333 0.23 0.35681578333333336 0.3567681466666667 0.29753171 0.37617945166666666 0.008333333333333333 0.374272645 0.008333333333333333