1 0.275 0.24259345499999999 0.056986 0.25455658833333333 0.014237335 0.3466666666666667 0.027854643333333335 0.3466666666666667 0.2310366316666667 0.33404069166666667 0.275 0.24384760166666666 0.275 0.24259345499999999
1 0.24034138833333335 0.778781745 0.28493287333333334 0.6723030383333334 0.072044495 0.6873000383333333 0.029369565000000004 0.7866666666666666 0.055052528333333337 0.7866666666666666 0.24034138833333335 0.778781745
2 0.655 0.72970275 0.5535318366666666 0.6909628083333333 0.4816100883333333 0.74795141 0.5509898750000001 0.7966666666666666 0.5532825083333334 0.7966666666666666 0.655 0.73038555 0.655 0.72970275
3 0.04788448666666667 0.43852916000000003 0.05577230833333334 0.5783333333333334 0.067763455 0.5783333333333334 0.2633333333333333 0.5586464849999999 0.2633333333333333 0.42811607333333335 0.04788448666666667 0.43852916000000003
3 0.5625 0.4716666666666667 0.255 0.14333333333333334
3 0.8991666666666667 0.7033333333333334 0.19166666666666668 0.12666666666666668
5 0.12666666666666668 0.07166666666666667 0.14 0.07166666666666667
5 0.14333333333333334 0.295 0.17666666666666667 0.06333333333333334
5 0.5483333333333333 0.4708333333333333 0.19333333333333333 0.065
5 0.89 0.7008333333333333 0.16 0.07333333333333333
5 0.39166666666666666 0.6958333333333333 0.14 0.08166666666666667
5 0.7225 0.6658333333333334 0.10333333333333333 0.08166666666666667
5 0.14333333333333334 0.49833333333333335 0.16333333333333333 0.10333333333333333
5 0.145 0.7358333333333333 0.14666666666666667 0.07166666666666667
5 0.15916666666666668 0.9341666666666667 0.13166666666666665 0.056666666666666664
0 0.3516666666666667 0.495 0.16333333333333333 0.07
0 0.1375 0.17416666666666666 0.04833333333333333 0.115
0 0.12916666666666668 0.39 0.043333333333333335 0.08
0 0.7983333333333333 0.5316666666666666 0.21333333333333335 0.21666666666666667
0 0.5558333333333333 0.6183333333333333 0.05 0.15666666666666668
0 0.7341666666666666 0.7225 0.16 0.051666666666666666
0 0.37416666666666665 0.7391666666666666 0.225 0.055
0 0.14916666666666667 0.8416666666666667 0.055 0.08333333333333333
4 0.13583333333333333 0.0575 0.21166666666666667 0.10333333333333333
4 0.165 0.9375 0.21 0.09833333333333333