0 0.48583333333333334 0.12916666666666668 0.028333333333333332 0.12
0 0.4791666666666667 0.30083333333333334 0.0325 0.13916666666666666
0 0.4766666666666667 0.49916666666666665 0.03666666666666667 0.10333333333333333
0 0.6858333333333333 0.5983333333333334 0.2075 0.03916666666666667
0 0.7183333333333334 0.7175 0.36916666666666664 0.16166666666666665
0 0.4691666666666667 0.6816666666666666 0.0325 0.09416666666666666
0 0.255 0.7716666666666666 0.2866666666666667 0.07083333333333333
0 0.11166666666666666 0.9058333333333334 0.029166666666666667 0.0825
4 0.4866666666666667 0.03666666666666667 0.14666666666666667 0.06166666666666667
4 0.10333333333333333 0.9633333333333334 0.13083333333333333 0.045
3 0.48 0.415 0.1925 0.07916666666666666
3 0.4791666666666667 0.595 0.20583333333333334 0.08833333333333333
3 0.8941666666666667 0.595 0.19833333333333333 0.08833333333333333
2 0.4761904766666667 0.7292917166666667 0.4071134633333333 0.7653061216666667 0.471781305 0.81182473 0.5379188716666667 0.7728091233333333 0.4761904766666667 0.7292917166666667
1 0.045561435 0.81032413 0.005878895 0.8613445383333334 0.17636684333333333 0.8628451383333333 0.20723104 0.81182473 0.045561435 0.81032413
1 0.4218107 0.19507803166666668 0.3865373316666667 0.23559423833333332 0.5335097 0.23559423833333332 0.55702528 0.19657863166666667 0.4218107 0.19507803166666668
5 0.48833333333333334 0.0375 0.075 0.035833333333333335
5 0.475 0.2125 0.09083333333333334 0.025833333333333333
5 0.48833333333333334 0.41 0.10916666666666666 0.06
5 0.8858333333333334 0.5883333333333334 0.13083333333333333 0.05416666666666667
5 0.48583333333333334 0.5983333333333334 0.18666666666666668 0.0525
5 0.4741666666666667 0.7691666666666667 0.08083333333333333 0.04083333333333333
5 0.11416666666666667 0.8291666666666667 0.11916666666666667 0.028333333333333332
5 0.10916666666666666 0.965 0.08083333333333333 0.03