4 0.9333333333333333 0.155 0.11333333333333333 0.16333333333333333
4 0.325 0.8975 0.12 0.19166666666666668
5 0.9233333333333333 0.14666666666666667 0.056666666666666664 0.11
5 0.8016666666666666 0.16833333333333333 0.06 0.24666666666666667
5 0.6625 0.195 0.07166666666666667 0.26
5 0.4675 0.20083333333333334 0.06333333333333334 0.10166666666666667
5 0.4633333333333333 0.4683333333333333 0.06333333333333334 0.13666666666666666
5 0.30666666666666664 0.48 0.06 0.25333333333333335
5 0.31833333333333336 0.89 0.07666666666666666 0.08666666666666667
5 0.10833333333333334 0.5525 0.13 0.255
5 0.11916666666666667 0.62 0.14166666666666666 0.14
5 0.0875 0.17916666666666667 0.11166666666666666 0.24833333333333332
5 0.1025 0.26 0.115 0.12666666666666668
5 0.49666666666666665 0.33416666666666667 0.06 0.058333333333333334
5 0.2633333333333333 0.20416666666666666 0.056666666666666664 0.09166666666666666
3 0.6591666666666667 0.1925 0.12333333333333334 0.31
1 0.7495708283333333 0.2919855966666667 0.859244695 0.32166666666666666 0.8635731333333333 0.32166666666666666 0.853112245 0.03592707 0.7433333333333333 0.011065068333333332 0.7433333333333333 0.05820874833333334 0.7495708283333333 0.2919855966666667
2 0.35333333333333333 0.22529596333333335 0.4607510633333334 0.31833333333333336 0.4638485 0.31833333333333336 0.5482663083333333 0.188590535 0.4252170866666667 0.094854825 0.35333333333333333 0.2249078833333333 0.35333333333333333 0.22529596333333335
1 0.4083333333333333 0.5421044749999999 0.548610445 0.58757659 0.52310024 0.41153635166666663 0.4083333333333333 0.36612001 0.4083333333333333 0.5421044749999999
2 0.195 0.22635790166666667 0.2639503 0.28 0.2644275566666667 0.28 0.32276610666666666 0.20821101833333333 0.25073729499999997 0.108759715 0.195 0.2227292266666667 0.195 0.22635790166666667
1 0.25333333333333335 0.32167049666666664 0.2646818716666667 0.5961499766666666 0.37653068 0.645 0.37666666666666665 0.645 0.37666666666666665 0.6380775383333334 0.3547178866666667 0.35495198833333336 0.25333333333333335 0.306114025 0.25333333333333335 0.32167049666666664
1 0.025495198333333333 0.3198308183333333 0.15401937833333332 0.35833333333333334 0.15905594333333334 0.35833333333333334 0.16054921833333333 0.05119799 0.013333333333333334 0.01948014 0.013333333333333334 0.049098818333333336 0.025495198333333333 0.3198308183333333
1 0.030258103333333335 0.6776394600000001 0.19845955166666668 0.7383333333333333 0.20127904666666666 0.7383333333333333 0.18632052833333332 0.4124359833333333 0.028333333333333332 0.37496835833333336 0.028333333333333332 0.4833626316666667 0.030258103333333335 0.6776394600000001
0 0.3075 0.7166666666666667 0.04833333333333333 0.16666666666666666
0 0.4375 0.7516666666666667 0.11166666666666666 0.35333333333333333
0 0.2775 0.30083333333333334 0.018333333333333333 0.045
0 0.1 0.37583333333333335 0.03 0.058333333333333334
0 0.17 0.8183333333333334 0.17666666666666667 0.21