5 0.425 0.05 0.17333333333333334 0.034166666666666665
5 0.4275 0.20666666666666667 0.21166666666666667 0.05416666666666667
5 0.4583333333333333 0.4075 0.1425 0.07666666666666666
5 0.18166666666666667 0.4 0.15916666666666668 0.06416666666666666
5 0.1275 0.6358333333333334 0.1775 0.07083333333333333
5 0.9266666666666666 0.5591666666666667 0.1425 0.08583333333333333
5 0.8591666666666666 0.7008333333333333 0.20583333333333334 0.075
5 0.45166666666666666 0.9458333333333333 0.16083333333333333 0.058333333333333334
5 0.1225 0.8283333333333334 0.17916666666666667 0.07166666666666667
2 0.4156479216666667 0.3241296516666667 0.2893235533333333 0.43517407 0.488997555 0.49669868 0.603096985 0.39915966333333336 0.4156479216666667 0.3241296516666667
1 0.3117359416666666 0.15006002333333332 0.268948655 0.2716086433333333 0.54400978 0.26860744333333336 0.6132844333333334 0.15006002333333332 0.3117359416666666 0.15006002333333332
1 0.03871230666666667 0.5762304916666666 0.00611247 0.68727491 0.19967400166666666 0.68277311 0.268948655 0.5762304916666666 0.03871230666666667 0.5762304916666666
4 0.44 0.051666666666666666 0.3016666666666667 0.0825
4 0.47333333333333333 0.9433333333333334 0.3075 0.0825
0 0.7341666666666666 0.49833333333333335 0.23 0.2675
0 0.16666666666666666 0.49833333333333335 0.285 0.13833333333333334
0 0.41833333333333333 0.29833333333333334 0.03833333333333333 0.041666666666666664
0 0.4075 0.12333333333333334 0.056666666666666664 0.041666666666666664
0 0.7658333333333334 0.8533333333333334 0.2525 0.2025
0 0.18833333333333332 0.9375 0.2708333333333333 0.11083333333333334
0 0.10916666666666666 0.7275 0.04666666666666667 0.06333333333333334
3 0.8591666666666666 0.69 0.24666666666666667 0.12