0 0.5583333333333333 0.8825 0.07666666666666666 0.06833333333333333
0 0.5608333333333333 0.74 0.06833333333333333 0.06666666666666667
0 0.5725 0.5691666666666667 0.056666666666666664 0.06333333333333334
0 0.3325 0.495 0.14833333333333334 0.05333333333333334
0 0.7516666666666667 0.29583333333333334 0.25 0.09833333333333333
0 0.8516666666666667 0.1225 0.07333333333333333 0.10166666666666667
0 0.285 0.36666666666666664 0.33 0.15666666666666668
4 0.5675 0.9533333333333334 0.35 0.08
4 0.8383333333333334 0.04416666666666667 0.2966666666666667 0.065
1 0.8375 0.20416666666666666 0.27666666666666667 0.07666666666666666
1 0.5483333333333333 0.81 0.31666666666666665 0.08666666666666667
3 0.5558333333333333 0.6525 0.2783333333333333 0.10833333333333334
3 0.5516666666666666 0.4925 0.27666666666666667 0.09
2 0.5408333333333334 0.32666666666666666 0.16833333333333333 0.13
3 0.13416666666666666 0.49 0.24 0.09666666666666666
5 0.5833333333333334 0.9508333333333333 0.20666666666666667 0.035
5 0.56 0.8083333333333333 0.20666666666666667 0.043333333333333335
5 0.5866666666666667 0.6725 0.11333333333333333 0.043333333333333335
5 0.5691666666666667 0.6258333333333334 0.18333333333333332 0.035
5 0.5458333333333333 0.4925 0.24166666666666667 0.051666666666666666
5 0.14083333333333334 0.4891666666666667 0.18166666666666667 0.04833333333333333
5 0.54 0.325 0.12666666666666668 0.043333333333333335
5 0.3075 0.35 0.035 0.04666666666666667
5 0.7025 0.3616666666666667 0.03833333333333333 0.04666666666666667
5 0.8408333333333333 0.20666666666666667 0.20833333333333334 0.04
5 0.84 0.0425 0.21 0.03833333333333333