2 0.6866666666666666 0.7040065766666667 0.6866666666666666 0.7002704133333333 0.5806460216666667 0.5316666666666666 0.580163125 0.5316666666666666 0.5003004316666666 0.7213032283333334 0.5065024983333334 0.7211369166666667 0.5963680933333333 0.909774855 0.6866666666666666 0.7040065766666667
1 0.26 0.8320893516666666 0.26 0.7942939883333333 0.25868829666666665 0.6225913033333333 0.14987239 0.58 0.14666666666666667 0.58 0.14666666666666667 0.58264821 0.149811625 0.7980648366666667 0.152519025 0.7966924833333333 0.26 0.8320893516666666
1 0.6816666666666666 0.07452977 0.5030746033333333 0.0033333333333333335 0.5029955083333333 0.0033333333333333335 0.48858688666666666 0.3022573333333333 0.643896285 0.39324362333333335 0.6816666666666666 0.08023330000000001 0.6816666666666666 0.07452977
4 0.0525 0.7025 0.105 0.21166666666666667
4 0.7975 0.16833333333333333 0.10166666666666667 0.29333333333333333
3 0.4075 0.7058333333333333 0.155 0.25833333333333336
3 0.8483333333333334 0.6975 0.17666666666666667 0.3383333333333333
0 0.12583333333333332 0.7175 0.058333333333333334 0.04833333333333333
0 0.2966666666666667 0.7108333333333333 0.08 0.045
0 0.49416666666666664 0.7141666666666666 0.06666666666666667 0.055
0 0.7233333333333334 0.705 0.1 0.05
0 0.5841666666666666 0.44583333333333336 0.058333333333333334 0.15666666666666668
0 0.7083333333333334 0.1875 0.08666666666666667 0.04
0 0.7975 0.8358333333333333 0.405 0.31166666666666665
5 0.06166666666666667 0.7075 0.05 0.14166666666666666
5 0.2175 0.7116666666666667 0.07 0.15333333333333332
5 0.41583333333333333 0.6933333333333334 0.09 0.19666666666666666
5 0.5483333333333333 0.4658333333333333 0.056666666666666664 0.07166666666666667
5 0.5891666666666666 0.1875 0.14833333333333334 0.24833333333333332
5 0.8041666666666667 0.1975 0.06166666666666667 0.11833333333333333
5 0.8483333333333334 0.6983333333333334 0.10333333333333333 0.30333333333333334
5 0.7175 0.6491666666666667 0.05333333333333334 0.08333333333333333
5 0.5991666666666666 0.7008333333333333 0.07166666666666667 0.2683333333333333