1 0.37550065833333335 0.9743058600000001 0.38333333333333336 0.36143525833333334 0.38333333333333336 0.22020607333333336 0.253887975 0.010296671666666667 0.24748728166666667 0.7702139283333334 0.2561626283333333 0.74365752 0.37550065833333335 0.9743058600000001
1 0.8208916066666667 1 0.8216666666666667 0.9264981433333332 0.8216666666666667 0.8538582533333332 0.8128879666666666 0.32331348 0.6789458516666667 0.07666666666666666 0.67846788 0.07666666666666666 0.67367341 0.7618945616666667 0.6726211200000001 0.7603094333333333 0.820724505 1 0.8208916066666667 1
3 0.53 0.5616666666666666 0.15333333333333332 0.8433333333333334
4 0.07333333333333333 0.4425 0.13333333333333333 0.395
4 0.9416666666666667 0.5541666666666667 0.11666666666666667 0.38166666666666665
5 0.7291666666666666 0.5366666666666666 0.058333333333333334 0.5233333333333333
5 0.5183333333333333 0.5291666666666667 0.06 0.56
5 0.3075 0.4825 0.06166666666666667 0.5883333333333334
0 0.19666666666666666 0.44333333333333336 0.12333333333333334 0.1
0 0.4191666666666667 0.5591666666666667 0.085 0.195
0 0.6433333333333333 0.49666666666666665 0.11 0.2
0 0.8508333333333333 0.5325 0.09666666666666666 0.185