4 0.125 0.2841666666666667 0.2425 0.16
4 0.8641666666666666 0.9175 0.245 0.165
0 0.30666666666666664 0.30416666666666664 0.15333333333333332 0.075
0 0.675 0.32166666666666666 0.18 0.08583333333333333
0 0.83 0.4975 0.0475 0.16916666666666666
0 0.8516666666666667 0.7708333333333334 0.028333333333333332 0.15666666666666668
0 0.6675 0.15916666666666668 0.3525 0.21416666666666667
5 0.11416666666666667 0.2966666666666667 0.145 0.09666666666666666
5 0.6983333333333334 0.03 0.125 0.06
5 0.4766666666666667 0.29833333333333334 0.1625 0.06416666666666666
5 0.8225 0.3466666666666667 0.0875 0.06416666666666666
5 0.9008333333333334 0.49 0.1225 0.059166666666666666
5 0.8533333333333334 0.6433333333333333 0.14916666666666667 0.06916666666666667
5 0.8683333333333333 0.9191666666666667 0.16583333333333333 0.065
2 0.8211630333333333 0.24742235166666665 0.81880915 0.2404962 0.7479927466666667 0.330681005 0.83271636 0.44115883833333336 0.9058866466666666 0.34188891 0.8211630333333333 0.24742235166666665
1 0.40011279666666666 0.21219762166666667 0.39512113833333334 0.21048419499999999 0.33464462833333336 0.35950129 0.5708435949999999 0.38191710333333334 0.6298933116666667 0.21700093166666667 0.40011279666666666 0.21219762166666667
1 0.7659645233333333 0.56284452 0.7754774216666667 0.5646258516666667 0.7236027166666666 0.6861314866666667 0.928993105 0.7149516499999999 0.9983122816666665 0.591664805 0.7659645233333333 0.56284452