5 0.35083333333333333 0.9125 0.17666666666666667 0.058333333333333334
5 0.5325 0.6708333333333333 0.105 0.055
5 0.29333333333333333 0.6241666666666666 0.11333333333333333 0.055
5 0.035833333333333335 0.7866666666666666 0.058333333333333334 0.05
5 0.8175 0.6208333333333333 0.275 0.105
5 0.8258333333333333 0.355 0.195 0.09333333333333334
5 0.7708333333333334 0.22666666666666666 0.065 0.03
5 0.5033333333333333 0.26666666666666666 0.09333333333333334 0.08
5 0.2941666666666667 0.135 0.2683333333333333 0.06333333333333334
5 0.8475 0.12166666666666667 0.24166666666666667 0.08
0 0.305 0.7658333333333334 0.03333333333333333 0.125
0 0.5158333333333334 0.6175 0.25166666666666665 0.06
0 0.135 0.7791666666666667 0.12666666666666668 0.345
3 0.3358333333333333 0.9125 0.28833333333333333 0.165
3 0.8158333333333333 0.615 0.36 0.16666666666666666
0 0.8133333333333334 0.49916666666666665 0.043333333333333335 0.085
0 0.5491666666666667 0.23416666666666666 0.23166666666666666 0.28833333333333333
0 0.31333333333333335 0.3625 0.04 0.35833333333333334
0 0.5733333333333334 0.035833333333333335 0.5866666666666667 0.065
0 0.8266666666666667 0.20916666666666667 0.043333333333333335 0.065
3 0.2866666666666667 0.13083333333333333 0.3 0.13
3 0.8316666666666667 0.11833333333333333 0.3233333333333333 0.12
2 0.20333333333333334 0.629727725 0.306852975 0.7107163566666667 0.390619585 0.6297325533333333 0.2985381483333333 0.54 0.294890285 0.54 0.20333333333333334 0.6264291233333333 0.20333333333333334 0.629727725
2 0.665 0.35657931833333334 0.8124393416666666 0.45765497 0.9554202766666666 0.37967056666666665 0.812942185 0.24666666666666667 0.8118015150000001 0.24666666666666667 0.665 0.35470494333333336 0.665 0.35657931833333334