5 0.5816666666666667 0.05583333333333333 0.21333333333333335 0.0475
5 0.6341666666666667 0.16583333333333333 0.365 0.0675
5 0.6133333333333333 0.2841666666666667 0.3875 0.09583333333333334
5 0.6508333333333334 0.4166666666666667 0.45666666666666667 0.030833333333333334
5 0.19916666666666666 0.5008333333333334 0.2633333333333333 0.060833333333333336
5 0.38416666666666666 0.6025 0.1875 0.029166666666666667
5 0.7225 0.5991666666666666 0.3075 0.05333333333333334
5 0.8066666666666666 0.7016666666666667 0.115 0.0675
5 0.7108333333333333 0.8025 0.38666666666666666 0.06833333333333333
5 0.7025 0.9541666666666667 0.22166666666666668 0.059166666666666666
0 0.5916666666666667 0.105 0.06833333333333333 0.025833333333333333
0 0.6025 0.21333333333333335 0.059166666666666666 0.0425
0 0.6116666666666667 0.3575 0.07083333333333333 0.05
0 0.6791666666666667 0.49083333333333334 0.0875 0.09333333333333334
0 0.6858333333333333 0.7191666666666666 0.06166666666666667 0.09
0 0.6866666666666666 0.8725 0.0475 0.0725
4 0.565 0.04583333333333333 0.30666666666666664 0.09166666666666666
4 0.6958333333333333 0.9516666666666667 0.34833333333333333 0.08666666666666667
3 0.6116666666666667 0.29083333333333333 0.485 0.115
1 0.8855604250000001 0.12606728333333334 0.44339985000000004 0.11837632666666667 0.3247447583333333 0.19487319666666666 0.7696377383333334 0.20127377833333335 0.8855604250000001 0.12606728333333334
0 0.478264165 0.6253106483333334 0.468865165 0.6029087350000001 0.23701955333333335 0.609309255 0.224050065 0.5402919433333333 0.18375759166666666 0.535702875 0.18062459166666667 0.6205102416666667 0.478264165 0.6253106483333334
0 0.35920848 0.4252932416666667 0.34980924 0.39649074833333336 0.14929411 0.39329045833333337 0.15746173833333332 0.45830834 0.20255607166666667 0.45729602666666663 0.18689082999999998 0.4220930133333333 0.35920848 0.4252932416666667
1 0.9920843500000001 0.7693232400000001 0.5139051366666666 0.7602479516666667 0.434401445 0.8397293916666666 0.9137581450000001 0.83652904 0.9920843500000001 0.7693232400000001
2 0.6823344366666667 0.5302939433333332 0.47513116499999997 0.609309255 0.678779295 0.674915 0.97955187 0.6013085583333334 0.6823344366666667 0.5302939433333332
3 0.6458333333333334 0.41583333333333333 0.5608333333333333 0.06333333333333334
3 0.18833333333333332 0.49583333333333335 0.3358333333333333 0.08333333333333333