5 0.25 0.07333333333333333 0.24 0.08333333333333333
5 0.2625 0.21333333333333335 0.2816666666666667 0.05333333333333334
5 0.2808333333333333 0.33666666666666667 0.26 0.03666666666666667
5 0.28833333333333333 0.38333333333333336 0.19333333333333333 0.04
5 0.25916666666666666 0.5066666666666667 0.31833333333333336 0.06666666666666667
5 0.8291666666666667 0.5141666666666667 0.2816666666666667 0.058333333333333334
5 0.6025 0.62 0.13166666666666665 0.043333333333333335
5 0.24583333333333332 0.6491666666666667 0.285 0.045
5 0.14 0.7375 0.15 0.045
5 0.315 0.8208333333333333 0.29333333333333333 0.06
5 0.33166666666666667 0.9483333333333334 0.20333333333333334 0.05
4 0.22666666666666666 0.0625 0.44 0.12
4 0.31583333333333335 0.9533333333333334 0.35833333333333334 0.09333333333333334
3 0.26666666666666666 0.4975 0.39666666666666667 0.11166666666666666
3 0.8041666666666667 0.5216666666666666 0.38333333333333336 0.10333333333333333
3 0.29333333333333333 0.3641666666666667 0.4266666666666667 0.11166666666666666
0 0.2375 0.1425 0.09666666666666666 0.055
0 0.24916666666666668 0.2816666666666667 0.10833333333333334 0.06333333333333334
0 0.255 0.4375 0.12666666666666668 0.055
0 0.265 0.5733333333333334 0.13 0.056666666666666664
0 0.6358333333333334 0.4583333333333333 0.41833333333333333 0.06333333333333334
0 0.6275 0.6166666666666667 0.37666666666666665 0.11666666666666667
0 0.27166666666666667 0.7483333333333333 0.1 0.08666666666666667
0 0.2816666666666667 0.8816666666666667 0.14 0.06
1 0.03166666666666667 0.145467525 0.12128052833333333 0.265 0.13655982 0.265 0.5274392316666667 0.2634589 0.40979996 0.15926559833333334 0.03166666666666667 0.14344003 0.03166666666666667 0.145467525
1 0.043333333333333335 0.7689347766666667 0.15066349 0.8510041316666667 0.48554091666666666 0.8633333333333333 0.5403095733333333 0.8633333333333333 0.46768690166666665 0.7771398 0.043333333333333335 0.7677798466666667 0.043333333333333335 0.7689347766666667
2 0.016666666666666666 0.6478321933333333 0.284465585 0.7183333333333334 0.29236483166666666 0.7183333333333334 0.46296812 0.6459647983333333 0.24184304166666667 0.58649616 0.23342556833333333 0.5963297433333333 0.016666666666666666 0.6473276883333333 0.016666666666666666 0.6478321933333333