5 0.13833333333333334 0.07916666666666666 0.10833333333333334 0.08083333333333333
5 0.18916666666666668 0.3675 0.31 0.14416666666666667
5 0.42083333333333334 0.5791666666666667 0.06583333333333333 0.056666666666666664
5 0.7208333333333333 0.6233333333333333 0.295 0.14583333333333334
5 0.7925 0.8991666666666667 0.3641666666666667 0.07666666666666666
5 0.17416666666666666 0.665 0.1775 0.13333333333333333
5 0.235 0.9341666666666667 0.17166666666666666 0.06583333333333333
0 0.435 0.6325 0.23083333333333333 0.05583333333333333
0 0.14916666666666667 0.20916666666666667 0.043333333333333335 0.1125
0 0.4666666666666667 0.9125 0.2525 0.03166666666666667
0 0.2175 0.8475 0.020833333333333332 0.105
0 0.7408333333333333 0.7808333333333334 0.03666666666666667 0.10916666666666666
3 0.19166666666666668 0.365 0.3641666666666667 0.20583333333333334
3 0.7333333333333333 0.6225 0.3475 0.19833333333333333
3 0.795 0.8933333333333333 0.4091666666666667 0.1575
4 0.23833333333333334 0.9258333333333333 0.20666666666666667 0.09416666666666666
4 0.21437078166666665 0.7903419316666667 0.31857880166666663 0.6508698266666667 0.15179874333333332 0.5529416749999999 0.04168320833333333 0.6643671266666666 0.21437078166666665 0.7903419316666667
4 0.14166666666666666 0.07416666666666667 0.17166666666666666 0.13333333333333333