5 0.07 0.7708333333333334 0.06666666666666667 0.17166666666666666
5 0.2825 0.765 0.045 0.27
5 0.4483333333333333 0.7233333333333334 0.03666666666666667 0.28
5 0.63 0.16333333333333333 0.08 0.19333333333333333
5 0.5925 0.4583333333333333 0.025 0.08
5 0.6266666666666667 0.7433333333333333 0.04 0.18666666666666668
5 0.7158333333333333 0.855 0.058333333333333334 0.14
5 0.7983333333333333 0.7383333333333333 0.05 0.23333333333333334
5 0.9283333333333333 0.6691666666666667 0.056666666666666664 0.17
0 0.18 0.7883333333333333 0.10666666666666667 0.05
0 0.36833333333333335 0.7341666666666666 0.07666666666666666 0.05
0 0.63 0.44583333333333336 0.04 0.23166666666666666
0 0.7133333333333334 0.7525 0.11 0.07333333333333333
0 0.8616666666666667 0.7383333333333333 0.05 0.04666666666666667
0 0.5391666666666667 0.7333333333333333 0.09833333333333333 0.07333333333333333
3 0.45 0.7216666666666667 0.1 0.37
4 0.06583333333333333 0.7858333333333334 0.12666666666666668 0.29833333333333334
4 0.9366666666666666 0.7075 0.11333333333333333 0.37833333333333335
1 0.21666666666666667 0.9665538149999999 0.3309065116666666 0.8873544016666667 0.3433333333333333 0.5269933133333333 0.3433333333333333 0.5165587566666666 0.23169786666666667 0.641550045 0.21666666666666667 0.9606298349999999 0.21666666666666667 0.9665538149999999
0 0.49730778500000006 0.55 0.5005006416666666 0.19716402 0.5693066183333334 0.21722975333333333 0.5642879866666667 0.135339035 0.47169814833333334 0.14699988166666667 0.45569675499999995 0.543296655 0.49275914833333334 0.55 0.49730778500000006 0.55
1 0.56 0.015025963333333333 0.5758297883333334 0.35 0.5831444083333334 0.35 0.6983333333333334 0.34296520166666666 0.6983333333333334 0.3258009533333333 0.6862603483333334 0.041935901666666664 0.56 0.011873371666666667 0.56 0.015025963333333333
2 0.6113365466666666 0.9266666666666666 0.6814931883333334 0.756712995 0.6305165066666667 0.5716666666666667 0.630363055 0.5716666666666667 0.575884145 0.7165817216666667 0.6109861316666667 0.9266666666666666 0.6113365466666666 0.9266666666666666