4 0.8716666666666667 0.9491666666666667 0.23333333333333334 0.085
0 0.8758333333333334 0.86 0.03333333333333333 0.07666666666666666
0 0.8733333333333333 0.6558333333333334 0.02666666666666667 0.07166666666666667
3 0.4633333333333333 0.5416666666666666 0.21666666666666667 0.13666666666666666
0 0.665 0.5433333333333333 0.15 0.04666666666666667
0 0.2275 0.46 0.24833333333333332 0.20666666666666667
0 0.6233333333333333 0.27416666666666667 0.16666666666666666 0.04666666666666667
0 0.2866666666666667 0.2816666666666667 0.14333333333333334 0.05
0 0.83 0.16833333333333333 0.02666666666666667 0.08333333333333333
3 0.8508333333333333 0.5416666666666666 0.23 0.14
3 0.11 0.2816666666666667 0.2 0.13333333333333333
5 0.8558333333333333 0.5433333333333333 0.12333333333333334 0.11
5 0.4766666666666667 0.5383333333333333 0.16666666666666666 0.08666666666666667
5 0.8708333333333333 0.755 0.17166666666666666 0.07
5 0.12 0.2783333333333333 0.14666666666666667 0.06666666666666667
5 0.84 0.2775 0.14 0.055
5 0.4483333333333333 0.2725 0.11333333333333333 0.06166666666666667
5 0.83 0.051666666666666666 0.14 0.056666666666666664
5 0.450102775 0.205 0.35833333333333334 0.295367025 0.35833333333333334 0.29717067 0.4562284916666667 0.35505255333333335 0.537260905 0.26946696833333333 0.45379700500000003 0.205 0.450102775 0.205
5 0.76267907 0.710465465 0.7216666666666667 0.8086612283333333 0.7216666666666667 0.8110787066666667 0.9592577016666667 0.8140690683333334 0.9815012133333333 0.6983333333333334 0.9593710750000001 0.6983333333333334 0.76267907 0.710465465
5 0.675 0.33607584500000004 0.675 0.3406850316666667 0.9055532216666667 0.3391966983333333 0.9490706283333332 0.207064565 0.7239805916666666 0.22508258333333336 0.675 0.33607584500000004
4 0.8308333333333333 0.04833333333333333 0.2783333333333333 0.07666666666666666