4 0.37166666666666665 0.9558333333333333 0.10333333333333333 0.08833333333333333
4 0.8758333333333334 0.059166666666666666 0.105 0.115
3 0.3958333333333333 0.6866666666666666 0.33 0.13666666666666666
3 0.4791666666666667 0.38333333333333336 0.45166666666666666 0.12
3 0.10083333333333333 0.5175 0.19833333333333333 0.14166666666666666
0 0.7066666666666667 0.4125 0.39666666666666667 0.22166666666666668
0 0.8625 0.145 0.045 0.1
0 0.2775 0.37 0.37166666666666665 0.22333333333333333
0 0.15666666666666668 0.6241666666666666 0.23333333333333334 0.10833333333333334
0 0.37833333333333335 0.8933333333333333 0.04666666666666667 0.06666666666666667
0 0.3725 0.7558333333333334 0.035 0.03166666666666667
0 0.4116666666666667 0.5833333333333334 0.043333333333333335 0.08333333333333333
0 0.42333333333333334 0.44916666666666666 0.05 0.045
5 0.36833333333333335 0.8141666666666667 0.11333333333333333 0.055
5 0.38083333333333336 0.7116666666666667 0.265 0.056666666666666664
5 0.39416666666666667 0.6566666666666666 0.10666666666666667 0.04
5 0.41833333333333333 0.5075 0.09666666666666666 0.041666666666666664
5 0.56 0.5516666666666666 0.06666666666666667 0.04666666666666667
5 0.47833333333333333 0.38333333333333336 0.4033333333333333 0.04666666666666667
5 0.085 0.52 0.08333333333333333 0.05333333333333334
5 0.8741666666666666 0.24666666666666667 0.185 0.06666666666666667
1 0.42426761 0.765 0.25391833666666663 0.7782286483333333 0.3076046466666667 0.8773704433333334 0.49643202166666667 0.8630375583333334 0.4400445233333334 0.765 0.42426761 0.765
1 0.99 0.2957291716666667 0.941077305 0.1750003 0.7217013866666666 0.15333333333333332 0.7145147816666667 0.15333333333333332 0.7704710216666667 0.31207173666666665 0.767038115 0.29821318666666663 0.99 0.29821318666666663 0.99 0.2957291716666667
2 0.5066666666666667 0.5083042866666667 0.43221117166666667 0.45 0.43077081333333334 0.45 0.3275621483333333 0.49440477333333327 0.41011333 0.5742201766666667 0.5066666666666667 0.5092376516666667 0.5066666666666667 0.5083042866666667
5 0.4658333333333333 0.4633333333333333 0.035 0.04