4 0.8666666666666667 0.0675 0.15333333333333332 0.105
0 0.8583333333333333 0.22333333333333333 0.05 0.18
0 0.455 0.5125 0.4866666666666667 0.08
0 0.8275 0.7058333333333333 0.06166666666666667 0.17
0 0.5516666666666666 0.8916666666666667 0.33666666666666667 0.056666666666666664
0 0.225 0.7508333333333334 0.04 0.155
3 0.1725 0.6091666666666666 0.285 0.09833333333333333
3 0.195 0.9025 0.3566666666666667 0.155
4 0.805 0.885 0.17 0.14
5 0.925 0.7108333333333333 0.07666666666666666 0.06
5 0.8591666666666666 0.4741666666666667 0.17666666666666667 0.065
5 0.535 0.4425 0.12333333333333334 0.085
5 0.1825 0.6158333333333333 0.17166666666666666 0.075
2 0.6983333333333334 0.49297148 0.824977 0.6212685083333334 0.9912898083333332 0.49821928833333334 0.870978415 0.31214485833333333 0.6983333333333334 0.49144331333333335 0.6983333333333334 0.49297148