0 0.15916666666666668 0.36666666666666664 0.07 0.06
0 0.34833333333333333 0.37333333333333335 0.05 0.06
0 0.5508333333333333 0.4533333333333333 0.055 0.07333333333333333
0 0.7066666666666667 0.4825 0.04666666666666667 0.06833333333333333
0 0.8683333333333333 0.4658333333333333 0.056666666666666664 0.08666666666666667
4 0.06916666666666667 0.33916666666666667 0.13833333333333334 0.34
4 0.9425 0.4816666666666667 0.115 0.36333333333333334
3 0.4508333333333333 0.44416666666666665 0.16666666666666666 0.6416666666666667
3 0.6241666666666666 0.4775 0.14333333333333334 0.7216666666666667
1 0.19385151333333334 0.6166666666666667 0.327939525 0.49048420833333334 0.3333333333333333 0.18651419 0.3333333333333333 0.13042686833333333 0.17693137833333333 0.26544640333333336 0.175832425 0.2576262183333333 0.19175988333333335 0.6166666666666667 0.19385151333333334 0.6166666666666667
1 0.8781317483333333 0 0.7387363883333333 0.06454731333333334 0.7358072066666667 0.057342655000000006 0.7102280416666666 0.9966666666666667 0.7122706283333333 0.9966666666666667 0.8430827733333334 0.9072741383333333 0.8783044950000001 0 0.8781317483333333 0
5 0.0575 0.3491666666666667 0.065 0.23666666666666666
5 0.25583333333333336 0.37916666666666665 0.075 0.2783333333333333
5 0.6216666666666667 0.48833333333333334 0.08666666666666667 0.5633333333333334
5 0.775 0.46166666666666667 0.10666666666666667 0.7466666666666667
5 0.9375 0.48583333333333334 0.07333333333333333 0.225
5 0.44416666666666665 0.43333333333333335 0.08333333333333333 0.5266666666666666