4 0.4075 0.05 0.18166666666666667 0.1
0 0.6625 0.059166666666666666 0.35 0.08833333333333333
0 0.17916666666666667 0.175 0.26166666666666666 0.30666666666666664
0 0.1825 0.4841666666666667 0.14833333333333334 0.125
0 0.5625 0.5116666666666667 0.20166666666666666 0.08
0 0.815 0.4166666666666667 0.22333333333333333 0.06666666666666667
0 0.8683333333333333 0.2475 0.07333333333333333 0.07833333333333334
0 0.4058333333333333 0.18166666666666667 0.06833333333333333 0.17
0 0.36666666666666664 0.6 0.056666666666666664 0.07
0 0.36916666666666664 0.7616666666666667 0.06833333333333333 0.06666666666666667
0 0.37583333333333335 0.8925 0.055 0.05333333333333334
3 0.3641666666666667 0.6841666666666667 0.23166666666666666 0.12666666666666668
4 0.37333333333333335 0.95 0.19666666666666666 0.09333333333333334
5 0.37166666666666665 0.9483333333333334 0.10666666666666667 0.056666666666666664
5 0.37333333333333335 0.8341666666666666 0.14666666666666667 0.055
5 0.37333333333333335 0.6866666666666666 0.17666666666666667 0.06
5 0.5325 0.565 0.1 0.05333333333333334
5 0.7891666666666667 0.4608333333333333 0.045 0.058333333333333334
5 0.6141666666666666 0.43416666666666665 0.10166666666666667 0.04666666666666667
5 0.38 0.30666666666666664 0.18666666666666668 0.06666666666666667
5 0.11166666666666666 0.37583333333333335 0.15333333333333332 0.058333333333333334
5 0.3525 0.5183333333333333 0.115 0.06
5 0.39416666666666667 0.051666666666666666 0.125 0.056666666666666664
5 0.7983333333333333 0.16083333333333333 0.25 0.10166666666666667
5 0.8183333333333334 0.3275 0.25 0.08166666666666667
5 0.4725 0.45 0.07333333333333333 0.056666666666666664
5 0.18166666666666667 0.5575 0.05 0.065
1 0.485 0.882448295 0.43951932 0.7916666666666666 0.40693444333333334 0.7916666666666666 0.24750446166666668 0.7973107566666667 0.312907235 0.8763244716666666 0.3171216016666667 0.8772857933333333 0.485 0.88403083 0.485 0.882448295
1 0.23 0.4298634766666667 0.16782061 0.316007165 0.058662316666666665 0.31333333333333335 0.0023646633333333335 0.31333333333333335 0.05034412 0.4339315216666666 0.23 0.43123660166666666 0.23 0.4298634766666667
1 0.48833333333333334 0.3545008333333333 0.4550906616666667 0.26 0.4204111816666667 0.26 0.25119302666666665 0.2656359016666667 0.2898926916666667 0.3512912383333333 0.48833333333333334 0.3577724883333333 0.48833333333333334 0.3545008333333333
1 0.9566666666666667 0.22024061500000003 0.9295787950000001 0.08833333333333333 0.922035595 0.08833333333333333 0.6166666666666667 0.10551006833333333 0.6166666666666667 0.10640578666666667 0.6773380649999999 0.22349428 0.9566666666666667 0.224815835 0.9566666666666667 0.22024061500000003
1 1 0.3761993766666667 0.9354642966666668 0.27166666666666667 0.8993344083333333 0.27166666666666667 0.6324049466666667 0.27764593666666665 0.7035622583333333 0.38120942666666663 0.7099282083333334 0.38333333333333336 0.7118617066666667 0.38333333333333336 1 0.3766037383333333 1 0.3761993766666667
2 0.7083333333333334 0.42607653 0.6179614116666666 0.36333333333333334 0.6140201316666667 0.36333333333333334 0.5182801966666667 0.42839968 0.6178726216666667 0.50176649 0.6119954933333334 0.4961751383333333 0.7083333333333334 0.42803008 0.7083333333333334 0.42607653
2 0.3619519583333333 0.59 0.4716666666666667 0.5236044783333333 0.4716666666666667 0.5222133183333333 0.36825310833333336 0.44666666666666666 0.3649721816666667 0.44666666666666666 0.23841994333333333 0.5080636033333333 0.36155792000000003 0.59 0.3619519583333333 0.59
0 0.455 0.3925 0.17666666666666667 0.08166666666666667