2 0.29599342333333334 0.6866666666666666 0.29972958666666666 0.6866666666666666 0.4683333333333333 0.5806460216666667 0.4683333333333333 0.580163125 0.2786967716666667 0.5003004316666666 0.2788630833333333 0.5065024983333334 0.09022514499999999 0.5963680933333333 0.29599342333333334 0.6866666666666666
1 0.16791064833333333 0.26 0.20570601166666666 0.26 0.3774086966666667 0.25868829666666665 0.42 0.14987239 0.42 0.14666666666666667 0.41735179 0.14666666666666667 0.20193516333333333 0.149811625 0.20330751666666666 0.152519025 0.16791064833333333 0.26
1 0.9254702300000001 0.6816666666666666 0.9966666666666667 0.5030746033333333 0.9966666666666667 0.5029955083333333 0.6977426666666666 0.48858688666666666 0.6067563766666667 0.643896285 0.9197666999999999 0.6816666666666666 0.9254702300000001 0.6816666666666666
4 0.2975 0.0525 0.21166666666666667 0.105
4 0.8316666666666667 0.7975 0.29333333333333333 0.10166666666666667
3 0.2941666666666667 0.4075 0.25833333333333336 0.155
3 0.3025 0.8483333333333334 0.3383333333333333 0.17666666666666667
0 0.2825 0.12583333333333332 0.04833333333333333 0.058333333333333334
0 0.2891666666666667 0.2966666666666667 0.045 0.08
0 0.28583333333333333 0.49416666666666664 0.055 0.06666666666666667
0 0.295 0.7233333333333334 0.05 0.1
0 0.5541666666666667 0.5841666666666666 0.15666666666666668 0.058333333333333334
0 0.8125 0.7083333333333334 0.04 0.08666666666666667
0 0.16416666666666666 0.7975 0.31166666666666665 0.405
5 0.2925 0.06166666666666667 0.14166666666666666 0.05
5 0.28833333333333333 0.2175 0.15333333333333332 0.07
5 0.30666666666666664 0.41583333333333333 0.19666666666666666 0.09
5 0.5341666666666667 0.5483333333333333 0.07166666666666667 0.056666666666666664
5 0.8125 0.5891666666666666 0.24833333333333332 0.14833333333333334
5 0.8025 0.8041666666666667 0.11833333333333333 0.06166666666666667
5 0.3016666666666667 0.8483333333333334 0.30333333333333334 0.10333333333333333
5 0.35083333333333333 0.7175 0.08333333333333333 0.05333333333333334
5 0.2991666666666667 0.5991666666666666 0.2683333333333333 0.07166666666666667