4 0.0525 0.6425 0.095 0.36833333333333335
4 0.9466666666666667 0.7116666666666667 0.08666666666666667 0.36
0 0.13833333333333334 0.64 0.06333333333333334 0.08666666666666667
0 0.2675 0.6333333333333333 0.07166666666666667 0.08333333333333333
0 0.4266666666666667 0.705 0.08333333333333333 0.12
0 0.5725 0.7158333333333333 0.058333333333333334 0.125
0 0.7383333333333333 0.7008333333333333 0.08 0.06833333333333333
0 0.865 0.6683333333333333 0.05 0.065
0 0.5425 0.305 0.085 0.35
0 0.7341666666666666 0.6966666666666667 0.07333333333333333 0.10333333333333333
5 0.05 0.625 0.04666666666666667 0.23
5 0.2075 0.6291666666666667 0.03833333333333333 0.265
5 0.3475 0.6791666666666667 0.06166666666666667 0.3283333333333333
5 0.49666666666666665 0.735 0.04 0.4166666666666667
5 0.6425 0.7183333333333334 0.043333333333333335 0.17333333333333334
1 0.153216525 0.895 0.22166616666666664 0.8177508649999999 0.24 0.4394819816666667 0.24 0.41684256166666667 0.181174265 0.48470588166666667 0.15272195666666666 0.895 0.153216525 0.895
1 0.7555916766666667 0.9283333333333333 0.8290916816666667 0.8562600916666666 0.835 0.5529466433333333 0.835 0.4736560616666667 0.7691036783333333 0.570792965 0.7541675099999999 0.9283333333333333 0.7555916766666667 0.9283333333333333
2 0.6512252683333334 0.93 0.7033333333333334 0.7281900683333333 0.7033333333333334 0.7257515566666667 0.6451579683333334 0.4977393316666667 0.603166365 0.6967012683333333 0.5941681666666667 0.6750749733333333 0.6510975266666666 0.93 0.6512252683333334 0.93
3 0.6091666666666666 0.225 0.056666666666666664 0.39666666666666667
3 0.3408333333333333 0.6875 0.10833333333333334 0.5883333333333334