5 0.22916666666666666 0.07 0.17166666666666666 0.06666666666666667
5 0.235 0.2825 0.27 0.045
5 0.27666666666666667 0.4483333333333333 0.28 0.03666666666666667
5 0.8366666666666667 0.63 0.19333333333333333 0.08
5 0.5416666666666666 0.5925 0.08 0.025
5 0.25666666666666665 0.6266666666666667 0.18666666666666668 0.04
5 0.145 0.7158333333333333 0.14 0.058333333333333334
5 0.26166666666666666 0.7983333333333333 0.23333333333333334 0.05
5 0.3308333333333333 0.9283333333333333 0.17 0.056666666666666664
0 0.21166666666666667 0.18 0.05 0.10666666666666667
0 0.2658333333333333 0.36833333333333335 0.05 0.07666666666666666
0 0.5541666666666667 0.63 0.23166666666666666 0.04
0 0.2475 0.7133333333333334 0.07333333333333333 0.11
0 0.26166666666666666 0.8616666666666667 0.04666666666666667 0.05
0 0.26666666666666666 0.5391666666666667 0.07333333333333333 0.09833333333333333
3 0.2783333333333333 0.45 0.37 0.1
4 0.21416666666666667 0.06583333333333333 0.29833333333333334 0.12666666666666668
4 0.2925 0.9366666666666666 0.37833333333333335 0.11333333333333333
1 0.033446184999999996 0.21666666666666667 0.11264559833333335 0.3309065116666666 0.4730066866666667 0.3433333333333333 0.4834412433333334 0.3433333333333333 0.358449955 0.23169786666666667 0.039370165 0.21666666666666667 0.033446184999999996 0.21666666666666667
0 0.45 0.49730778500000006 0.80283598 0.5005006416666666 0.7827702466666667 0.5693066183333334 0.8646609649999999 0.5642879866666667 0.8530001183333333 0.47169814833333334 0.456703345 0.45569675499999995 0.45 0.49275914833333334 0.45 0.49730778500000006
1 0.9849740366666666 0.56 0.65 0.5758297883333334 0.65 0.5831444083333334 0.6570347983333333 0.6983333333333334 0.6741990466666666 0.6983333333333334 0.9580640983333333 0.6862603483333334 0.9881266283333334 0.56 0.9849740366666666 0.56
2 0.07333333333333333 0.6113365466666666 0.243287005 0.6814931883333334 0.42833333333333334 0.6305165066666667 0.42833333333333334 0.630363055 0.2834182783333334 0.575884145 0.07333333333333333 0.6109861316666667 0.07333333333333333 0.6113365466666666