4 0.055 0.5725 0.09666666666666666 0.2966666666666667
4 0.7216666666666667 0.8283333333333334 0.08333333333333333 0.3433333333333333
4 0.7516666666666667 0.15 0.07666666666666666 0.3
0 0.8241666666666667 0.765 0.15666666666666668 0.24333333333333335
0 0.7208333333333333 0.5283333333333333 0.10666666666666667 0.06333333333333334
0 0.6516666666666666 0.3591666666666667 0.21 0.12833333333333333
0 0.4866666666666667 0.18333333333333332 0.4533333333333333 0.16
0 0.13333333333333333 0.5516666666666666 0.08333333333333333 0.06666666666666667
0 0.405 0.5625 0.11 0.05
0 0.8516666666666667 0.14083333333333334 0.12333333333333334 0.085
5 0.2633333333333333 0.5583333333333333 0.11 0.16666666666666666
5 0.055 0.5741666666666667 0.06333333333333334 0.165
5 0.5583333333333333 0.5383333333333333 0.13333333333333333 0.19666666666666666
5 0.6966666666666667 0.4625 0.06666666666666667 0.10166666666666667
5 0.6441666666666667 0.2916666666666667 0.051666666666666666 0.06333333333333334
5 0.7541666666666667 0.14333333333333334 0.05333333333333334 0.15333333333333332
5 0.4841666666666667 0.059166666666666666 0.08166666666666667 0.11166666666666666
5 0.7241666666666666 0.8525 0.06 0.23166666666666666
5 0.8116666666666666 0.5158333333333334 0.03666666666666667 0.11166666666666666
5 0.8516666666666667 0.5366666666666666 0.03 0.13
5 0.885 0.5208333333333334 0.043333333333333335 0.19166666666666668
5 0.9283333333333333 0.5191666666666667 0.03666666666666667 0.11166666666666666
5 0.8441666666666666 0.28583333333333333 0.045 0.085
5 0.9141666666666667 0.7466666666666667 0.045 0.08
5 0.40166666666666667 0.5033333333333333 0.04 0.08666666666666667
2 0.5591666666666667 0.5483333333333333 0.21166666666666667 0.25666666666666665