4 0.705 0.9391666666666667 0.16333333333333333 0.11833333333333333
4 0.7625 0.09916666666666667 0.19833333333333333 0.16166666666666665
0 0.745 0.775 0.1 0.25
0 0.7591666666666667 0.2808333333333333 0.10166666666666667 0.21333333333333335
0 0.4175 0.11916666666666667 0.5083333333333333 0.21833333333333332
0 0.48583333333333334 0.5091666666666667 0.18166666666666667 0.07666666666666666
5 0.5033333333333333 0.5666666666666667 0.17333333333333334 0.07666666666666666
5 0.20416666666666666 0.5166666666666667 0.2816666666666667 0.08666666666666667
5 0.21416666666666667 0.325 0.22166666666666668 0.07666666666666666
5 0.23583333333333334 0.25666666666666665 0.20166666666666666 0.05333333333333334
5 0.7741666666666667 0.5333333333333333 0.205 0.11333333333333333
5 0.8925 0.33916666666666667 0.195 0.09833333333333333
2 0.9566666666666667 0.5336751316666667 0.72348707 0.375 0.7193810066666667 0.375 0.574355755 0.5285154583333334 0.7233483366666666 0.6458831183333333 0.7251181316666666 0.6453276533333333 0.9566666666666667 0.5357789816666667 0.9566666666666667 0.5336751316666667
3 0.43666666666666665 0.3633235733333333 0.425566385 0.20994774666666666 0.05523031666666667 0.19 0.039273431666666664 0.19 0.021186696666666668 0.35571392333333335 0.43666666666666665 0.3810867316666667 0.43666666666666665 0.3633235733333333
3 0.018916753333333335 0.42833333333333334 0.0007648666666666666 0.570490855 0.004503398333333334 0.55600794 0.004503398333333334 0.5592082866666667 0.005816 0.5593573783333333 0.008633813333333334 0.5528075933333333 0.005897296666666666 0.5593666116666666 0.3989640783333333 0.6040129566666667 0.40102928666666665 0.4551974183333333 0.023718098333333333 0.42833333333333334 0.018916753333333335 0.42833333333333334