5 0.8616666666666667 0.07916666666666666 0.11 0.08166666666666667
5 0.8108333333333333 0.3675 0.31 0.145
5 0.5791666666666667 0.5791666666666667 0.065 0.056666666666666664
5 0.2791666666666667 0.6233333333333333 0.295 0.14666666666666667
5 0.2075 0.8991666666666667 0.365 0.07666666666666666
5 0.8258333333333333 0.665 0.17833333333333334 0.13333333333333333
5 0.765 0.9341666666666667 0.17 0.065
0 0.565 0.6325 0.23 0.055
0 0.8508333333333333 0.20916666666666667 0.043333333333333335 0.11166666666666666
0 0.5333333333333333 0.9125 0.25333333333333335 0.03166666666666667
0 0.7825 0.8475 0.021666666666666667 0.105
0 0.25916666666666666 0.7808333333333334 0.03666666666666667 0.10833333333333334
3 0.8083333333333333 0.365 0.36333333333333334 0.20666666666666667
3 0.26666666666666666 0.6225 0.3466666666666667 0.19833333333333333
3 0.205 0.8933333333333333 0.41 0.15666666666666668
4 0.7616666666666667 0.9258333333333333 0.20666666666666667 0.095
4 0.6816666666666666 0.651348835 0.784016045 0.7883333333333333 0.7882175383333333 0.7883333333333333 0.9581857866666667 0.6643422633333333 0.8480702516666667 0.5529168116666667 0.6816666666666666 0.65062391 0.6816666666666666 0.651348835
4 0.8583333333333333 0.07416666666666667 0.17166666666666666 0.13333333333333333