4 0.39916666666666667 0.9541666666666667 0.17833333333333334 0.065
4 0.5175 0.035833333333333335 0.12166666666666667 0.06166666666666667
0 0.3883333333333333 0.8883333333333333 0.04 0.05
0 0.3925 0.77 0.045 0.05
0 0.3958333333333333 0.6483333333333333 0.041666666666666664 0.04
0 0.185 0.4975 0.19 0.16666666666666666
0 0.5975 0.5516666666666666 0.15833333333333333 0.10666666666666667
0 0.52 0.4008333333333333 0.14666666666666667 0.09833333333333333
0 0.825 0.4325 0.13666666666666666 0.125
0 0.855 0.25166666666666665 0.05 0.04
0 0.7391666666666666 0.041666666666666664 0.3016666666666667 0.08333333333333333
0 0.27666666666666667 0.15083333333333335 0.35333333333333333 0.3016666666666667
3 0.37666666666666665 0.71 0.22 0.08666666666666667
2 0.5083333333333333 0.5658442 0.39731598333333334 0.5116666666666667 0.39496270166666664 0.5116666666666667 0.2982481066666666 0.5501199033333333 0.3877367433333333 0.6250599516666667 0.3848958333333333 0.629556355 0.5083333333333333 0.567393585 0.5083333333333333 0.5658442
2 0.7466666666666667 0.4464829633333333 0.67232694 0.4 0.6694983316666667 0.4 0.6028219683333333 0.43664268666666667 0.6482765166666666 0.496594725 0.7466666666666667 0.44765245000000004 0.7466666666666667 0.4464829633333333
1 0.9883333333333333 0.37611817833333333 0.9317708333333333 0.282955635 0.7020833383333334 0.24833333333333332 0.6940037883333333 0.24833333333333332 0.7655776516666667 0.3593944833333333 0.9883333333333333 0.37873338 0.9883333333333333 0.37611817833333333
1 0.6316666666666667 0.35553944833333334 0.5842992416666667 0.273219425 0.3842227816666667 0.25833333333333336 0.36374779 0.25833333333333336 0.41526515166666667 0.33766786666666665 0.6316666666666667 0.35706907666666665 0.6316666666666667 0.35553944833333334
1 0.975 0.22622901500000003 0.9331534100000001 0.132032375 0.6806523116666667 0.09333333333333334 0.6790161266666667 0.09333333333333334 0.7257670466666666 0.194982015 0.975 0.22785446666666667 0.975 0.22622901500000003
5 0.375 0.9575 0.09 0.041666666666666664
5 0.3983333333333333 0.83 0.15 0.02666666666666667
5 0.3825 0.7091666666666666 0.18166666666666667 0.051666666666666666
5 0.40166666666666667 0.5741666666666667 0.08333333333333333 0.035
5 0.6575 0.4508333333333333 0.051666666666666666 0.03833333333333333
5 0.5933333333333334 0.6141666666666666 0.07333333333333333 0.04666666666666667
5 0.22916666666666666 0.5783333333333334 0.06166666666666667 0.05
5 0.1425 0.3675 0.16333333333333333 0.035
5 0.4925 0.30083333333333334 0.2 0.03833333333333333
5 0.8416666666666667 0.3125 0.19666666666666666 0.07333333333333333
5 0.8266666666666667 0.16 0.22666666666666666 0.07333333333333333
5 0.5141666666666667 0.0375 0.08166666666666667 0.051666666666666666
5 0.55 0.46416666666666667 0.06666666666666667 0.051666666666666666
5 0.8083333333333333 0.48583333333333334 0.06333333333333334 0.06833333333333333