4 0.9458333333333333 0.5325 0.085 0.7533333333333333
4 0.06166666666666667 0.5441666666666667 0.08333333333333333 0.7783333333333333
5 0.9516666666666667 0.5925 0.056666666666666664 0.41833333333333333
0 0.86 0.5591666666666667 0.08 0.11333333333333333
5 0.7275 0.5291666666666667 0.085 0.5683333333333334
0 0.5941666666666666 0.5475 0.08166666666666667 0.10166666666666667
0 0.33666666666666667 0.485 0.08 0.10666666666666667
0 0.5966666666666667 0.5508333333333333 0.1 0.11833333333333333
0 0.8583333333333333 0.5533333333333333 0.07 0.1
0 0.3375 0.4816666666666667 0.08 0.09
0 0.14166666666666666 0.5358333333333334 0.07 0.08833333333333333
5 0.4633333333333333 0.515 0.056666666666666664 0.3466666666666667
5 0.3458333333333333 0.2841666666666667 0.045 0.2683333333333333
5 0.24416666666666667 0.5291666666666667 0.06166666666666667 0.605
0 0.145 0.5208333333333334 0.07 0.14333333333333334
5 0.0625 0.5233333333333333 0.041666666666666664 0.34
2 0.46069356999999994 0.18333333333333332 0.37 0.494622855 0.37 0.500547695 0.43089035500000006 0.8603545800000001 0.552438975 0.5641247766666667 0.461074305 0.18333333333333332 0.46069356999999994 0.18333333333333332
1 0.3000009633333333 0.06333333333333334 0.185286115 0.24603082 0.17833333333333334 0.8179189416666667 0.17833333333333334 0.9843247166666667 0.2933293316666667 0.8564437450000001 0.3008198283333333 0.06333333333333334 0.3000009633333333 0.06333333333333334
1 0.8123572516666667 0.03666666666666667 0.6611714666666667 0.1652333933333333 0.64 0.9082391200000001 0.64 0.954068255 0.80072729 0.8205296233333333 0.81420527 0.03666666666666667 0.8123572516666667 0.03666666666666667