1 0.6368384 0.25666666666666665 0.4116666666666667 0.2696557266666667 0.4116666666666667 0.27169006 0.4827656483333333 0.43333333333333335 0.6995947733333333 0.43333333333333335 0.642758185 0.25666666666666665 0.6368384 0.25666666666666665
1 0.006666666666666667 0.5279810366666666 0.037342894999999994 0.6966666666666667 0.2556227383333333 0.6966666666666667 0.20911013833333333 0.5473955233333334 0.006666666666666667 0.5278944516666667 0.006666666666666667 0.5279810366666666
2 0.058333333333333334 0.35373529 0.1477497 0.45 0.151519265 0.45 0.259554605 0.35368113166666665 0.157508205 0.24115665833333333 0.058333333333333334 0.35362408500000003 0.058333333333333334 0.35373529
4 0.8916666666666667 0.3525 0.20333333333333334 0.18666666666666668
0 0.7341666666666666 0.33916666666666667 0.10666666666666667 0.07666666666666666
0 0.37333333333333335 0.16 0.45666666666666667 0.20333333333333334
0 0.35 0.345 0.16333333333333333 0.09333333333333334
0 0.14666666666666667 0.4866666666666667 0.06333333333333334 0.09333333333333334
0 0.155 0.7558333333333334 0.056666666666666664 0.15166666666666667
4 0.15166666666666667 0.9175 0.20333333333333334 0.165
5 0.5633333333333334 0.36333333333333334 0.16333333333333333 0.13
5 0.895 0.3541666666666667 0.13 0.10666666666666667
5 0.1425 0.3458333333333333 0.13833333333333334 0.10166666666666667
5 0.3416666666666667 0.03333333333333333 0.13666666666666666 0.06333333333333334
5 0.1375 0.6241666666666666 0.165 0.09166666666666666
5 0.07166666666666667 0.475 0.11 0.09666666666666666
5 0.15833333333333333 0.915 0.10666666666666667 0.1