5 0.16916666666666666 0.09 0.14916666666666667 0.11083333333333334
5 0.16583333333333333 0.30083333333333334 0.24083333333333334 0.07583333333333334
5 0.16166666666666665 0.4975 0.22083333333333333 0.08083333333333333
5 0.5525 0.5025 0.13416666666666666 0.06333333333333334
5 0.7558333333333334 0.45 0.11 0.059166666666666666
5 0.8566666666666667 0.7383333333333333 0.20416666666666666 0.0625
5 0.8283333333333334 0.925 0.14416666666666667 0.0675
5 0.4216666666666667 0.7483333333333333 0.1475 0.08166666666666667
5 0.1475 0.8033333333333333 0.16833333333333333 0.0925
0 0.16583333333333333 0.185 0.075 0.08916666666666667
0 0.17333333333333334 0.3933333333333333 0.06666666666666667 0.07333333333333333
0 0.36333333333333334 0.48583333333333334 0.1375 0.058333333333333334
0 0.8391666666666666 0.8433333333333334 0.056666666666666664 0.0875
0 0.165 0.6608333333333334 0.09416666666666666 0.15083333333333335
3 0.165 0.5033333333333333 0.2625 0.145
3 0.15416666666666667 0.8025 0.23333333333333334 0.13916666666666666
1 0.8541666666666666 0.7441666666666666 0.24 0.12166666666666667
4 0.3586806066666666 0.21713622833333332 0.049469928333333336 0.23463463666666665 0.005382376666666667 0.3581176133333333 0.29273153166666666 0.3581176133333333 0.3586806066666666 0.21713622833333332
0 0.5659488533333333 0.79868454 0.54553602 0.5679876233333333 0.52061245 0.57897898 0.528263685 0.7714494233333333 0.2943017216666666 0.789072075 0.30372310500000005 0.8499504533333334 0.5659488533333333 0.79868454
0 0.8077618883333333 0.6801319166666667 0.8894129883333333 0.6785300016666667 0.8705704633333333 0.48628252000000005 0.6933647066666666 0.4868868883333333 0.6947065033333333 0.51672171 0.8266044133333333 0.5055072683333333 0.8077618883333333 0.6801319166666667
4 0.17 0.075 0.24916666666666668 0.15
4 0.83 0.93 0.245 0.11833333333333333
2 0.5455361383333334 0.4013732816666667 0.3992948383333333 0.5101110433333333 0.525123305 0.5872123716666667 0.6978470033333334 0.5151196116666668 0.5455361383333334 0.4013732816666667