5 0.0975 0.8266666666666667 0.12 0.1
5 0.405 0.8125 0.13666666666666666 0.115
5 0.8883333333333333 0.15166666666666667 0.09666666666666666 0.1
5 0.12833333333333333 0.1375 0.19 0.10333333333333333
4 0.9058333333333334 0.17333333333333334 0.175 0.2866666666666667
4 0.1075 0.8266666666666667 0.19666666666666666 0.25333333333333335
0 0.2575 0.8283333333333334 0.09166666666666666 0.05
0 0.53 0.485 0.8533333333333334 0.38333333333333336
0 0.1425 0.39 0.065 0.18333333333333332
3 0.13166666666666665 0.1675 0.21666666666666667 0.275
5 0.5083333333333333 0.16166666666666665 0.19 0.12333333333333334
5 0.8316666666666667 0.7991666666666667 0.22333333333333333 0.13833333333333334
3 0.8283333333333334 0.8358333333333333 0.24666666666666667 0.2816666666666667
1 0.555 0.9379995700000001 0.5186996966666666 0.7345099316666667 0.3232817083333333 0.7083333333333334 0.30615304499999996 0.7083333333333334 0.33810814 0.9623834450000001 0.555 0.9448712233333333 0.555 0.9379995700000001
1 0.6516666666666666 0.31726587333333334 0.5914561533333333 0.05721727333333334 0.39227301666666664 0.04833333333333333 0.39170461666666667 0.04833333333333333 0.43705978166666665 0.32271976666666663 0.6516666666666666 0.32094490333333336 0.6516666666666666 0.31726587333333334
0 0.6075 0.8466666666666667 0.11833333333333333 0.07333333333333333
0 0.7158333333333333 0.16333333333333333 0.145 0.08666666666666667
0 0.315 0.17333333333333334 0.16333333333333333 0.09666666666666666