4 0.55 0.9091666666666667 0.12 0.165
0 0.5533333333333333 0.7883333333333333 0.06333333333333334 0.07
5 0.5583333333333333 0.9158333333333334 0.07666666666666666 0.105
1 0.56 0.6475 0.16666666666666666 0.18166666666666667
5 0.5591666666666667 0.6508333333333334 0.09666666666666666 0.13166666666666665
0 0.565 0.5166666666666667 0.06333333333333334 0.07666666666666666
2 0.5658333333333333 0.385 0.25333333333333335 0.15666666666666668
5 0.5425 0.39166666666666666 0.11166666666666666 0.08333333333333333
0 0.6416666666666667 0.21416666666666667 0.25333333333333335 0.16333333333333333
0 0.71 0.14833333333333334 0.06 0.03333333333333333
5 0.5925 0.2 0.06166666666666667 0.03666666666666667
1 0.88 0.14333333333333334 0.21666666666666667 0.23
5 0.8683333333333333 0.15916666666666668 0.13666666666666666 0.15666666666666668
0 0.24416666666666667 0.30833333333333335 0.3333333333333333 0.21333333333333335
0 0.16416666666666666 0.21833333333333332 0.09833333333333333 0.02666666666666667
5 0.11583333333333333 0.11583333333333333 0.14166666666666666 0.13666666666666666
5 0.22916666666666666 0.3416666666666667 0.06833333333333333 0.023333333333333334