2 0.37070938166666667 0.18007202833333333 0.239130435 0.30762304999999995 0.356979405 0.37665066 0.5423340966666667 0.280612245 0.37070938166666667 0.18007202833333333
2 0.37070938166666667 0.4756902766666667 0.2574370716666667 0.6287515 0.4588100683333334 0.6812725083333333 0.6430205950000001 0.5537214883333333 0.37070938166666667 0.4756902766666667
2 0.4691075516666667 0.75330132 0.31006865 0.9168667466666667 0.5881006866666667 0.9858943583333333 0.7276887866666667 0.8433373350000001 0.4691075516666667 0.75330132
0 0.4633333333333333 0.7191666666666666 0.055 0.09333333333333334
0 0.37833333333333335 0.14416666666666667 0.045 0.075
0 0.1325 0.385 0.18083333333333335 0.18166666666666667
0 0.10166666666666667 0.7558333333333334 0.09416666666666666 0.37083333333333335
0 0.19083333333333333 0.9033333333333333 0.24583333333333332 0.12
0 0.8016666666666666 0.6641666666666667 0.30583333333333335 0.3016666666666667
0 0.8958333333333334 0.6891666666666667 0.059166666666666666 0.2608333333333333
0 0.7966666666666666 0.8466666666666667 0.11666666666666667 0.06333333333333334
0 0.3675 0.4325 0.065 0.10833333333333334
4 0.37833333333333335 0.049166666666666664 0.1725 0.09583333333333334
4 0.9258333333333333 0.8625 0.1325 0.09333333333333334
5 0.3180778033333333 0.02100840333333333 0.32036613333333336 0.090036015 0.41533180833333333 0.08403361333333333 0.40846682 0.016506603333333335 0.3180778033333333 0.02100840333333333
5 0.38 0.2841666666666667 0.17833333333333334 0.0975
5 0.15916666666666668 0.26916666666666667 0.04833333333333333 0.04666666666666667
5 0.4975 0.7325 0.07166666666666667 0.08083333333333333
5 0.9241666666666667 0.8591666666666666 0.09166666666666666 0.0675
5 0.5391666666666667 0.8625 0.29833333333333334 0.09166666666666666
5 0.19583333333333333 0.8533333333333334 0.055 0.0675
5 0.105 0.5308333333333334 0.1625 0.06
4 0.11 0.5233333333333333 0.20166666666666666 0.09416666666666666
5 0.41333333333333333 0.5808333333333333 0.26166666666666666 0.10166666666666667