5 0.3025 0.9408333333333333 0.13 0.05
5 0.31583333333333335 0.7858333333333334 0.17166666666666666 0.065
5 0.30916666666666665 0.6316666666666667 0.19833333333333333 0.07333333333333333
5 0.3475 0.435 0.3283333333333333 0.06333333333333334
5 0.5891666666666666 0.4841666666666667 0.08 0.043333333333333335
5 0.8241666666666667 0.4841666666666667 0.25833333333333336 0.10166666666666667
5 0.8216666666666667 0.225 0.13 0.05333333333333334
5 0.44083333333333335 0.305 0.08833333333333333 0.04666666666666667
5 0.3883333333333333 0.1725 0.43 0.085
0 0.31 0.875 0.056666666666666664 0.08333333333333333
0 0.30083333333333334 0.7125 0.03 0.07166666666666667
0 0.29083333333333333 0.5475 0.045 0.09166666666666666
0 0.6133333333333333 0.4608333333333333 0.11333333333333333 0.018333333333333333
0 0.8191666666666667 0.345 0.051666666666666666 0.15333333333333332
0 0.38 0.30083333333333334 0.028333333333333332 0.105
4 0.30083333333333334 0.9541666666666667 0.205 0.09166666666666666
4 0.8366666666666667 0.22416666666666665 0.26666666666666666 0.11833333333333333
3 0.3125 0.6366666666666667 0.24833333333333332 0.09333333333333334
3 0.38 0.1725 0.4666666666666667 0.165
2 0.565 0.454076725 0.37802094166666667 0.3466666666666667 0.37221329833333333 0.3466666666666667 0.16014577166666666 0.43310840666666667 0.3179624366666667 0.5372986583333333 0.565 0.4541001083333333 0.565 0.454076725
1 0.435 0.8399599966666667 0.404713 0.7520812916666667 0.21660837 0.7466666666666667 0.18281452333333334 0.7466666666666667 0.22220033333333333 0.831392775 0.435 0.8416602833333333 0.435 0.8399599966666667
1 0.995 0.5601735366666667 0.9253129366666667 0.4168069933333333 0.6454602566666667 0.38666666666666666 0.64168729 0.38666666666666666 0.7132502733333332 0.5288168616666666 0.995 0.5607840133333334 0.995 0.5601735366666667
0 0.029944325000000004 0.008333333333333333 0.015586751666666666 0.445112235 0.15784863 0.45172645166666664 0.15764813833333333 0.4227103233333333 0.046469655 0.4211101483333333 0.07323490166666667 0.029076035 0.37382846166666667 0.029076035 0.37794627666666664 0.09148148833333333 0.41706449333333334 0.09308160333333333 0.4266666666666667 0.013976126666666666 0.4266666666666667 0.008333333333333333 0.029944325000000004 0.008333333333333333