2 0.49128322166666666 0.65 0.5333333333333333 0.564606645 0.5333333333333333 0.55137094 0.5003350933333334 0.4222219616666667 0.44251155000000003 0.5409083 0.44589672833333327 0.536674345 0.49028687 0.65 0.49128322166666666 0.65
1 0.14354149666666666 0.6833333333333333 0.205 0.6309144533333334 0.205 0.5609127766666666 0.20302795833333334 0.45038273833333337 0.142894155 0.49492752666666673 0.14218511666666667 0.5024066216666667 0.14218511666666667 0.6833333333333333 0.14354149666666666 0.6833333333333333
1 0.7922153416666666 0.9883333333333333 0.86 0.9457858116666668 0.86 0.9166981883333333 0.85173077 0.7420530533333334 0.7813955533333333 0.778191005 0.7844834566666666 0.7810709633333334 0.7908623499999999 0.9883333333333333 0.7922153416666666 0.9883333333333333
4 0.0375 0.5816666666666667 0.06666666666666667 0.12333333333333334
4 0.965 0.8591666666666666 0.07 0.09833333333333333
0 0.09666666666666666 0.5766666666666667 0.09333333333333334 0.06
0 0.24666666666666667 0.5575 0.09333333333333334 0.04666666666666667
0 0.41333333333333333 0.5616666666666666 0.08666666666666667 0.05
0 0.6316666666666667 0.7958333333333333 0.33 0.2966666666666667
0 0.8991666666666667 0.8616666666666667 0.085 0.06333333333333334
0 0.6675 0.3258333333333333 0.13 0.48833333333333334
0 0.51 0.2791666666666667 0.06666666666666667 0.375
0 0.5741666666666667 0.5375 0.095 0.045
3 0.335 0.5558333333333333 0.1 0.25166666666666665
3 0.5808333333333333 0.1175 0.08 0.235
3 0.645 0.565 0.07666666666666666 0.3433333333333333
5 0.17416666666666666 0.5625 0.04 0.115
5 0.315 0.5491666666666667 0.03333333333333333 0.17166666666666666
5 0.35 0.5591666666666667 0.02666666666666667 0.095
5 0.4875 0.5416666666666666 0.041666666666666664 0.09333333333333334
5 0.47333333333333333 0.7508333333333334 0.03666666666666667 0.095
5 0.565 0.58 0.04 0.05333333333333334
5 0.5791666666666667 0.11 0.03833333333333333 0.11333333333333333
5 0.6458333333333334 0.555 0.03833333333333333 0.30333333333333334
5 0.8191666666666667 0.88 0.03833333333333333 0.16666666666666666