4 0.5491666666666667 0.050833333333333335 0.5675 0.10166666666666667
4 0.47833333333333333 0.935 0.93 0.13
3 0.5675 0.5733333333333334 0.5691666666666667 0.11
3 0.5241666666666667 0.38333333333333336 0.6266666666666667 0.12833333333333333
5 0.55 0.05583333333333333 0.30666666666666664 0.05416666666666667
5 0.5808333333333333 0.22 0.36833333333333335 0.051666666666666666
5 0.5641666666666667 0.38416666666666666 0.49 0.06
5 0.5766666666666667 0.58 0.455 0.059166666666666666
5 0.4091666666666667 0.935 0.34833333333333333 0.06166666666666667
5 0.5991666666666666 0.7508333333333334 0.6208333333333333 0.04583333333333333
0 0.5633333333333334 0.13666666666666666 0.165 0.08833333333333333
0 0.5433333333333333 0.2916666666666667 0.1375 0.09416666666666666
0 0.5383333333333333 0.48333333333333334 0.13833333333333334 0.095
0 0.5625 0.6508333333333334 0.1275 0.07666666666666666
0 0.43666666666666665 0.845 0.09166666666666666 0.09416666666666666
1 0.32916475166666664 0.16446467833333334 0.32493993833333334 0.15836832833333334 0.17571315833333334 0.25567422166666665 0.7559524766666667 0.24607324333333333 0.8614507683333333 0.15646384166666666 0.32916475166666664 0.16446467833333334
1 0.784724605 0.7949305816666666 0.9909255266666666 0.6781183883333334 0.19891715000000001 0.6765637316666667 0.003080025 0.81413254 0.784724605 0.7949305816666666