5 0.5583333333333333 0.0425 0.21416666666666667 0.06416666666666666
5 0.5483333333333333 0.1775 0.2916666666666667 0.05333333333333334
5 0.5575 0.32083333333333336 0.23916666666666667 0.09666666666666666
5 0.6533333333333333 0.4716666666666667 0.43083333333333335 0.06166666666666667
5 0.17083333333333334 0.5866666666666667 0.2841666666666667 0.05583333333333333
5 0.3225 0.6491666666666667 0.12833333333333333 0.045
5 0.7025 0.65 0.2758333333333333 0.075
5 0.9083333333333333 0.7391666666666666 0.14583333333333334 0.045
5 0.7466666666666667 0.8291666666666667 0.3283333333333333 0.04416666666666667
5 0.7508333333333334 0.9525 0.21833333333333332 0.059166666666666666
0 0.5725 0.11083333333333334 0.07333333333333333 0.05583333333333333
0 0.5516666666666666 0.24416666666666667 0.059166666666666666 0.0675
0 0.5816666666666667 0.4058333333333333 0.105 0.07083333333333333
0 0.6525 0.5441666666666667 0.07083333333333333 0.050833333333333335
0 0.8158333333333333 0.7558333333333334 0.0725 0.058333333333333334
0 0.7533333333333333 0.8933333333333333 0.060833333333333336 0.04083333333333333
4 0.5491666666666667 0.043333333333333335 0.30666666666666664 0.085
4 0.7475 0.9525 0.4225 0.07916666666666666
3 0.575 0.3283333333333333 0.31666666666666665 0.12
3 0.6616666666666666 0.475 0.5608333333333333 0.08916666666666667
3 0.18 0.5858333333333333 0.345 0.09833333333333333
1 0.7473158033333334 0.12254098666666667 0.4235376383333333 0.13445378333333333 0.34710045 0.21380368166666666 0.6909474316666667 0.21060147 0.7473158033333334 0.12254098666666667
1 0.9896999733333333 0.7837952166666666 0.603241655 0.7907162883333334 0.51902394 0.87505785 0.9107841666666667 0.8654512766666667 0.9896999733333333 0.7837952166666666
2 0.6525721683333333 0.5626250516666667 0.45420022666666665 0.6749203866666666 0.8149578916666667 0.7309588766666667 0.9643339483333333 0.63008973 0.6525721683333333 0.5626250516666667
0 0.18926905333333333 0.6989368816666667 0.47392928666666667 0.6829258850000001 0.4552501116666666 0.6666666683333333 0.21463464833333334 0.6733193116666666 0.20617952166666667 0.62208423 0.13571905666666667 0.63008973 0.18926905333333333 0.6989368816666667
0 0.152629525 0.49239505666666666 0.41192395 0.49719834333333335 0.40910557333333336 0.46997963666666664 0.12755455166666665 0.4685874366666667 0.13853743166666668 0.5404280483333334 0.16672161833333335 0.5404280483333334 0.152629525 0.49239505666666666