4 0.5958333333333333 0.03833333333333333 0.4975 0.05583333333333333
4 0.54 0.9633333333333334 0.4775 0.05416666666666667
0 0.6116666666666667 0.11 0.11166666666666666 0.07333333333333333
0 0.5725 0.2683333333333333 0.17666666666666667 0.10833333333333334
0 0.54 0.4791666666666667 0.1375 0.1275
0 0.5466666666666666 0.6866666666666666 0.15083333333333335 0.12166666666666667
0 0.4975 0.8758333333333334 0.14416666666666667 0.10916666666666666
5 0.6083333333333333 0.03333333333333333 0.23583333333333334 0.035833333333333335
5 0.54 0.17666666666666667 0.3858333333333333 0.035833333333333335
5 0.6083333333333333 0.36583333333333334 0.6283333333333333 0.05416666666666667
5 0.5991666666666666 0.5858333333333333 0.635 0.043333333333333335
5 0.5133333333333333 0.7791666666666667 0.5958333333333333 0.043333333333333335
5 0.5466666666666666 0.9675 0.2683333333333333 0.04083333333333333
1 0.386125655 0.14255702333333334 0.24214659666666669 0.20408163333333335 0.8246073300000001 0.20108043166666667 0.9162303666666666 0.14255702333333334 0.386125655 0.14255702333333334
1 0.24214659666666669 0.7382953183333334 0.05235602166666667 0.81482593 0.8049738216666666 0.81482593 0.8965968583333334 0.75030012 0.24214659666666669 0.7382953183333334
3 0.5825 0.36583333333333334 0.6808333333333333 0.09
3 0.6025 0.585 0.7333333333333333 0.08416666666666667