5 0.6975 0.9408333333333333 0.13 0.05
5 0.6841666666666667 0.7858333333333334 0.17166666666666666 0.065
5 0.6908333333333333 0.6316666666666667 0.19833333333333333 0.07333333333333333
5 0.6525 0.435 0.3283333333333333 0.06333333333333334
5 0.41083333333333333 0.4841666666666667 0.08 0.043333333333333335
5 0.17583333333333334 0.4841666666666667 0.25833333333333336 0.10166666666666667
5 0.17833333333333334 0.225 0.13 0.05333333333333334
5 0.5591666666666667 0.305 0.08833333333333333 0.04666666666666667
5 0.6116666666666667 0.1725 0.43 0.085
0 0.69 0.875 0.056666666666666664 0.08333333333333333
0 0.6991666666666667 0.7125 0.03 0.07166666666666667
0 0.7091666666666666 0.5475 0.045 0.09166666666666666
0 0.38666666666666666 0.4608333333333333 0.11333333333333333 0.018333333333333333
0 0.18083333333333335 0.345 0.051666666666666666 0.15333333333333332
0 0.62 0.30083333333333334 0.02666666666666667 0.105
4 0.6991666666666667 0.9541666666666667 0.205 0.09166666666666666
4 0.16333333333333333 0.22416666666666665 0.26666666666666666 0.11833333333333333
3 0.6875 0.6366666666666667 0.24833333333333332 0.09333333333333334
3 0.62 0.1725 0.4666666666666667 0.165
2 0.435 0.4541001083333333 0.6820375633333333 0.5372986583333333 0.8398542283333333 0.43310840666666667 0.6277867016666666 0.3466666666666667 0.6219790583333333 0.3466666666666667 0.435 0.454076725 0.435 0.4541001083333333
1 0.565 0.8416602833333333 0.7777996666666667 0.831392775 0.8171854766666666 0.7466666666666667 0.78339163 0.7466666666666667 0.595287 0.7520812916666667 0.565 0.8399599966666667 0.565 0.8416602833333333
1 0.005 0.5607840133333334 0.28674972666666665 0.5288168616666666 0.35831271000000003 0.38666666666666666 0.3545397433333333 0.38666666666666666 0.07468706333333333 0.4168069933333333 0.005 0.5601735366666667 0.005 0.5607840133333334
0 0.953530345 0.4211101483333333 0.8423518616666666 0.4227103233333333 0.84215137 0.45172645166666664 0.9844132483333334 0.445112235 0.970055675 0.008333333333333333 0.5733333333333334 0.008333333333333333 0.5733333333333334 0.013976126666666666 0.5829355066666667 0.09308160333333333 0.6220537233333333 0.09148148833333333 0.6261715383333333 0.029076035 0.9267650983333334 0.029076035 0.953530345 0.4211101483333333