4 0.4275 0.055 0.2966666666666667 0.09666666666666666
4 0.17166666666666666 0.7216666666666667 0.3416666666666667 0.085
4 0.85 0.7516666666666667 0.3 0.0775
0 0.235 0.8241666666666667 0.245 0.15666666666666668
0 0.4716666666666667 0.7208333333333333 0.06333333333333334 0.10666666666666667
0 0.6408333333333334 0.6516666666666666 0.12916666666666668 0.20916666666666667
0 0.8166666666666667 0.4866666666666667 0.16 0.455
0 0.4483333333333333 0.13333333333333333 0.06583333333333333 0.08416666666666667
0 0.4375 0.405 0.05 0.11083333333333334
0 0.8591666666666666 0.8516666666666667 0.08416666666666667 0.12166666666666667
5 0.44166666666666665 0.2633333333333333 0.16583333333333333 0.11
5 0.42583333333333334 0.055 0.16583333333333333 0.06416666666666666
5 0.46166666666666667 0.5583333333333333 0.19833333333333333 0.1325
5 0.5375 0.6966666666666667 0.10166666666666667 0.065
5 0.7083333333333334 0.6441666666666667 0.06166666666666667 0.050833333333333335
5 0.8566666666666667 0.7541666666666667 0.1525 0.05333333333333334
5 0.9408333333333333 0.4841666666666667 0.11083333333333334 0.08166666666666667
5 0.1475 0.7241666666666666 0.23083333333333333 0.06
5 0.4841666666666667 0.8116666666666666 0.1125 0.035
5 0.4633333333333333 0.8516666666666667 0.12916666666666668 0.030833333333333334
5 0.4791666666666667 0.885 0.1925 0.045
5 0.48083333333333333 0.9283333333333333 0.11083333333333334 0.0375
5 0.7141666666666666 0.8441666666666666 0.08583333333333333 0.045
5 0.25333333333333335 0.9141666666666667 0.08083333333333333 0.04583333333333333
5 0.49666666666666665 0.40166666666666667 0.08666666666666667 0.03916666666666667
2 0.45166666666666666 0.5591666666666667 0.25666666666666665 0.2125