2 0.5124171833333333 0.265 0.51030138 0.265 0.40166666666666667 0.35648195 0.40166666666666667 0.35777755333333333 0.5281586399999999 0.4173369333333333 0.6383333333333333 0.33802604166666667 0.6383333333333333 0.337628105 0.5124171833333333 0.265
1 0.7776864966666667 0.17177170666666666 0.7283333333333334 0.27924831 0.7283333333333334 0.28269125666666667 0.9235788483333333 0.26781012499999995 0.9798836966666666 0.15 0.9736014316666666 0.15 0.7776864966666667 0.17177170666666666
1 0.4967632533333333 0.7716666666666666 0.475 0.8523644483333334 0.475 0.8548919916666667 0.642880075 0.86087035 0.6782908400000001 0.7783373366666667 0.51710025 0.7716666666666666 0.4967632533333333 0.7716666666666666
4 0.6083333333333333 0.9516666666666667 0.17 0.07666666666666666
4 0.875 0.050833333333333335 0.24 0.07666666666666666
5 0.62 0.945 0.09666666666666666 0.05
5 0.5833333333333334 0.8133333333333334 0.14 0.06
5 0.57 0.6741666666666667 0.14333333333333334 0.07166666666666667
5 0.5083333333333333 0.5466666666666666 0.25666666666666665 0.05
5 0.11083333333333334 0.5483333333333333 0.17666666666666667 0.06
5 0.29 0.4216666666666667 0.05333333333333334 0.043333333333333335
5 0.7458333333333333 0.36 0.08833333333333333 0.03333333333333333
5 0.5166666666666667 0.3525 0.14333333333333334 0.04666666666666667
5 0.8516666666666667 0.21833333333333332 0.17 0.05333333333333334
5 0.8708333333333333 0.06 0.155 0.05
3 0.5683333333333334 0.68 0.16666666666666666 0.09333333333333334
3 0.12166666666666667 0.5516666666666666 0.21333333333333335 0.10666666666666667
0 0.6091666666666666 0.8833333333333333 0.03166666666666667 0.04666666666666667
0 0.6016666666666667 0.7475 0.043333333333333335 0.056666666666666664
0 0.5558333333333333 0.6016666666666667 0.04833333333333333 0.04
0 0.2925 0.5508333333333333 0.12833333333333333 0.035
0 0.5383333333333333 0.45666666666666667 0.06333333333333334 0.07333333333333333
0 0.7475 0.31083333333333335 0.24166666666666667 0.07166666666666667
0 0.8791666666666667 0.11916666666666667 0.058333333333333334 0.06833333333333333
0 0.1075 0.43583333333333335 0.056666666666666664 0.13833333333333334
0 0.2475 0.37416666666666665 0.3383333333333333 0.09333333333333334