4 0.5775 0.05333333333333334 0.3725 0.0975
4 0.5883333333333334 0.9525 0.5266666666666666 0.095
3 0.6291666666666667 0.38666666666666666 0.5766666666666667 0.10916666666666666
3 0.6783333333333333 0.5366666666666666 0.6158333333333333 0.09666666666666666
3 0.19083333333333333 0.5933333333333334 0.35 0.07416666666666667
0 0.5725 0.14916666666666667 0.09916666666666667 0.1175
0 0.5816666666666667 0.30416666666666664 0.09666666666666666 0.09166666666666666
0 0.6316666666666667 0.4666666666666667 0.07666666666666666 0.06833333333333333
0 0.6725 0.615 0.11666666666666667 0.08166666666666667
0 0.7008333333333333 0.7633333333333333 0.13333333333333333 0.095
0 0.5975 0.8941666666666667 0.08833333333333333 0.051666666666666666
0 0.3383333333333333 0.6708333333333333 0.38083333333333336 0.0975
0 0.25833333333333336 0.5375 0.27166666666666667 0.06666666666666667
5 0.5408333333333334 0.05583333333333333 0.21833333333333332 0.043333333333333335
5 0.5741666666666667 0.23666666666666666 0.30583333333333335 0.0375
5 0.6008333333333333 0.3616666666666667 0.35833333333333334 0.030833333333333334
5 0.5875 0.40166666666666667 0.3025 0.0275
5 0.6866666666666666 0.54 0.4691666666666667 0.043333333333333335
5 0.17416666666666666 0.5908333333333333 0.21416666666666667 0.03333333333333333
5 0.33166666666666667 0.6633333333333333 0.125 0.02666666666666667
5 0.6975 0.6891666666666667 0.22833333333333333 0.03833333333333333
5 0.7908333333333334 0.7625 0.13083333333333333 0.03666666666666667
5 0.62 0.84 0.295 0.0275
5 0.5341666666666667 0.9541666666666667 0.215 0.043333333333333335
1 0.7147561966666667 0.266875405 0.82010845 0.19646802333333332 0.4291943916666667 0.19798156333333333 0.32171114500000003 0.2700757516666667 0.7147561966666667 0.266875405
1 0.51215559 0.796530725 0.5025328366666667 0.7962407533333333 0.350075105 0.8701383916666666 0.7593282666666668 0.8701383916666666 0.88899284 0.8013312766666667 0.51215559 0.796530725
2 0.9659808233333332 0.7037211616666667 0.998397045 0.6957203249999999 0.666132175 0.6381142083333333 0.6545085199999999 0.6402719466666666 0.49189552833333333 0.68931951 0.670184125 0.73412424 0.9457210733333333 0.7069213866666666 0.9659808233333332 0.7037211616666667