4 0.23416666666666666 0.08166666666666667 0.24083333333333334 0.16333333333333333
0 0.625 0.6808333333333333 0.39 0.4225
0 0.24083333333333334 0.7391666666666666 0.1125 0.2575
0 0.23333333333333334 0.38666666666666666 0.058333333333333334 0.08166666666666667
0 0.2633333333333333 0.1825 0.041666666666666664 0.07416666666666667
5 0.24833333333333332 0.5233333333333333 0.2475 0.08916666666666667
5 0.275 0.2866666666666667 0.3275 0.09083333333333334
5 0.22166666666666668 0.09083333333333334 0.19916666666666666 0.12
5 0.235 0.9225 0.26416666666666666 0.08416666666666667
5 0.14916666666666667 0.7175 0.09833333333333333 0.10083333333333333
5 0.8558333333333333 0.7058333333333333 0.08833333333333333 0.1075
5 0.7758333333333334 0.9491666666666667 0.2916666666666667 0.07083333333333333
1 0.5446970133333334 0.21741685833333335 0.132856825 0.21108443000000002 0 0.34954932 0.40181152833333333 0.353553365 0.5446970133333334 0.21741685833333335
2 0.42379391 0.5157159316666666 0.23456105833333335 0.4211684633333333 0.06291652333333332 0.5217219533333333 0.11054496333333333 0.5697701216666666 0.2442711783333333 0.6218223333333333 0.42379391 0.5157159316666666
1 0.07788156333333333 0.8593437333333332 0.013456163333333333 0.974175505 0.3395282233333333 0.9861875466666667 0.4311214266666667 0.8720731483333333 0.07788156333333333 0.8593437333333332
1 0.600146545 0.8743497366666666 0.5300421466666666 0.982183595 0.9495393316666667 0.9921935683333334 0.9989996916666667 0.8800812366666666 0.600146545 0.8743497366666666