4 0.030833333333333334 0.5841666666666666 0.055 0.73
4 0.9566666666666667 0.5441666666666667 0.08 0.855
0 0.105 0.595 0.08 0.19666666666666666
0 0.31416666666666665 0.5841666666666666 0.105 0.205
0 0.5775 0.5108333333333334 0.125 0.24833333333333332
0 0.8541666666666666 0.5216666666666666 0.11166666666666666 0.21
5 0.205 0.5075 0.06 0.3283333333333333
5 0.4325 0.46 0.07833333333333334 0.36666666666666664
5 0.7333333333333333 0.40166666666666667 0.09 0.41
3 0.44083333333333335 0.4675 0.135 0.6133333333333333
3 0.23923099666666667 0.795 0.2683333333333333 0.2690240116666667 0.2683333333333333 0.24118979833333332 0.17499418666666666 0.23400851500000003 0.14639286166666668 0.7595559616666667 0.2364976166666667 0.795 0.23923099666666667 0.795
3 0.7720200016666666 0.7883333333333333 0.8216666666666667 0.11734084499999999 0.8216666666666667 0.10964409666666666 0.691074875 0.06603406333333334 0.6429409366666667 0.7156691 0.77141495 0.7883333333333333 0.7720200016666666 0.7883333333333333