2 0.69 0.64214859 0.4855566516666667 0.5660435816666667 0.23666666666666666 0.6335182683333332 0.23666666666666666 0.6340105383333333 0.4522825183333333 0.7348331683333333 0.69 0.642211665 0.69 0.64214859
1 0.61473044 0.48833333333333334 0.61473044 0.30470159 0.35893532666666667 0.27052523666666667 0.3433333333333333 0.4477811583333334 0.3433333333333333 0.4596555866666667 0.6038319383333334 0.48833333333333334 0.61473044 0.48833333333333334
1 0.2648042983333333 0.9966666666666667 0.2694441866666667 0.9966666666666667 0.27358429166666665 0.841846385 0.28222907333333336 0.8405952250000001 0.03026703833333333 0.7902330916666667 0.02 0.9285418566666668 0.02 0.958668385 0.2648042983333333 0.9966666666666667
1 0.9563589983333333 0.9883333333333333 0.9699831333333333 0.9883333333333333 0.9761350983333333 0.8301475650000001 0.9906926 0.8329375383333333 0.7411363766666667 0.7743493650000001 0.7083333333333334 0.9448748783333334 0.7083333333333334 0.9474015499999999 0.9563589983333333 0.9883333333333333
4 0.49666666666666665 0.11333333333333333 0.25333333333333335 0.22333333333333333
0 0.4891666666666667 0.25916666666666666 0.06833333333333333 0.075
0 0.4766666666666667 0.5283333333333333 0.09 0.11333333333333333
0 0.5991666666666666 0.8058333333333333 0.3433333333333333 0.16833333333333333
0 0.17666666666666667 0.72 0.16 0.2
5 0.49166666666666664 0.08083333333333333 0.12666666666666668 0.11333333333333333
5 0.48083333333333333 0.37833333333333335 0.12333333333333334 0.15333333333333332
5 0.47833333333333333 0.6466666666666666 0.14333333333333334 0.08666666666666667
5 0.5183333333333333 0.845 0.11 0.03333333333333333
5 0.8416666666666667 0.8791666666666667 0.15333333333333332 0.13166666666666665
5 0.13916666666666666 0.8933333333333333 0.15166666666666667 0.14
5 0.1875 0.655 0.085 0.023333333333333334