5 0.3025 0.059166666666666666 0.13 0.05
5 0.31583333333333335 0.21416666666666667 0.1725 0.06416666666666666
5 0.30916666666666665 0.36833333333333335 0.19916666666666666 0.0725
5 0.3475 0.565 0.3283333333333333 0.0625
5 0.5891666666666666 0.5158333333333334 0.08 0.043333333333333335
5 0.8241666666666667 0.5158333333333334 0.25916666666666666 0.10083333333333333
5 0.8216666666666667 0.775 0.12916666666666668 0.05333333333333334
5 0.44083333333333335 0.695 0.0875 0.04583333333333333
5 0.3883333333333333 0.8275 0.43083333333333335 0.08583333333333333
0 0.31 0.125 0.0575 0.08166666666666667
0 0.30083333333333334 0.2875 0.03 0.07083333333333333
0 0.29083333333333333 0.4525 0.04583333333333333 0.0925
0 0.6133333333333333 0.5391666666666667 0.11333333333333333 0.018333333333333333
0 0.8191666666666667 0.655 0.051666666666666666 0.1525
0 0.38 0.6991666666666667 0.028333333333333332 0.10583333333333333
4 0.30083333333333334 0.04583333333333333 0.205 0.09166666666666666
4 0.8366666666666667 0.7758333333333334 0.2675 0.11833333333333333
3 0.3125 0.36333333333333334 0.24916666666666668 0.09416666666666666
3 0.38 0.8275 0.465 0.165
2 0.31791957833333334 0.46209649333333336 0.16010291333333332 0.566286745 0.37556757 0.6541132033333333 0.5649828033333334 0.545303685 0.31791957833333334 0.46209649333333336
1 0.4352745466666667 0.1580700683333333 0.221878975 0.16836632833333331 0.182034835 0.2540783916666667 0.40439164333333333 0.24767781166666666 0.4352745466666667 0.1580700683333333
1 0.7132206766666667 0.47169730499999996 0.6414413950000001 0.6142771466666667 0.9252833416666666 0.5837071733333333 0.9952844633333332 0.43969452 0.7132206766666667 0.47169730499999996
0 0.4167447733333333 0.90693519 0.37762655666666667 0.9085353066666666 0.37350874166666664 0.97094076 0.07291518166666666 0.97094076 0.046149935 0.5789066466666667 0.15732841833333333 0.57730647 0.15752891 0.5482903433333333 0.015267031666666667 0.5549045583333334 0.029679148333333336 0.9933427349999999 0.42703907500000005 0.99174262 0.4167447733333333 0.90693519