3 0.465 0.47583333333333333 0.1475 0.8858333333333334
4 0.043333333333333335 0.4008333333333333 0.07333333333333333 0.6583333333333333
4 0.9625 0.5375 0.06333333333333334 0.6316666666666667
0 0.1125 0.4525 0.07416666666666667 0.29333333333333333
0 0.3525 0.5208333333333334 0.0875 0.20833333333333334
0 0.5908333333333333 0.5083333333333333 0.11 0.22166666666666668
0 0.8783333333333333 0.5308333333333334 0.10333333333333333 0.18916666666666668
5 0.7341666666666666 0.5083333333333333 0.13333333333333333 0.3516666666666667
5 0.4558333333333333 0.4791666666666667 0.09583333333333334 0.24083333333333334
5 0.22666666666666666 0.4625 0.12583333333333332 0.33916666666666667
1 0.16596931666666667 0.110749185 0.13389121333333334 0.8078175900000001 0.29288703 0.8403908800000001 0.3186889816666667 0.110749185 0.16596931666666667 0.110749185
1 0.6673640166666667 0.06514658 0.6422594150000001 0.8990228016666667 0.8061366799999999 0.8925081433333334 0.8312412833333334 0.15635179166666668 0.6673640166666667 0.06514658