4 0.6883333333333334 0.05583333333333333 0.4975 0.09916666666666667
0 0.7125 0.13333333333333333 0.09416666666666666 0.05
1 0.7166666666666667 0.19666666666666666 0.5166666666666667 0.08916666666666667
0 0.7016666666666667 0.26416666666666666 0.07166666666666667 0.04
3 0.6841666666666667 0.33 0.4525 0.10333333333333333
5 0.6775 0.06166666666666667 0.30666666666666664 0.04583333333333333
0 0.6791666666666667 0.4091666666666667 0.09333333333333334 0.07
5 0.7325 0.1975 0.3408333333333333 0.05
5 0.6391666666666667 0.3075 0.21083333333333334 0.0375
5 0.6425 0.3491666666666667 0.21833333333333332 0.0375
3 0.7191666666666666 0.485 0.4741666666666667 0.085
0 0.325 0.5416666666666666 0.35583333333333333 0.1225
0 0.7241666666666666 0.5541666666666667 0.07 0.07166666666666667
3 0.18583333333333332 0.6425 0.3325 0.08416666666666667
0 0.4741666666666667 0.6483333333333333 0.23916666666666667 0.024166666666666666
2 0.74 0.6491666666666667 0.31833333333333336 0.12583333333333332
0 0.7225 0.745 0.075 0.065
1 0.6775 0.815 0.4666666666666667 0.07416666666666667
0 0.7058333333333333 0.88 0.07 0.050833333333333335
4 0.68 0.9441666666666667 0.49083333333333334 0.09166666666666666
5 0.6741666666666667 0.9341666666666667 0.21583333333333332 0.04083333333333333
5 0.6666666666666666 0.8133333333333334 0.31333333333333335 0.04666666666666667
5 0.7475 0.6408333333333334 0.1825 0.03333333333333333
5 0.47333333333333333 0.6241666666666666 0.105 0.0275
5 0.85 0.7316666666666667 0.1425 0.030833333333333334
5 0.7141666666666666 0.485 0.32416666666666666 0.04083333333333333
5 0.20166666666666666 0.645 0.2791666666666667 0.034166666666666665