5 0.295 0.04583333333333333 0.20666666666666667 0.055
5 0.30083333333333334 0.20583333333333334 0.18833333333333332 0.075
5 0.2825 0.3908333333333333 0.21666666666666667 0.08833333333333333
5 0.5408333333333334 0.5516666666666666 0.10666666666666667 0.06333333333333334
5 0.8008333333333333 0.5791666666666667 0.33166666666666667 0.07833333333333334
5 0.7733333333333333 0.8358333333333333 0.12 0.04666666666666667
5 0.29333333333333333 0.5916666666666667 0.30666666666666664 0.06666666666666667
5 0.335 0.74 0.07 0.04
5 0.30083333333333334 0.85 0.30833333333333335 0.07333333333333333
0 0.30583333333333335 0.1225 0.03166666666666667 0.06833333333333333
0 0.30083333333333334 0.3025 0.041666666666666664 0.08833333333333333
0 0.29583333333333334 0.4816666666666667 0.045 0.06333333333333334
0 0.2833333333333333 0.7466666666666667 0.04 0.11333333333333333
0 0.545 0.5866666666666667 0.15666666666666668 0.02666666666666667
0 0.7866666666666666 0.7175 0.03 0.165
4 0.295 0.051666666666666666 0.31333333333333335 0.10333333333333333
4 0.7975 0.84 0.30833333333333335 0.08333333333333333
3 0.30916666666666665 0.8508333333333333 0.345 0.145
3 0.2975 0.3908333333333333 0.27 0.12
1 0.4051797383333333 0.2633333333333333 0.40832617833333335 0.2633333333333333 0.48333333333333334 0.15802126666666666 0.48333333333333334 0.15787682833333333 0.22396258 0.14857461833333335 0.14666666666666667 0.24429148666666667 0.14666666666666667 0.24434270333333336 0.4051797383333333 0.2633333333333333
1 0.9933333333333333 0.5333369683333333 0.9933333333333333 0.5324349766666666 0.6768376066666666 0.5233333333333333 0.65205677 0.5233333333333333 0.5779130366666666 0.64132162 0.9149311033333334 0.6533333333333333 0.9376681266666667 0.6533333333333333 0.9933333333333333 0.5333369683333333
2 0.29092524333333336 0.6983333333333334 0.4766666666666667 0.58769684 0.4766666666666667 0.5871061733333334 0.287187545 0.5009026066666666 0.08225941166666666 0.5911383083333333 0.28695787166666664 0.6983333333333334 0.29092524333333336 0.6983333333333334
0 0.026453171666666667 0.6046912616666666 0.09983551166666667 0.6094945483333334 0.09247670166666667 0.57885068 0.0002631483333333333 0.5854780533333334 0.011400476666666666 0.9761464066666667 0.30128296666666665 0.995 0.306836615 0.995 0.31166666666666665 0.9265004583333333 0.31166666666666665 0.9152012216666666 0.287995285 0.9121024183333333 0.286113715 0.9745453300000001 0.03774273 0.9585343333333333 0.026453171666666667 0.6046912616666666