0 0.31333333333333335 0.8308333333333333 0.08 0.085
0 0.30416666666666664 0.6591666666666667 0.09166666666666666 0.09166666666666666
0 0.2783333333333333 0.4925 0.07 0.07333333333333333
0 0.24416666666666667 0.295 0.08 0.08
0 0.23333333333333334 0.14333333333333334 0.07 0.07666666666666666
0 0.5091666666666667 0.365 0.20166666666666666 0.06
0 0.6525 0.49833333333333335 0.405 0.15666666666666668
4 0.3175 0.935 0.4083333333333333 0.13
4 0.21083333333333334 0.060833333333333336 0.4116666666666667 0.12166666666666667
3 0.7858333333333334 0.37166666666666665 0.4116666666666667 0.11666666666666667
3 0.2925 0.5725 0.39666666666666667 0.11833333333333333
5 0.3383333333333333 0.9308333333333333 0.27 0.058333333333333334
5 0.30583333333333335 0.7475 0.305 0.045
5 0.29833333333333334 0.5758333333333333 0.32666666666666666 0.06333333333333334
5 0.27166666666666667 0.3908333333333333 0.21666666666666667 0.03833333333333333
5 0.8408333333333333 0.4033333333333333 0.175 0.02666666666666667
5 0.8191666666666667 0.3541666666666667 0.175 0.041666666666666664
5 0.49666666666666665 0.4083333333333333 0.09333333333333334 0.05333333333333334
5 0.13 0.29833333333333334 0.13 0.03666666666666667
5 0.23083333333333333 0.2175 0.26166666666666666 0.04
5 0.20583333333333334 0.07 0.19333333333333333 0.05333333333333334
2 0.10333333333333333 0.39597010000000005 0.10333333333333333 0.39638973666666666 0.28682446666666667 0.4762778366666667 0.28715958 0.4780862833333333 0.47959928 0.36580006333333337 0.23481959 0.31166666666666665 0.23297160999999997 0.31166666666666665 0.10333333333333333 0.39597010000000005
1 0.03 0.27251333333333333 0.03 0.275 0.035198118333333334 0.275 0.36674558166666665 0.25476609499999997 0.40909287666666666 0.1824839 0.12843230166666667 0.18 0.047136415 0.18 0.03 0.27251333333333333
1 0.16054660333333334 0.7033333333333334 0.15292305166666667 0.7033333333333334 0.08833333333333333 0.8063586183333333 0.08833333333333333 0.8066666666666666 0.11126875666666666 0.8066666666666666 0.4289975366666667 0.8021919 0.42603159 0.7797760583333333 0.44086042166666667 0.7989896633333333 0.4972100283333333 0.7221355150000001 0.16054660333333334 0.7033333333333334