4 0.18333333333333332 0.04583333333333333 0.25333333333333335 0.0675
4 0.16333333333333333 0.8866666666666667 0.2175 0.06333333333333334
0 0.18583333333333332 0.165 0.029166666666666667 0.16833333333333333
0 0.17083333333333334 0.4625 0.059166666666666666 0.14083333333333334
0 0.485 0.6025 0.315 0.04083333333333333
0 0.16333333333333333 0.7608333333333334 0.0275 0.18333333333333332
0 0.795 0.7633333333333333 0.04833333333333333 0.2025
0 0.43083333333333335 0.9008333333333334 0.3 0.0525
3 0.17833333333333334 0.32083333333333336 0.31916666666666665 0.13166666666666665
3 0.8041666666666667 0.6058333333333333 0.30833333333333335 0.11583333333333333
3 0.7925 0.9266666666666666 0.37333333333333335 0.1275
2 0.17103040500000002 0.5402160866666667 0.021114865 0.6107442983333333 0.16680743166666667 0.6692677066666667 0.3230574316666667 0.6017406966666666 0.17103040500000002 0.5402160866666667
5 0.19416666666666665 0.04083333333333333 0.13916666666666666 0.041666666666666664
5 0.18083333333333335 0.3125 0.29333333333333333 0.0975
5 0.1625 0.6108333333333333 0.1775 0.05416666666666667
5 0.4683333333333333 0.5725 0.0925 0.043333333333333335
5 0.23833333333333334 0.7566666666666667 0.1225 0.07166666666666667
5 0.175 0.8883333333333333 0.20666666666666667 0.041666666666666664
5 0.7941666666666667 0.9225 0.38 0.06333333333333334
5 0.81 0.61 0.2725 0.07666666666666666