4 0.9441666666666667 0.6883333333333334 0.09833333333333333 0.49666666666666665
0 0.8666666666666667 0.7125 0.05 0.095
1 0.8033333333333333 0.7166666666666667 0.09 0.5166666666666667
0 0.7358333333333333 0.7016666666666667 0.04 0.07
3 0.67 0.6841666666666667 0.10333333333333333 0.45166666666666666
5 0.9383333333333334 0.6775 0.04666666666666667 0.30666666666666664
0 0.5908333333333333 0.6791666666666667 0.07 0.09333333333333334
5 0.8025 0.7325 0.05 0.3416666666666667
5 0.6925 0.6391666666666667 0.03833333333333333 0.21166666666666667
5 0.6508333333333334 0.6425 0.03833333333333333 0.21833333333333332
3 0.515 0.7191666666666666 0.08333333333333333 0.475
0 0.4583333333333333 0.325 0.12333333333333334 0.3566666666666667
0 0.44583333333333336 0.7241666666666666 0.07166666666666667 0.07
3 0.3575 0.18583333333333332 0.085 0.33166666666666667
0 0.3516666666666667 0.4741666666666667 0.023333333333333334 0.23833333333333334
2 0.35083333333333333 0.74 0.125 0.32
0 0.255 0.7225 0.06333333333333334 0.075
1 0.185 0.6775 0.07333333333333333 0.4666666666666667
0 0.12 0.7058333333333333 0.05 0.07
4 0.05583333333333333 0.68 0.09166666666666666 0.49
5 0.06583333333333333 0.6741666666666667 0.041666666666666664 0.215
5 0.18666666666666668 0.6666666666666666 0.04666666666666667 0.31333333333333335
5 0.3591666666666667 0.7475 0.03333333333333333 0.18166666666666667
5 0.37583333333333335 0.47333333333333333 0.028333333333333332 0.10666666666666667
5 0.2683333333333333 0.85 0.03 0.14333333333333334
5 0.515 0.7141666666666666 0.04 0.325
5 0.355 0.20166666666666666 0.03333333333333333 0.28