5 0.395 0.19333333333333333 0.16666666666666666 0.16
5 0.8216666666666667 0.13666666666666666 0.29 0.16666666666666666
5 0.15 0.8225 0.2733333333333333 0.15333333333333332
5 0.5841666666666666 0.8508333333333333 0.3016666666666667 0.22166666666666668
5 0.8966666666666666 0.8641666666666666 0.08333333333333333 0.145
0 0.22083333333333333 0.17583333333333334 0.11166666666666666 0.08166666666666667
0 0.5908333333333333 0.14833333333333334 0.15166666666666667 0.07333333333333333
0 0.3541666666666667 0.8266666666666667 0.095 0.08
0 0.7891666666666667 0.8558333333333333 0.095 0.06
4 0.08666666666666667 0.18833333333333332 0.15333333333333332 0.23
4 0.915 0.8516666666666667 0.16333333333333333 0.18666666666666668
1 0.07666666666666666 0.19083333333333333 0.10333333333333333 0.135
3 0.15833333333333333 0.8191666666666667 0.30333333333333334 0.22
3 0.8316666666666667 0.155 0.3233333333333333 0.24
1 0.4799532166666666 0.29231045666666666 0.5383333333333333 0.032572264999999996 0.5383333333333333 0.025595035 0.302612145 0.06152123833333333 0.25743345166666665 0.32166666666666666 0.259678765 0.32166666666666666 0.4799532166666666 0.29231045666666666
1 0.70292645 0.99 0.7033306816666667 0.99 0.7733333333333333 0.7403742016666667 0.7733333333333333 0.7360792966666667 0.5910154166666666 0.7033333333333334 0.5909351683333334 0.7033333333333334 0.41261002666666663 0.7294215183333334 0.35654519500000004 0.9884169599999999 0.5365571983333334 0.9620501483333334 0.70292645 0.99
0 0.098963295 0.49208602333333334 0.10381797833333334 0.7066666666666667 0.10805703166666668 0.7066666666666667 0.135942495 0.6980759416666668 0.124778945 0.5283402 0.8333333333333334 0.4427725566666667 0.8333333333333334 0.3887610516666667 0.8308724616666667 0.2597293583333333 0.8231638833333333 0.25753279333333334 0.8218020683333332 0.41957754833333333 0.098963295 0.49208602333333334