5 0.49416666666666664 0.0575 0.2 0.095
5 0.5 0.28 0.21333333333333335 0.07333333333333333
5 0.28 0.475 0.15333333333333332 0.06
5 0.4816666666666667 0.5183333333333333 0.15666666666666668 0.07
5 0.9208333333333333 0.5658333333333333 0.15833333333333333 0.07166666666666667
5 0.8141666666666667 0.6783333333333333 0.225 0.08
5 0.1825 0.6425 0.245 0.085
5 0.18916666666666668 0.8116666666666666 0.25833333333333336 0.08333333333333333
5 0.4558333333333333 0.9483333333333334 0.135 0.07
0 0.5083333333333333 0.17583333333333334 0.05333333333333334 0.12666666666666668
0 0.48583333333333334 0.39416666666666667 0.058333333333333334 0.12666666666666668
0 0.18 0.7208333333333333 0.04666666666666667 0.06833333333333333
4 0.49083333333333334 0.0625 0.28833333333333333 0.12333333333333334
4 0.45166666666666666 0.9491666666666667 0.21333333333333335 0.09833333333333333
3 0.81 0.685 0.29333333333333333 0.12333333333333334
3 0.18833333333333332 0.815 0.30333333333333334 0.11666666666666667
0 0.7225 0.5633333333333334 0.22666666666666666 0.10666666666666667
0 0.25333333333333335 0.5516666666666666 0.18 0.09333333333333334
0 0.25333333333333335 0.9125 0.17333333333333334 0.09166666666666666
0 0.5787141533333333 0.9816666666666667 0.8266666666666667 0.9603458833333334 0.8266666666666667 0.9400982316666667 0.8177120466666666 0.748919425 0.77630424 0.7470471583333333 0.78141424 0.9186360933333333 0.5619788033333333 0.9154338200000001 0.5668539333333333 0.9816666666666667 0.5787141533333333 0.9816666666666667
1 0.6466666666666666 0.24952271166666667 0.3889205416666667 0.23308422166666667 0.33469886666666665 0.337679595 0.44113872 0.3383333333333333 0.5959395366666667 0.3383333333333333 0.6466666666666666 0.25218602333333334 0.6466666666666666 0.24952271166666667
1 0.36 0.6048020583333333 0.06693377666666667 0.5870188416666666 0.006835678333333334 0.6933333333333334 0.11541135 0.6933333333333334 0.30149645833333333 0.69131557 0.36 0.60615558 0.36 0.6048020583333333
2 0.615 0.517745075 0.49388157 0.4573884383333333 0.34680961 0.50081783 0.5134126433333334 0.5933333333333334 0.5138821866666667 0.5933333333333334 0.615 0.5189463916666667 0.615 0.517745075