4 0.8258333333333333 0.04583333333333333 0.21916666666666668 0.07916666666666666
4 0.7741666666666667 0.9541666666666667 0.21666666666666667 0.075
0 0.8358333333333333 0.13833333333333334 0.050833333333333335 0.12
0 0.8325 0.2866666666666667 0.06666666666666667 0.09583333333333334
0 0.8116666666666666 0.44166666666666665 0.06666666666666667 0.10916666666666666
0 0.81 0.6791666666666667 0.04833333333333333 0.13833333333333334
0 0.7991666666666667 0.8633333333333333 0.04833333333333333 0.0975
0 0.4866666666666667 0.5508333333333333 0.35833333333333334 0.04666666666666667
0 0.4116666666666667 0.41083333333333333 0.5991666666666666 0.13166666666666665
5 0.8383333333333334 0.0475 0.13083333333333333 0.04083333333333333
5 0.8366666666666667 0.215 0.17083333333333334 0.0375
5 0.8166666666666667 0.36333333333333334 0.19 0.034166666666666665
5 0.8208333333333333 0.5508333333333333 0.155 0.043333333333333335
5 0.15333333333333332 0.54 0.14666666666666667 0.06916666666666667
5 0.8008333333333333 0.7816666666666666 0.20583333333333334 0.035833333333333335
5 0.88 0.6608333333333334 0.075 0.04666666666666667
5 0.49833333333333335 0.535 0.06666666666666667 0.056666666666666664
5 0.7591666666666667 0.955 0.10166666666666667 0.04833333333333333
3 0.16833333333333333 0.54 0.2991666666666667 0.07166666666666667
1 0.7406417116666666 0.18596280666666667 0.6978609633333334 0.23995201 0.9358288766666667 0.23545291000000002 0.9679144383333332 0.18596280666666667 0.7406417116666666 0.18596280666666667
1 0.7058823533333333 0.74835033 0.6310160433333333 0.8143371333333334 0.8957219250000001 0.8083383316666667 0.9893048133333334 0.7528494299999999 0.7058823533333333 0.74835033
2 0.8181818183333334 0.49490101999999997 0.6684491983333334 0.5518896216666667 0.8155080216666667 0.608878225 0.954545455 0.5473905216666666 0.8181818183333334 0.49490101999999997