5 0.25833333333333336 0.3333333333333333 0.2866666666666667 0.09
5 0.23416666666666666 0.6308333333333334 0.16333333333333333 0.07833333333333334
5 0.16583333333333333 0.7675 0.12166666666666667 0.09
5 0.20666666666666667 0.9266666666666666 0.26 0.11333333333333333
5 0.8358333333333333 0.705 0.10166666666666667 0.08666666666666667
5 0.7966666666666666 0.895 0.26 0.11333333333333333
5 0.19166666666666668 0.07083333333333333 0.17 0.08833333333333333
4 0.19583333333333333 0.07583333333333334 0.26 0.15166666666666667
0 0.21583333333333332 0.21833333333333332 0.06166666666666667 0.13333333333333333
0 0.23416666666666666 0.46166666666666667 0.06166666666666667 0.13666666666666666
0 0.26 0.7783333333333333 0.06 0.14333333333333334
0 0.595 0.715 0.39666666666666667 0.23
1 0.03191932666666667 0.4166666666666667 0.047232695 0.4166666666666667 0.388886325 0.39067111833333334 0.4683333333333333 0.26189049166666667 0.4683333333333333 0.25955539333333333 0.10219557500000001 0.2834599033333333 0.08027224166666666 0.32186388 0.08195863166666667 0.3074624116666667 0.03191932666666667 0.4166666666666667
1 0.07850986666666666 0.9933333333333333 0.30590104 0.9920933433333332 0.42833333333333334 0.8186330383333333 0.42833333333333334 0.8177571183333333 0.05968430333333333 0.8624797016666668 0.00078756 0.9885445066666667 0.011647955 0.9933333333333333 0.07850986666666666 0.9933333333333333
1 0.5860997516666667 0.9766666666666667 0.9297903133333333 0.932473755 0.995 0.7960320399999999 0.995 0.794646555 0.9937450966666668 0.7941699683333333 0.6447859533333333 0.8348635766666667 0.5700628166666667 0.9766666666666667 0.5860997516666667 0.9766666666666667
2 0.237952 0.7197343916666668 0.41 0.6293926666666667 0.41 0.62743675 0.22446074833333332 0.5053118383333333 0.21956567000000002 0.5083098983333333 0.08617454333333334 0.657327725 0.237952 0.7197343916666668