4 0.3441666666666667 0.03833333333333333 0.1025 0.0725
4 0.8716666666666667 0.9491666666666667 0.13083333333333333 0.0925
3 0.37 0.295 0.2833333333333333 0.1325
3 0.4166666666666667 0.6666666666666666 0.44 0.09666666666666666
3 0.10166666666666667 0.5766666666666667 0.1975 0.08416666666666667
0 0.3466666666666667 0.08833333333333333 0.0425 0.059166666666666666
0 0.3458333333333333 0.21916666666666668 0.06166666666666667 0.06583333333333333
0 0.37333333333333335 0.38666666666666666 0.07 0.0925
0 0.3983333333333333 0.585 0.07666666666666666 0.09666666666666666
0 0.6908333333333333 0.61 0.3883333333333333 0.2866666666666667
0 0.8525 0.87 0.07833333333333334 0.07083333333333333
0 0.13666666666666666 0.655 0.16583333333333333 0.09333333333333334
0 0.16583333333333333 0.49916666666666665 0.20666666666666667 0.08166666666666667
5 0.3541666666666667 0.15833333333333333 0.14333333333333334 0.04
5 0.36583333333333334 0.27416666666666667 0.21 0.043333333333333335
5 0.37166666666666665 0.3233333333333333 0.09166666666666666 0.034166666666666665
5 0.37833333333333335 0.49166666666666664 0.1 0.05333333333333334
5 0.7083333333333334 0.4475 0.10583333333333333 0.0575
5 0.08333333333333333 0.5758333333333333 0.075 0.041666666666666664
5 0.4175 0.6625 0.3725 0.035
5 0.8483333333333334 0.7983333333333333 0.18666666666666668 0.0475
2 0.38729727 0.42034419166666664 0.37895861999999997 0.4185674283333333 0.24776058833333334 0.4923949383333333 0.38085705 0.5468332416666667 0.5118069900000001 0.48759150500000004 0.38729727 0.42034419166666664
1 0.44955212999999994 0.19778741833333333 0.4774593683333333 0.10171975666666667 0.2655303566666667 0.11768613500000001 0.21985318666666667 0.19778741833333333 0.44955212999999994 0.19778741833333333
1 0.7393590833333333 0.7613843783333333 0.7385936166666667 0.7547018816666666 0.7093049966666666 0.8510475033333333 0.94329731 0.825429485 0.996965265 0.7357662983333334 0.7393590833333333 0.7613843783333333