0 0.35083333333333333 0.09333333333333334 0.035833333333333335 0.06583333333333333
0 0.36333333333333334 0.3575 0.0275 0.14166666666666666
0 0.7016666666666667 0.44083333333333335 0.43833333333333335 0.5358333333333334
0 0.6633333333333333 0.6266666666666667 0.31666666666666665 0.31583333333333335
0 0.7141666666666666 0.8625 0.355 0.13583333333333333
0 0.3883333333333333 0.6966666666666667 0.025833333333333333 0.15583333333333332
0 0.1525 0.835 0.19333333333333333 0.14416666666666667
0 0.07166666666666667 0.7816666666666666 0.04 0.014166666666666666
0 0.8775 0.8083333333333333 0.043333333333333335 0.04
0 0.8875 0.6966666666666667 0.043333333333333335 0.03166666666666667
0 0.8066666666666666 0.7366666666666667 0.021666666666666667 0.04416666666666667
2 0.3591666666666667 0.2 0.23083333333333333 0.14416666666666667
4 0.35 0.03916666666666667 0.14916666666666667 0.05416666666666667
2 0.3958333333333333 0.8875 0.2808333333333333 0.22166666666666668
4 0.08666666666666667 0.7383333333333333 0.14916666666666667 0.05583333333333333
5 0.39416666666666667 0.5175 0.18166666666666667 0.07833333333333334
2 0.37666666666666665 0.5216666666666666 0.26666666666666666 0.19
5 0.9033333333333333 0.7441666666666666 0.1075 0.051666666666666666
5 0.3958333333333333 0.8908333333333334 0.2175 0.08
5 0.16 0.8933333333333333 0.05583333333333333 0.05
5 0.42 0.6858333333333333 0.05333333333333334 0.058333333333333334
5 0.365 0.2025 0.13916666666666666 0.08
5 0.3575 0.04 0.08 0.05583333333333333
5 0.685 0.6233333333333333 0.041666666666666664 0.05
5 0.9525 0.3908333333333333 0.05 0.07166666666666667
5 0.6933333333333334 0.8558333333333333 0.06166666666666667 0.041666666666666664
5 0.09166666666666666 0.7383333333333333 0.1275 0.04416666666666667