1 0.5436463749999999 0.21379869499999998 0.58276925 0.14655131999999998 0.35672181 0.14655131999999998 0.30304062833333334 0.21379869499999998 0.5436463749999999 0.21379869499999998
1 0.29325991 0.8830700583333333 0.3362951633333333 0.81422164 0.030904055 0.81422164 0 0.8926768 0.29325991 0.8830700583333333
2 0.44975141166666666 0.6541089316666666 0.45292243000000004 0.6506602666666667 0.3069530066666667 0.6973392700000001 0.47322522666666667 0.77099112 0.6160236349999999 0.7021427633333334 0.44975141166666666 0.6541089316666666
4 0.4608333333333333 0.043333333333333335 0.22083333333333333 0.085
4 0.15166666666666667 0.9616666666666667 0.205 0.06666666666666667
3 0.8766666666666667 0.5175 0.24666666666666667 0.09416666666666666
3 0.43083333333333335 0.365 0.2733333333333333 0.12416666666666666
3 0.4683333333333333 0.5333333333333333 0.3541666666666667 0.0775
0 0.22083333333333333 0.7658333333333334 0.20666666666666667 0.12583333333333332
0 0.15583333333333332 0.9091666666666667 0.060833333333333336 0.05333333333333334
0 0.765 0.6408333333333334 0.31666666666666665 0.1575
0 0.44583333333333336 0.6141666666666666 0.09333333333333334 0.08666666666666667
0 0.6933333333333334 0.5316666666666666 0.1275 0.05
0 0.42916666666666664 0.465 0.08 0.07666666666666666
0 0.4483333333333333 0.26166666666666666 0.07333333333333333 0.08666666666666667
0 0.46166666666666667 0.1075 0.06166666666666667 0.07833333333333334
5 0.15583333333333332 0.9608333333333333 0.14916666666666667 0.04
5 0.225 0.6766666666666666 0.0625 0.035833333333333335
5 0.15916666666666668 0.8558333333333333 0.225 0.041666666666666664
5 0.6466666666666666 0.6758333333333333 0.06416666666666666 0.04666666666666667
5 0.4633333333333333 0.5325 0.285 0.03166666666666667
5 0.4608333333333333 0.7091666666666666 0.21666666666666667 0.05333333333333334
5 0.8758333333333334 0.5175 0.19583333333333333 0.03833333333333333
5 0.4325 0.33 0.11583333333333333 0.035833333333333335
5 0.43 0.3858333333333333 0.20833333333333334 0.034166666666666665
5 0.46416666666666667 0.18083333333333335 0.18916666666666668 0.04416666666666667
5 0.46416666666666667 0.04583333333333333 0.14416666666666667 0.05416666666666667