4 0.5233333333333333 0.9641666666666666 0.54 0.06666666666666667
4 0.4741666666666667 0.043333333333333335 0.575 0.07666666666666666
0 0.4666666666666667 0.8866666666666667 0.20666666666666667 0.08666666666666667
0 0.3883333333333333 0.65 0.23 0.08333333333333333
0 0.5258333333333334 0.4241666666666667 0.265 0.085
0 0.5516666666666666 0.13666666666666666 0.24333333333333335 0.10333333333333333
1 0.8957321466666667 0.17666666666666667 0.09 0.235982355 0.09 0.25351487666666667 0.10389896333333334 0.400620715 0.9277331600000001 0.3608856166666667 0.912290675 0.17666666666666667 0.8957321466666667 0.17666666666666667
1 0.760165825 0.67 0.145 0.7258666633333333 0.145 0.726643925 0.175901775 0.8527570583333334 0.7717566966666667 0.8088393166666666 0.7924635283333333 0.8108292683333334 0.7666819116666667 0.67 0.760165825 0.67
3 0.04833333333333333 0.6074156083333333 0.7565112266666667 0.6046337283333333 0.86013817 0.46381811166666664 0.12956822 0.4721833966666667 0.04833333333333333 0.604703295 0.04833333333333333 0.6074156083333333
5 0.5516666666666666 0.29583333333333334 0.41 0.13833333333333334
5 0.5183333333333333 0.5375 0.21666666666666667 0.12166666666666667
5 0.4766666666666667 0.77 0.35333333333333333 0.09