5 0.9425 0.5058333333333334 0.095 0.2
5 0.72 0.5 0.07333333333333333 0.21333333333333335
5 0.525 0.72 0.06 0.15333333333333332
5 0.4816666666666667 0.5183333333333333 0.07 0.15666666666666668
5 0.43416666666666665 0.07916666666666666 0.07166666666666667 0.15833333333333333
5 0.32166666666666666 0.18583333333333332 0.08 0.225
5 0.3575 0.8175 0.085 0.245
5 0.18833333333333332 0.8108333333333333 0.08333333333333333 0.25833333333333336
5 0.051666666666666666 0.5441666666666667 0.07 0.135
0 0.8241666666666667 0.49166666666666664 0.12666666666666668 0.05333333333333334
0 0.6058333333333333 0.5141666666666667 0.12666666666666668 0.058333333333333334
0 0.2791666666666667 0.82 0.06833333333333333 0.04666666666666667
4 0.9375 0.5091666666666667 0.12333333333333334 0.28833333333333333
4 0.050833333333333335 0.5483333333333333 0.09833333333333333 0.21333333333333335
3 0.315 0.19 0.12333333333333334 0.29333333333333333
3 0.185 0.8116666666666666 0.11666666666666667 0.30333333333333334
0 0.43666666666666665 0.2775 0.10666666666666667 0.22666666666666666
0 0.4483333333333333 0.7466666666666667 0.09333333333333334 0.18
0 0.0875 0.7466666666666667 0.09166666666666666 0.17333333333333334
0 0.03965411666666667 0.17333333333333334 0.018333333333333333 0.4212858466666667 0.018333333333333333 0.4331460666666666 0.08456618 0.4380211966666667 0.08136390666666667 0.21858576 0.25295284166666665 0.22369576 0.25108057500000003 0.18228795333333334 0.05990176833333333 0.17333333333333334 0.03965411666666667 0.17333333333333334
1 0.7478139766666666 0.35333333333333333 0.6616666666666666 0.4040604633333333 0.6616666666666666 0.55886128 0.662320405 0.6653011333333333 0.7669157783333334 0.6110794583333333 0.7504772883333334 0.35333333333333333 0.7478139766666666 0.35333333333333333
1 0.39384442000000003 0.64 0.30868443 0.6985035416666666 0.30666666666666664 0.88458865 0.30666666666666664 0.9931643216666667 0.4129811583333333 0.9330662233333333 0.39519794166666666 0.64 0.39384442000000003 0.64
2 0.4810536083333333 0.385 0.4066666666666667 0.4861178133333333 0.4066666666666667 0.48658735666666664 0.49918217 0.65319039 0.5426115616666667 0.50611843 0.482254925 0.385 0.4810536083333333 0.385