2 0.7502787833333333 0.41 0.6233333333333333 0.5926151066666667 0.6233333333333333 0.59265163 0.6638405366666666 0.6987060399999999 0.7118597433333332 0.7431441133333333 0.8349089633333333 0.5911945716666667 0.7512714766666666 0.41 0.7502787833333333 0.41
2 0.433721745 0.3466666666666667 0.30365646166666665 0.5651720183333333 0.41019907833333336 0.74722477 0.5377501 0.59097477 0.43455422666666665 0.3466666666666667 0.433721745 0.3466666666666667
2 0.134018295 0.2733333333333333 0.008333333333333333 0.4046971816666667 0.008333333333333333 0.407530845 0.08286514666666667 0.753555045 0.22542216999999998 0.5614678900000001 0.23442577166666667 0.56863532 0.13586333166666667 0.2733333333333333 0.134018295 0.2733333333333333
5 0.9516666666666667 0.585 0.06 0.105
5 0.725 0.5725 0.08666666666666667 0.21166666666666667
5 0.2991666666666667 0.10416666666666667 0.03833333333333333 0.095
5 0.5258333333333334 0.034166666666666665 0.06 0.055
5 0.37583333333333335 0.2683333333333333 0.045 0.06333333333333334
5 0.2733333333333333 0.5125 0.043333333333333335 0.03833333333333333
5 0.4275 0.5416666666666666 0.10666666666666667 0.2633333333333333
5 0.12083333333333333 0.48 0.12833333333333333 0.3466666666666667
5 0.17 0.21083333333333334 0.05333333333333334 0.058333333333333334
5 0.19083333333333333 0.8758333333333334 0.045 0.19166666666666668
0 0.5691666666666667 0.08833333333333333 0.4483333333333333 0.06
0 0.5858333333333333 0.5991666666666666 0.09 0.055
0 0.2633333333333333 0.5616666666666666 0.09666666666666666 0.043333333333333335
0 0.105 0.835 0.09666666666666666 0.18666666666666668
0 0.17333333333333334 0.16583333333333333 0.22 0.22666666666666666
0 0.3725 0.2608333333333333 0.18833333333333332 0.19166666666666668
0 0.8641666666666666 0.5816666666666667 0.07333333333333333 0.04
4 0.19083333333333333 0.8775 0.085 0.23666666666666666
4 0.9483333333333334 0.5866666666666667 0.09333333333333334 0.20666666666666667
4 0.30333333333333334 0.10083333333333333 0.08 0.145