4 0.11 0.9366666666666666 0.21333333333333335 0.12333333333333334
4 0.8366666666666667 0.05416666666666667 0.2 0.105
1 0.8433333333333334 0.3441666666666667 0.2833333333333333 0.18833333333333332
2 0.5033333333333333 0.5116666666666667 0.22 0.25666666666666665
1 0.1375 0.48333333333333334 0.26166666666666666 0.17333333333333334
3 0.14083333333333334 0.7266666666666667 0.26166666666666666 0.14666666666666667
1 0.17916666666666667 0.20916666666666667 0.26 0.21833333333333332
0 0.325 0.49666666666666665 0.17333333333333334 0.06666666666666667
0 0.11416666666666667 0.8366666666666667 0.06166666666666667 0.09666666666666666
0 0.12083333333333333 0.6183333333333333 0.06166666666666667 0.13666666666666666
0 0.16333333333333333 0.3541666666666667 0.07666666666666666 0.125
0 0.41833333333333333 0.20416666666666666 0.2833333333333333 0.1
0 0.7666666666666667 0.5058333333333334 0.3 0.14666666666666667
0 0.8308333333333333 0.18916666666666668 0.08166666666666667 0.16666666666666666
5 0.5083333333333333 0.5133333333333333 0.14666666666666667 0.08333333333333333
5 0.7241666666666666 0.6008333333333333 0.135 0.08833333333333333
5 0.8458333333333333 0.3475 0.19166666666666668 0.07833333333333334
5 0.3975 0.2683333333333333 0.16166666666666665 0.08
5 0.1775 0.21166666666666667 0.185 0.13666666666666666
5 0.1425 0.4866666666666667 0.18833333333333332 0.1
5 0.125 0.7291666666666666 0.2 0.08833333333333333
5 0.09833333333333333 0.9341666666666667 0.14666666666666667 0.08166666666666667
5 0.8366666666666667 0.06583333333333333 0.13 0.065