5 0.9658333333333333 0.8366666666666667 0.055 0.10666666666666667
5 0.7608333333333334 0.8516666666666667 0.055 0.14333333333333334
5 0.5333333333333333 0.86 0.05333333333333334 0.16
5 0.5375 0.4141666666666667 0.055 0.11166666666666666
5 0.5525 0.2025 0.055 0.10833333333333334
5 0.3283333333333333 0.8916666666666667 0.07 0.11666666666666667
5 0.3475 0.6025 0.06 0.10166666666666667
5 0.24666666666666667 0.12 0.06 0.16333333333333333
5 0.055 0.12916666666666668 0.06333333333333334 0.12833333333333333
0 0.8583333333333333 0.8391666666666666 0.13333333333333333 0.04
0 0.66 0.855 0.15333333333333332 0.05333333333333334
0 0.43916666666666665 0.87 0.11166666666666666 0.03333333333333333
0 0.535 0.635 0.043333333333333335 0.21333333333333335
0 0.1625 0.14166666666666666 0.12166666666666667 0.043333333333333335
4 0.9591666666666666 0.8375 0.08166666666666667 0.175
4 0.04833333333333333 0.12833333333333333 0.09666666666666666 0.24666666666666667
3 0.54 0.86 0.10333333333333333 0.21333333333333335
3 0.3383333333333333 0.8741666666666666 0.10333333333333333 0.22833333333333333
1 0.7946246583333333 0.7533333333333333 0.7266666666666667 0.7930148766666666 0.7266666666666667 0.945537855 0.7940633566666667 0.9076902950000001 0.7979016966666667 0.7533333333333333 0.7946246583333333 0.7533333333333333
1 0.285 0.192173155 0.2833475366666667 0.011666666666666667 0.2827812966666667 0.011666666666666667 0.21833333333333332 0.051249068333333335 0.21833333333333332 0.24939300500000003 0.285 0.21494110666666666 0.285 0.192173155
2 0.5242425833333333 0.3233333333333333 0.4683333333333333 0.4202514866666667 0.4683333333333333 0.42363990166666665 0.5331386566666667 0.5243699666666667 0.60659843 0.420284955 0.5259514366666667 0.3233333333333333 0.5242425833333333 0.3233333333333333
0 0.42233976333333334 0.4066666666666667 0.285 0.41048943499999996 0.285 0.453317845 0.29347354 0.7733799366666667 0.32709661 0.7838975583333333 0.30468125 0.43506218 0.46780287499999995 0.43132598333333333 0.4725276283333333 0.4066666666666667 0.42233976333333334 0.4066666666666667
0 0.5141623683333333 0.10166666666666667 0.29333333333333333 0.11657054666666668 0.29333333333333333 0.142828645 0.5040456400000001 0.11661326 0.5130189433333334 0.32166666666666666 0.516208525 0.32166666666666666 0.54087092 0.316448615 0.5265164716666666 0.10166666666666667 0.5141623683333333 0.10166666666666667