4 0.04583333333333333 0.8258333333333333 0.07833333333333334 0.21833333333333332
4 0.9541666666666667 0.7741666666666667 0.075 0.21666666666666667
0 0.13833333333333334 0.8358333333333333 0.12 0.051666666666666666
0 0.2866666666666667 0.8325 0.09666666666666666 0.06666666666666667
0 0.44166666666666665 0.8116666666666666 0.11 0.06666666666666667
0 0.6791666666666667 0.81 0.13833333333333334 0.04666666666666667
0 0.8633333333333333 0.7991666666666667 0.09666666666666666 0.04833333333333333
0 0.5508333333333333 0.4866666666666667 0.04666666666666667 0.36
0 0.41083333333333333 0.4116666666666667 0.13166666666666665 0.6
5 0.0475 0.8383333333333334 0.041666666666666664 0.13
5 0.215 0.8366666666666667 0.03666666666666667 0.17
5 0.36333333333333334 0.8166666666666667 0.03333333333333333 0.19
5 0.5508333333333333 0.8208333333333333 0.043333333333333335 0.155
5 0.54 0.15333333333333332 0.07 0.14666666666666667
5 0.7816666666666666 0.8008333333333333 0.03666666666666667 0.205
5 0.6608333333333334 0.88 0.04666666666666667 0.07333333333333333
5 0.535 0.49833333333333335 0.056666666666666664 0.06666666666666667
5 0.955 0.7591666666666667 0.05 0.10166666666666667
3 0.54 0.16833333333333333 0.07333333333333333 0.3
1 0.186824135 0.9666666666666667 0.235076985 0.935383245 0.23833333333333334 0.7631473716666667 0.23833333333333334 0.6984000816666667 0.18558688166666668 0.7401960783333333 0.18558688166666668 0.9666666666666667 0.186824135 0.9666666666666667
1 0.7527035316666667 0.9883333333333333 0.8080153966666667 0.89504902 0.8133333333333334 0.6603873 0.8133333333333334 0.6311156233333334 0.748027395 0.7052094483333333 0.7525217550000001 0.9883333333333333 0.7527035316666667 0.9883333333333333
2 0.548074635 0.9533333333333334 0.6083333333333333 0.817074955 0.6083333333333333 0.8133572566666667 0.5521125766666667 0.6682798583333334 0.495123975 0.8180124783333333 0.5472120866666667 0.9533333333333334 0.548074635 0.9533333333333334