4 0.08583333333333333 0.5283333333333333 0.15833333333333333 0.18666666666666668
0 0.20666666666666667 0.5358333333333334 0.1 0.09833333333333333
0 0.4791666666666667 0.5183333333333333 0.12166666666666667 0.11666666666666667
0 0.7991666666666667 0.39166666666666666 0.19166666666666668 0.21166666666666667
0 0.7266666666666667 0.7633333333333333 0.22333333333333333 0.27
5 0.07 0.52 0.1 0.10666666666666667
5 0.3458333333333333 0.545 0.14833333333333334 0.16
5 0.6183333333333333 0.5291666666666667 0.11 0.135
5 0.6875 0.8266666666666667 0.03333333333333333 0.08
5 0.8266666666666667 0.415 0.03333333333333333 0.07
5 0.9058333333333334 0.8591666666666666 0.125 0.165
5 0.8975 0.11666666666666667 0.13666666666666666 0.19333333333333333
1 0.4666666666666667 0.37122545500000004 0.27758755500000004 0.43376603999999996 0.2237984166666667 0.685 0.23648415 0.685 0.39456313833333334 0.6684924066666666 0.4666666666666667 0.3762085633333333 0.4666666666666667 0.37122545500000004
1 0.9473155666666666 0.9722132950000001 0.9966666666666667 0.7283217733333334 0.9966666666666667 0.7198883183333333 0.9947275566666667 0.7102287616666666 0.9947275566666667 0.7042745066666667 0.84046549 0.7496326616666668 0.79974664 0.9866666666666667 0.812762245 0.9866666666666667 0.9473155666666666 0.9722132950000001
2 0.72 0.48226720166666665 0.72 0.47988862000000004 0.6165550566666667 0.36157731833333334 0.615993335 0.35690679833333333 0.5217312199999999 0.5163863366666667 0.6387450383333334 0.675 0.63893597 0.675 0.72 0.48226720166666665