5 0.8941666666666667 0.075 0.03 0.07333333333333333
5 0.5208333333333334 0.08583333333333333 0.028333333333333332 0.06166666666666667
5 0.475 0.28833333333333333 0.2 0.08
5 0.455 0.43083333333333335 0.05333333333333334 0.085
5 0.4841666666666667 0.6208333333333333 0.17166666666666666 0.06666666666666667
5 0.33416666666666667 0.5816666666666667 0.035 0.03666666666666667
5 0.21333333333333335 0.6341666666666667 0.13333333333333333 0.07833333333333334
5 0.8725 0.5825 0.16333333333333333 0.155
5 0.8841666666666667 0.885 0.195 0.07666666666666666
5 0.6233333333333333 0.8883333333333333 0.18 0.07333333333333333
5 0.35083333333333333 0.9183333333333333 0.16166666666666665 0.08
5 0.8533333333333334 0.2916666666666667 0.19333333333333333 0.07333333333333333
5 0.11 0.9041666666666667 0.14 0.135
0 0.8841666666666667 0.17833333333333334 0.025 0.09
0 0.8775 0.44416666666666665 0.021666666666666667 0.12
0 0.5225 0.18666666666666668 0.023333333333333334 0.08666666666666667
0 0.495 0.43416666666666665 0.02666666666666667 0.16833333333333333
0 0.6733333333333333 0.6033333333333334 0.18 0.08666666666666667
0 0.3333333333333333 0.6141666666666666 0.07666666666666666 0.028333333333333332
0 0.7525 0.88 0.058333333333333334 0.056666666666666664
0 0.48 0.91 0.07666666666666666 0.056666666666666664
0 0.22833333333333333 0.9041666666666667 0.056666666666666664 0.035
3 0.475 0.2991666666666667 0.25 0.135
1 0.7383333333333333 0.5145774083333333 0.7824077533333333 0.6966666666666667 0.78967243 0.6966666666666667 0.9981081533333335 0.6748044533333334 0.95851528 0.48851512500000005 0.7383333333333333 0.5100027 0.7383333333333333 0.5145774083333333
4 0.8908333333333334 0.0675 0.07166666666666667 0.13333333333333333
4 0.525 0.08 0.06666666666666667 0.13
3 0.8458333333333333 0.3 0.23833333333333334 0.18666666666666668
3 0.8841666666666667 0.8833333333333333 0.225 0.14333333333333334
3 0.345 0.9025 0.19666666666666666 0.12833333333333333
3 0.2025 0.62 0.19166666666666668 0.18
2 0.485713775 0.7816666666666666 0.5899881499999999 0.5972565483333333 0.5011320333333333 0.487285475 0.3700062416666667 0.6100003033333333 0.48435523999999996 0.7816666666666666 0.485713775 0.7816666666666666
1 0.49166666666666664 0.8299509866666667 0.5267636733333333 0.9733333333333334 0.5437875766666667 0.9733333333333334 0.745 0.9658922950000001 0.745 0.9650238116666666 0.7024527866666667 0.80372425 0.49166666666666664 0.8285991416666667 0.49166666666666664 0.8299509866666667
0 0.12666666666666668 0.8014373316666666 0.14732098833333335 0.8283333333333334 0.14780446666666666 0.8283333333333334 0.22226687500000003 0.7008724866666666 0.19711652166666668 0.702746785 0.12666666666666668 0.79775187 0.12666666666666668 0.8014373316666666
1 0.005 0.7996992766666667 0.04036116 0.9933333333333333 0.050208825000000006 0.9933333333333333 0.22745311333333335 0.9764916433333334 0.18581379333333334 0.79697609 0.005 0.7956542449999999 0.005 0.7996992766666667