5 0.10583333333333333 0.075 0.03 0.0725
5 0.4791666666666667 0.08583333333333333 0.0275 0.06166666666666667
5 0.525 0.28833333333333333 0.19916666666666666 0.07916666666666666
5 0.545 0.43083333333333335 0.05416666666666667 0.085
5 0.5158333333333334 0.6208333333333333 0.1725 0.06666666666666667
5 0.6658333333333334 0.5816666666666667 0.034166666666666665 0.0375
5 0.7866666666666666 0.6341666666666667 0.13333333333333333 0.0775
5 0.1275 0.5825 0.16333333333333333 0.15583333333333332
5 0.11583333333333333 0.885 0.19583333333333333 0.0775
5 0.37666666666666665 0.8883333333333333 0.18083333333333335 0.07333333333333333
5 0.6491666666666667 0.9183333333333333 0.16083333333333333 0.08083333333333333
5 0.14666666666666667 0.2916666666666667 0.19166666666666668 0.07416666666666667
5 0.89 0.9041666666666667 0.14 0.13583333333333333
0 0.11583333333333333 0.17833333333333334 0.025 0.08916666666666667
0 0.1225 0.44416666666666665 0.0225 0.12
0 0.4775 0.18666666666666668 0.023333333333333334 0.08583333333333333
0 0.505 0.43416666666666665 0.025833333333333333 0.16916666666666666
0 0.32666666666666666 0.6033333333333334 0.17833333333333334 0.085
0 0.6666666666666666 0.6141666666666666 0.07666666666666666 0.028333333333333332
0 0.2475 0.88 0.058333333333333334 0.05583333333333333
0 0.52 0.91 0.07666666666666666 0.05583333333333333
0 0.7716666666666666 0.9041666666666667 0.055 0.035833333333333335
3 0.525 0.2991666666666667 0.24833333333333332 0.13416666666666666
1 0.2624216833333333 0.5102937116666666 0.04115798833333333 0.4887005666666667 0.0015651150000000002 0.6749898950000001 0.21708564666666666 0.697595215 0.2624216833333333 0.5102937116666666
4 0.10916666666666666 0.0675 0.07083333333333333 0.13333333333333333
4 0.475 0.08 0.0675 0.13083333333333333
3 0.15416666666666667 0.3 0.2375 0.1875
3 0.11583333333333333 0.8833333333333333 0.22583333333333333 0.14416666666666667
3 0.655 0.9025 0.19666666666666666 0.12916666666666668
3 0.7975 0.62 0.1925 0.18166666666666667
2 0.498866565 0.48768833 0.41001044833333333 0.597659405 0.51490857 0.783172625 0.6299923566666666 0.61040316 0.498866565 0.48768833
1 0.5086312616666667 0.8283833883333334 0.29752352833333334 0.8034705416666668 0.25474944166666663 0.9656301983333333 0.47305992 0.97370354 0.5086312616666667 0.8283833883333334
0 0.8022692766666666 0.7024392700000001 0.7771189233333333 0.7005649733333333 0.8517902216666667 0.8283833883333334 0.87410948 0.7993193083333333 0.8022692766666666 0.7024392700000001
1 0.9961680416666667 0.7960900216666666 0.8146145633333333 0.7974172733333333 0.7729752433333333 0.9769328266666668 0.9598992333333333 0.9946942783333332 0.9961680416666667 0.7960900216666666