5 0.7708333333333334 0.07 0.1725 0.0675
5 0.765 0.2825 0.2683333333333333 0.045
5 0.7233333333333334 0.4483333333333333 0.2783333333333333 0.03666666666666667
5 0.16333333333333333 0.63 0.19333333333333333 0.08
5 0.4583333333333333 0.5925 0.08083333333333333 0.024166666666666666
5 0.7433333333333333 0.6266666666666667 0.1875 0.03833333333333333
5 0.855 0.7158333333333333 0.14 0.059166666666666666
5 0.7383333333333333 0.7983333333333333 0.23333333333333334 0.051666666666666666
5 0.6691666666666667 0.9283333333333333 0.17 0.056666666666666664
0 0.7883333333333333 0.18 0.051666666666666666 0.10666666666666667
0 0.7341666666666666 0.36833333333333335 0.05 0.07583333333333334
0 0.44583333333333336 0.63 0.23083333333333333 0.03916666666666667
0 0.7525 0.7133333333333334 0.07333333333333333 0.10916666666666666
0 0.7383333333333333 0.8616666666666667 0.04583333333333333 0.051666666666666666
0 0.7333333333333333 0.5391666666666667 0.0725 0.09833333333333333
3 0.7216666666666667 0.45 0.37 0.1
4 0.7858333333333334 0.06583333333333333 0.2975 0.12666666666666668
4 0.7075 0.9366666666666666 0.37916666666666665 0.11333333333333333
1 0.8870476899999999 0.33088506333333334 0.966447105 0.21635673000000002 0.6412433333333333 0.23167641833333336 0.5158329866666667 0.34368616500000004 0.8870476899999999 0.33088506333333334
0 0.5509479216666667 0.49729950833333336 0.5434232250000001 0.4556959116666667 0.14712645166666666 0.47169730499999996 0.13546560500000002 0.5642871433333334 0.21735632333333332 0.569305775 0.19729059 0.5004997983333332 0.5509479216666667 0.49729950833333336
1 0.35029136666666666 0.5757064783333333 0.01168343 0.5597049633333333 0.04178183666666667 0.6861159883333333 0.34276667 0.69891709 0.35029136666666666 0.5757064783333333
2 0.7164895416666667 0.5757064783333333 0.5713389200000001 0.6302739466666667 0.756620815 0.6813155216666666 0.9271787716666667 0.6109094316666667 0.7164895416666667 0.5757064783333333