4 0.7158333333333333 0.875 0.16 0.24333333333333335
4 0.0825 0.13583333333333333 0.165 0.245
0 0.6958333333333333 0.6933333333333334 0.075 0.15333333333333332
0 0.6783333333333333 0.325 0.08666666666666667 0.18
0 0.5025 0.17 0.16833333333333333 0.04666666666666667
0 0.22916666666666666 0.14833333333333334 0.15666666666666668 0.03
0 0.8408333333333333 0.3325 0.215 0.3516666666666667
5 0.7033333333333334 0.8858333333333334 0.09666666666666666 0.145
5 0.97 0.3016666666666667 0.06 0.12333333333333334
5 0.7016666666666667 0.5233333333333333 0.06333333333333334 0.16333333333333333
5 0.6533333333333333 0.1775 0.06333333333333334 0.08833333333333333
5 0.51 0.09916666666666667 0.06 0.12166666666666667
5 0.3566666666666667 0.14666666666666667 0.07 0.15
5 0.08083333333333333 0.13166666666666665 0.065 0.16666666666666666
2 0.6576741566666666 0.095 0.56 0.16699406666666666 0.56 0.16872817833333334 0.66932481 0.2525675566666667 0.7595096149999999 0.18175115333333333 0.7525834633333333 0.17939727 0.6584807766666666 0.095 0.6576741566666666 0.095
1 0.7789202166666667 0.37166666666666665 0.6183333333333333 0.42916624333333336 0.6183333333333333 0.4358968 0.6401313933333334 0.6655864016666666 0.7891484883333334 0.6051098916666667 0.7874350616666667 0.6001182333333334 0.7826595316666666 0.37166666666666665 0.7789202166666667 0.37166666666666665
1 0.408420385 0.0016666666666666668 0.2866666666666667 0.07012382833333333 0.2866666666666667 0.08050178 0.31413709500000003 0.27627311666666665 0.43564273 0.22439841333333332 0.43742406166666664 0.23391131166666668 0.4086165666666667 0.0016666666666666668 0.408420385 0.0016666666666666668