4 0.17333333333333334 0.058333333333333334 0.06333333333333334 0.08
4 0.49166666666666664 0.055 0.05 0.08333333333333333
4 0.17666666666666667 0.15583333333333332 0.03333333333333333 0.10166666666666667
3 0.1975 0.25833333333333336 0.21833333333333332 0.16
5 0.20166666666666666 0.2625 0.17666666666666667 0.06166666666666667
3 0.5066666666666667 0.22666666666666666 0.16666666666666666 0.12333333333333334
0 0.1825 0.39416666666666667 0.03166666666666667 0.13833333333333334
0 0.505 0.3525 0.04 0.13166666666666665
0 0.635 0.495 0.07 0.04666666666666667
0 0.37833333333333335 0.5333333333333333 0.13 0.06333333333333334
0 0.7608333333333334 0.84 0.035 0.06
0 0.5358333333333334 0.85 0.06166666666666667 0.06666666666666667
0 0.2375 0.8733333333333333 0.12166666666666667 0.05333333333333334
5 0.205 0.56 0.15 0.15
5 0.5241666666666667 0.5208333333333334 0.11333333333333333 0.06166666666666667
5 0.7275 0.48833333333333334 0.085 0.05
5 0.5375 0.365 0.03666666666666667 0.06333333333333334
5 0.5075 0.23 0.13833333333333334 0.07333333333333333
3 0.7275 0.49166666666666664 0.12833333333333333 0.12333333333333334
0 0.835 0.6408333333333334 0.18333333333333332 0.19
0 0.12083333333333333 0.7325 0.12166666666666667 0.145
3 0.0925 0.8725 0.175 0.16833333333333333
5 0.09333333333333334 0.8725 0.13666666666666666 0.08166666666666667
5 0.41 0.835 0.18 0.09666666666666666
5 0.6575 0.8233333333333334 0.14833333333333334 0.09333333333333334
5 0.8741666666666666 0.8491666666666666 0.13333333333333333 0.16833333333333333
3 0.6583333333333333 0.8258333333333333 0.18666666666666668 0.225
2 0.5175592083333334 0.635 0.605 0.4866244183333333 0.605 0.48408160333333333 0.5041422683333333 0.42083333333333334 0.44401679 0.5224726783333333 0.5168328983333333 0.635 0.5175592083333334 0.635
1 0.48258045666666666 0.9189480883333332 0.5283333333333333 0.74520327 0.5283333333333333 0.7403939066666666 0.32311722833333334 0.7615710383333334 0.28655451 0.945 0.28784661666666667 0.945 0.48258045666666666 0.9189480883333332
1 0.7636198466666666 0.955 0.9404139083333333 0.9459289633333333 0.9966666666666667 0.74241173 0.9966666666666667 0.7416666666666667 0.9716094883333333 0.7416666666666667 0.8062208083333333 0.7459289633333334 0.7489191583333333 0.955 0.7636198466666666 0.955
1 0.07459322333333333 0.68 0.08351681833333333 0.68 0.27897757666666667 0.642445355 0.33300336999999997 0.43916666666666665 0.12038573333333334 0.4703142066666666 0.07459322333333333 0.68