4 0.15416666666666667 0.055 0.20833333333333334 0.10666666666666667
4 0.2425 0.9025 0.21833333333333332 0.09166666666666666
0 0.14833333333333334 0.17166666666666666 0.056666666666666664 0.12333333333333334
0 0.21083333333333334 0.5008333333333334 0.06 0.095
0 0.47583333333333333 0.62 0.23166666666666666 0.05333333333333334
0 0.22666666666666666 0.7983333333333333 0.07333333333333333 0.11666666666666667
0 0.4925 0.8916666666666667 0.27166666666666667 0.04
0 0.7883333333333333 0.7566666666666667 0.056666666666666664 0.13333333333333333
3 0.23333333333333334 0.3375 0.42333333333333334 0.18333333333333332
5 0.14916666666666667 0.059166666666666666 0.135 0.041666666666666664
5 0.24916666666666668 0.335 0.345 0.13
5 0.2225 0.6316666666666667 0.145 0.08333333333333333
5 0.7683333333333333 0.6158333333333333 0.31 0.12166666666666667
5 0.8083333333333333 0.9025 0.3466666666666667 0.085
5 0.23333333333333334 0.9125 0.17666666666666667 0.06833333333333333
3 0.6053960133333334 0.7033333333333334 0.6107373549999999 0.7033333333333334 0.9582831650000001 0.66342537 0.9599554050000001 0.513365345 0.5937346716666667 0.54337735 0.6053960133333334 0.7033333333333334
3 0.985 0.9575057583333334 0.985 0.9445607183333334 0.9834587516666666 0.79242497 0.6239269799999999 0.8419447783333334 0.62559922 0.9980072033333333 0.985 0.9575057583333334
2 0.20441586 0.7433333333333333 0.37166666666666665 0.6378287333333333 0.37166666666666665 0.6363546533333333 0.20727982166666667 0.53205182 0.08018952 0.6355932366666667 0.20358816500000002 0.7433333333333333 0.20441586 0.7433333333333333
5 0.46 0.58 0.08333333333333333 0.06
5 0.2658333333333333 0.81 0.07 0.06333333333333334