1 0.11068478333333334 0.42282554166666664 0.058089891666666664 0.6252269683333334 0.2422239783333333 0.6352853333333334 0.31197172833333336 0.40997799166666665 0.11068478333333334 0.42282554166666664
1 0.43565776666666667 0.95111805 0.47564643333333334 0.7781141816666667 0.313510165 0.80175869 0.2738429733333333 0.9611764166666668 0.43565776666666667 0.95111805
1 0.8150854816666666 0.8062775616666668 0.8210672966666667 0.8099547533333333 0.7816066466666666 0.9833047916666667 0.9555110083333334 0.9792815066666666 0.9908498966666667 0.80828928 0.8150854816666666 0.8062775616666668
2 0.5118009316666666 0.4127702383333333 0.39566902833333334 0.560853485 0.5081953833333334 0.6493670633333333 0.626301545 0.5487834 0.5118009316666666 0.4127702383333333
4 0.5291666666666667 0.06583333333333333 0.07416666666666667 0.11666666666666667
4 0.17833333333333334 0.10916666666666666 0.07666666666666666 0.12666666666666668
3 0.19583333333333333 0.29083333333333333 0.18583333333333332 0.16916666666666666
3 0.5233333333333333 0.26666666666666666 0.1925 0.18583333333333332
3 0.8016666666666666 0.5508333333333333 0.19583333333333333 0.22583333333333333
3 0.6325 0.8833333333333333 0.1625 0.19666666666666666
3 0.1175 0.8858333333333334 0.21416666666666667 0.2275
0 0.1775 0.19916666666666666 0.024166666666666666 0.08
0 0.185 0.3958333333333333 0.03166666666666667 0.0925
0 0.12083333333333333 0.715 0.09666666666666666 0.19166666666666668
0 0.2675 0.8716666666666667 0.09666666666666666 0.07416666666666667
0 0.3416666666666667 0.5608333333333333 0.13166666666666665 0.065
0 0.49916666666666665 0.8825 0.105 0.10083333333333333
0 0.6616666666666666 0.5566666666666666 0.08083333333333333 0.07666666666666666
0 0.5075 0.37583333333333335 0.04583333333333333 0.12833333333333333
0 0.5266666666666666 0.14166666666666666 0.03166666666666667 0.07083333333333333
0 0.7533333333333333 0.8891666666666667 0.10333333333333333 0.10333333333333333
0 0.8525 0.7258333333333333 0.1025 0.18416666666666667
5 0.17333333333333334 0.11333333333333333 0.020833333333333332 0.06583333333333333
5 0.525 0.059166666666666666 0.029166666666666667 0.0775
5 0.19583333333333333 0.2925 0.16666666666666666 0.08166666666666667
5 0.5216666666666666 0.24916666666666668 0.17333333333333334 0.085
5 0.5108333333333334 0.5566666666666666 0.12583333333333332 0.08083333333333333
5 0.5525 0.4166666666666667 0.034166666666666665 0.0875
5 0.6508333333333334 0.4866666666666667 0.050833333333333335 0.051666666666666666
5 0.7816666666666666 0.5375 0.12333333333333334 0.1075
5 0.8891666666666667 0.8908333333333334 0.12583333333333332 0.1725
5 0.635 0.8666666666666667 0.1425 0.11333333333333333
5 0.39 0.86 0.1525 0.10583333333333333
5 0.1075 0.8791666666666667 0.16833333333333333 0.13916666666666666
5 0.17833333333333334 0.5325 0.12833333333333333 0.17333333333333334