4 0.5841666666666666 0.9691666666666666 0.73 0.055
4 0.5441666666666667 0.043333333333333335 0.855 0.08
0 0.595 0.895 0.19666666666666666 0.08
0 0.5841666666666666 0.6858333333333333 0.205 0.105
0 0.5108333333333334 0.4225 0.24833333333333332 0.125
0 0.5216666666666666 0.14583333333333334 0.21 0.11166666666666666
5 0.5075 0.795 0.3283333333333333 0.06
5 0.46 0.5675 0.36666666666666664 0.07833333333333334
5 0.40166666666666667 0.26666666666666666 0.41 0.09
3 0.4675 0.5591666666666667 0.6133333333333333 0.135
3 0.24118979833333332 0.7316666666666667 0.23400851500000003 0.8250058133333333 0.7595559616666667 0.8536071383333332 0.795 0.7635023833333333 0.795 0.7607690033333334 0.2690240116666667 0.7316666666666667 0.24118979833333332 0.7316666666666667
3 0.10964409666666666 0.17833333333333334 0.06603406333333334 0.308925125 0.7156691 0.3570590633333333 0.7883333333333333 0.22858504999999998 0.7883333333333333 0.22797999833333335 0.11734084499999999 0.17833333333333334 0.10964409666666666 0.17833333333333334