4 0.5091666666666667 0.045 0.5791666666666667 0.06333333333333334
4 0.5066666666666667 0.9633333333333334 0.5425 0.06583333333333333
0 0.5116666666666667 0.15416666666666667 0.10416666666666667 0.15
0 0.5166666666666667 0.36833333333333335 0.09416666666666666 0.13666666666666666
0 0.5325 0.6058333333333333 0.10416666666666667 0.13833333333333334
0 0.48833333333333334 0.8416666666666667 0.08833333333333333 0.135
5 0.5375 0.03916666666666667 0.33416666666666667 0.03916666666666667
5 0.5325 0.2675 0.33416666666666667 0.0525
5 0.5166666666666667 0.4791666666666667 0.31333333333333335 0.043333333333333335
5 0.655 0.5983333333333334 0.20333333333333334 0.05583333333333333
5 0.5033333333333333 0.7258333333333333 0.46416666666666667 0.06166666666666667
5 0.535 0.9566666666666667 0.2975 0.04666666666666667
1 0.36012526166666664 0.22959183666666666 0.21920668000000001 0.29711884833333335 0.7254697283333333 0.29711884833333335 0.8663883083333334 0.223589435 0.36012526166666664 0.22959183666666666
2 0.5323590816666667 0.42767106833333335 0.2453027133333333 0.468187275 0.527139875 0.531212485 0.8037578283333334 0.4801920766666667 0.5323590816666667 0.42767106833333335
1 0.22964509333333336 0.6767707083333334 0.036534446666666665 0.7713085233333333 0.7672233816666666 0.7698079233333334 0.9864300633333333 0.6722689083333333 0.22964509333333336 0.6767707083333334