4 0.9491666666666667 0.4508333333333333 0.10166666666666667 0.5683333333333334
4 0.065 0.5216666666666666 0.13 0.93
3 0.4266666666666667 0.4325 0.11 0.5683333333333334
3 0.6166666666666667 0.47583333333333333 0.12666666666666668 0.6266666666666667
5 0.9441666666666667 0.45 0.055 0.30666666666666664
5 0.78 0.4191666666666667 0.05333333333333334 0.36833333333333335
5 0.6158333333333333 0.43583333333333335 0.06 0.49
5 0.42 0.42333333333333334 0.06 0.4533333333333333
5 0.065 0.5908333333333333 0.06333333333333334 0.34833333333333333
5 0.24916666666666668 0.4008333333333333 0.045 0.6216666666666667
0 0.8633333333333333 0.43666666666666665 0.08666666666666667 0.16666666666666666
0 0.7083333333333334 0.45666666666666667 0.09333333333333334 0.13666666666666666
0 0.5166666666666667 0.46166666666666667 0.09333333333333334 0.13666666666666666
0 0.3491666666666667 0.4375 0.07666666666666666 0.12833333333333333
0 0.155 0.5633333333333334 0.09333333333333334 0.09333333333333334
1 0.8432726583333333 0.13833333333333334 0.7536910583333333 0.24379889333333332 0.745 0.7690467983333333 0.745 0.8226427733333334 0.8413959733333333 0.6748114316666667 0.8352996233333333 0.6705866183333333 0.8432999683333333 0.13833333333333334 0.8432726583333333 0.13833333333333334
1 0.32129084333333335 0.01 0.20472128166666667 0.21577262 0.18666666666666668 0.9507128650000001 0.18666666666666668 0.99578389 0.32308813166666667 0.801580075 0.321534315 0.01 0.32129084333333335 0.01