5 0.8458333333333333 0.9425 0.14 0.04833333333333333
5 0.8033333333333333 0.7875 0.16 0.03833333333333333
5 0.8041666666666667 0.6633333333333333 0.13666666666666666 0.04666666666666667
5 0.7725 0.5391666666666667 0.17666666666666667 0.02666666666666667
5 0.7758333333333334 0.395 0.145 0.04
5 0.8391666666666666 0.31416666666666665 0.09166666666666666 0.021666666666666667
5 0.4775 0.4216666666666667 0.06666666666666667 0.04
5 0.15333333333333332 0.40166666666666667 0.20333333333333334 0.05
5 0.8016666666666666 0.21666666666666667 0.14333333333333334 0.03333333333333333
5 0.7708333333333334 0.04833333333333333 0.16166666666666665 0.043333333333333335
4 0.8483333333333334 0.9508333333333333 0.29 0.09833333333333333
4 0.7816666666666666 0.05 0.25 0.08666666666666667
0 0.835 0.8583333333333333 0.05 0.09
0 0.8108333333333333 0.7291666666666666 0.051666666666666666 0.065
0 0.7966666666666666 0.5941666666666666 0.043333333333333335 0.06166666666666667
0 0.7725 0.4766666666666667 0.06666666666666667 0.07
0 0.7816666666666666 0.28833333333333333 0.06666666666666667 0.11333333333333333
0 0.7816666666666666 0.14083333333333334 0.06666666666666667 0.10666666666666667
0 0.3775 0.5083333333333333 0.5716666666666667 0.11666666666666667
0 0.47 0.39416666666666667 0.37333333333333335 0.051666666666666666
2 0.9016666666666666 0.40667776333333333 0.8081604416666667 0.35333333333333333 0.80119686 0.35333333333333333 0.6446289550000001 0.3985174066666667 0.7723661816666667 0.4390336133333333 0.9016666666666666 0.407877175 0.9016666666666666 0.40667776333333333
1 0.9533333333333334 0.228788515 0.8814740466666666 0.19333333333333333 0.811022575 0.19333333333333333 0.6446472016666667 0.19653161333333335 0.6963503666666667 0.23704782 0.9533333333333334 0.22958930666666666 0.9533333333333334 0.228788515
1 0.9533333333333334 0.8099907466666666 0.88535319 0.7666666666666667 0.7833089816666666 0.7666666666666667 0.6781630183333334 0.768989595 0.71770073 0.8125070033333334 0.9533333333333334 0.811016485 0.9533333333333334 0.8099907466666666
3 0.8 0.6591666666666667 0.20666666666666667 0.06833333333333333
3 0.785 0.5416666666666666 0.23 0.043333333333333335
3 0.15166666666666667 0.4075 0.25666666666666665 0.075