4 0.15 0.07 0.22083333333333333 0.12583333333333332
4 0.86 0.9441666666666667 0.21333333333333335 0.11166666666666666
0 0.14 0.16416666666666666 0.0475 0.1225
0 0.14166666666666666 0.4066666666666667 0.050833333333333335 0.085
0 0.16416666666666666 0.6341666666666667 0.07666666666666666 0.13333333333333333
0 0.3575 0.5025 0.15083333333333335 0.06833333333333333
0 0.4475 0.775 0.28833333333333333 0.085
0 0.7625 0.5558333333333333 0.25416666666666665 0.25833333333333336
0 0.8483333333333334 0.8366666666666667 0.07 0.10083333333333333
5 0.14583333333333334 0.3 0.19916666666666666 0.09416666666666666
5 0.17 0.5075 0.2125 0.07833333333333334
5 0.18166666666666667 0.7708333333333334 0.16916666666666666 0.10083333333333333
5 0.43833333333333335 0.7116666666666667 0.14416666666666667 0.09083333333333334
5 0.5183333333333333 0.4975 0.13083333333333333 0.06333333333333334
5 0.7641666666666667 0.38916666666666666 0.12833333333333333 0.09916666666666667
5 0.8491666666666666 0.7475 0.19666666666666666 0.06666666666666667
2 0.50320508 0.40567545499999996 0.42510596666666667 0.5011003533333334 0.5564701249999999 0.5610885483333333 0.649386105 0.4531097966666667 0.50320508 0.40567545499999996
1 0.053685848333333334 0.22881694166666666 0 0.367126655 0.23606976 0.367126655 0.29854781166666666 0.21915583333333336 0.053685848333333334 0.22881694166666666
1 1 0.6650680566666667 0.76522431 0.67845723 0.697446145 0.8250366083333334 0.7599241966666667 0.7870440233333333 0.9281343366666666 0.775046385 1 0.6650680566666667
3 0.165 0.5066666666666667 0.2708333333333333 0.14083333333333334
3 0.195 0.7675 0.26416666666666666 0.1475