4 0.9208333333333333 0.8141666666666667 0.15166666666666667 0.23666666666666666
4 0.075 0.2125 0.14 0.3383333333333333
0 0.775 0.8041666666666667 0.13666666666666666 0.115
0 0.49166666666666664 0.8041666666666667 0.12333333333333334 0.085
0 0.5225 0.5033333333333333 0.3983333333333333 0.23
3 0.4141666666666667 0.2225 0.31333333333333335 0.3516666666666667
3 0.7183333333333334 0.22 0.23666666666666666 0.3566666666666667
0 0.5775 0.185 0.03666666666666667 0.13666666666666666
0 0.19833333333333333 0.20166666666666666 0.10333333333333333 0.08333333333333333
3 0.2966666666666667 0.8016666666666666 0.2733333333333333 0.3466666666666667
5 0.9391666666666667 0.7958333333333333 0.08666666666666667 0.12166666666666667
5 0.6333333333333333 0.815 0.11333333333333333 0.12333333333333334
5 0.335 0.8275 0.15 0.13333333333333333
5 0.21416666666666667 0.8166666666666667 0.07166666666666667 0.14666666666666667
5 0.2941666666666667 0.8241666666666667 0.24166666666666667 0.175
5 0.7183333333333334 0.21416666666666667 0.21333333333333335 0.15333333333333332
5 0.48333333333333334 0.18583333333333332 0.13333333333333333 0.14833333333333334
5 0.3458333333333333 0.195 0.11666666666666667 0.12666666666666668
5 0.4191666666666667 0.1975 0.2683333333333333 0.19166666666666668
5 0.07916666666666666 0.21666666666666667 0.08833333333333333 0.14666666666666667
1 0.6843688983333333 0.9648427683333334 0.723261755 0.6566666666666666 0.566402465 0.6566666666666666 0.54 0.9472955949999999 0.54 0.9548270449999999 0.6843688983333333 0.9648427683333334