4 0.9266666666666666 0.5825 0.12 0.7183333333333334
4 0.0725 0.475 0.145 0.7266666666666667
0 0.8358333333333333 0.6266666666666667 0.08 0.14
0 0.6275 0.5925 0.07333333333333333 0.15833333333333333
0 0.38083333333333336 0.4608333333333333 0.065 0.20166666666666666
0 0.16916666666666666 0.4558333333333333 0.085 0.15
5 0.9283333333333333 0.6066666666666667 0.06666666666666667 0.4533333333333333
5 0.73 0.5225 0.06666666666666667 0.5166666666666667
5 0.5025 0.6016666666666667 0.058333333333333334 0.36666666666666664
5 0.3933333333333333 0.20916666666666667 0.06 0.36333333333333334
5 0.29083333333333333 0.5066666666666667 0.056666666666666664 0.6433333333333333
5 0.08166666666666667 0.4533333333333333 0.06666666666666667 0.36333333333333334
1 0.6633333333333333 0.49116708499999995 0.665542605 0.987925515 0.8017618799999999 0.7982114883333333 0.8111578566666666 0.11027618833333333 0.6633333333333333 0.26728350333333334 0.6633333333333333 0.49116708499999995
1 0.34521336166666666 0.028333333333333332 0.21 0.19589627333333332 0.21 0.377112825 0.21494759333333335 0.987997425 0.3480076483333333 0.82739219 0.3525618866666667 0.8174589816666666 0.3461708316666666 0.028333333333333332 0.34521336166666666 0.028333333333333332
2 0.5493931216666667 0.16166666666666665 0.38333333333333336 0.3959943616666667 0.38333333333333336 0.4049773633333333 0.47656479 0.98414319 0.61114461 0.6352896716666667 0.6173794916666667 0.6638633616666667 0.5503193799999999 0.16166666666666665 0.5493931216666667 0.16166666666666665