0 0.22416666666666665 0.46416666666666667 0.105 0.10833333333333334
0 0.5116666666666667 0.49666666666666665 0.09666666666666666 0.09666666666666666
0 0.8075 0.3566666666666667 0.16166666666666665 0.30666666666666664
0 0.6875 0.7433333333333333 0.14833333333333334 0.30666666666666664
4 0.09916666666666667 0.4683333333333333 0.18833333333333332 0.23
1 0.51 0.3454967133333333 0.51 0.34509970333333334 0.3086940266666667 0.32573739833333337 0.24855463166666666 0.5785686133333333 0.4403609433333333 0.5931597283333333 0.51 0.3454967133333333
1 0.8256322433333333 0 0.7611692133333333 0.235 0.7811800216666667 0.235 0.9554400666666667 0.224837355 0.9983333333333333 0.025413635 0.9983333333333333 0.018888026666666665 0.825709315 0.012454966666666666 0.825676615 0 0.8256322433333333 0
1 0.9257293216666667 0.975 0.985 0.7121275616666667 0.985 0.7068002116666666 0.78813095 0.716468035 0.7952419716666667 0.7218720016666667 0.7332424533333334 0.975 0.9257293216666667 0.975
2 0.550603885 0.48579896166666664 0.630526665 0.6283333333333333 0.6327675683333334 0.6283333333333333 0.7382253416666666 0.4809352583333333 0.6252340083333333 0.3107051516666667 0.6316202949999999 0.3223103033333333 0.550603885 0.48579896166666664
5 0.0875 0.46166666666666667 0.125 0.15
5 0.37416666666666665 0.4866666666666667 0.15166666666666667 0.14
5 0.6391666666666667 0.4925 0.09833333333333333 0.08833333333333333
5 0.805 0.4091666666666667 0.03666666666666667 0.095
5 0.8975 0.11 0.12833333333333333 0.17333333333333334
5 0.65 0.6841666666666667 0.016666666666666666 0.095
5 0.8625 0.8258333333333333 0.15833333333333333 0.195