4 0.17833333333333334 0.07833333333333334 0.07 0.13666666666666666
4 0.5 0.12083333333333333 0.056666666666666664 0.10666666666666667
3 0.20166666666666666 0.31583333333333335 0.15 0.165
3 0.5233333333333333 0.2808333333333333 0.24666666666666667 0.15166666666666667
3 0.10333333333333333 0.8641666666666666 0.2 0.195
3 0.6325 0.8658333333333333 0.22333333333333333 0.19833333333333333
3 0.8283333333333334 0.5366666666666666 0.15666666666666668 0.17333333333333334
0 0.18333333333333332 0.1875 0.02 0.115
0 0.1925 0.41833333333333333 0.021666666666666667 0.1
0 0.13666666666666666 0.7191666666666666 0.07666666666666666 0.13166666666666665
0 0.35083333333333333 0.5575 0.15166666666666667 0.058333333333333334
0 0.2225 0.8675 0.055 0.06833333333333333
0 0.49083333333333334 0.865 0.08833333333333333 0.07333333333333333
0 0.7666666666666667 0.87 0.06333333333333334 0.08
0 0.6816666666666666 0.53 0.14333333333333334 0.056666666666666664
0 0.8633333333333333 0.6783333333333333 0.09333333333333334 0.13333333333333333
0 0.5083333333333333 0.38333333333333336 0.023333333333333334 0.09333333333333334
0 0.5033333333333333 0.19666666666666666 0.03333333333333333 0.06333333333333334
5 0.175 0.06833333333333333 0.023333333333333334 0.07666666666666666
5 0.20333333333333334 0.3075 0.12666666666666668 0.09833333333333333
5 0.52 0.2866666666666667 0.20333333333333334 0.07666666666666666
5 0.5025 0.11583333333333333 0.023333333333333334 0.07
5 0.52 0.5433333333333333 0.12333333333333334 0.07333333333333333
5 0.5441666666666667 0.4008333333333333 0.035 0.055
5 0.6758333333333333 0.4875 0.035 0.055
5 0.8308333333333333 0.5408333333333334 0.12666666666666668 0.095
5 0.8941666666666667 0.8575 0.13166666666666665 0.16833333333333333
5 0.6325 0.86 0.16833333333333333 0.10333333333333333
5 0.3475 0.8583333333333333 0.17333333333333334 0.07333333333333333
5 0.10333333333333333 0.8583333333333333 0.16666666666666666 0.09333333333333334
5 0.17333333333333334 0.575 0.15666666666666668 0.15
2 0.5285622600000001 0.6466666666666666 0.6066666666666667 0.5463069866666667 0.6066666666666667 0.5436441283333334 0.49676293833333335 0.4150386933333333 0.4222869716666667 0.5589316083333333 0.5278097133333334 0.6466666666666666 0.5285622600000001 0.6466666666666666
1 0.2544452016666667 0.6666666666666666 0.295 0.47713600833333336 0.295 0.4748930966666667 0.09032983833333333 0.45867170166666665 0.049348191666666666 0.66317618 0.22799709333333334 0.6666666666666666 0.2544452016666667 0.6666666666666666
1 0.23676713000000002 0.9266666666666666 0.2536657116666666 0.9266666666666666 0.43534961333333333 0.9193426183333334 0.46 0.7836399616666667 0.46 0.7816666666666666 0.45211166666666663 0.7816666666666666 0.2617382616666667 0.79317825 0.2617859 0.7938393499999999 0.23676713000000002 0.9266666666666666
1 0.9555999866666667 0.9933333333333333 0.9916666666666667 0.7666048266666666 0.9916666666666667 0.7611707616666666 0.808576145 0.728956655 0.7770620883333333 0.9615798000000001 0.9539476883333333 0.9933333333333333 0.9555999866666667 0.9933333333333333