5 0.9408333333333333 0.4033333333333333 0.08166666666666667 0.3333333333333333
5 0.7416666666666667 0.405 0.06666666666666667 0.4266666666666667
5 0.5658333333333333 0.44333333333333336 0.06166666666666667 0.6633333333333333
5 0.4008333333333333 0.45166666666666666 0.075 0.7433333333333333
5 0.2275 0.5333333333333333 0.06833333333333333 0.8966666666666666
5 0.0475 0.3283333333333333 0.07833333333333334 0.25
0 0.8375 0.4033333333333333 0.10333333333333333 0.11333333333333333
0 0.6458333333333334 0.3641666666666667 0.075 0.11333333333333333
0 0.48333333333333334 0.33166666666666667 0.07666666666666666 0.09666666666666666
0 0.31583333333333335 0.3383333333333333 0.07166666666666667 0.11
0 0.14166666666666666 0.36333333333333334 0.07666666666666666 0.06333333333333334
4 0.9408333333333333 0.3825 0.11833333333333333 0.47833333333333333
4 0.055 0.32083333333333336 0.10333333333333333 0.35333333333333333
3 0.5716666666666667 0.43666666666666665 0.08666666666666667 0.7466666666666667
3 0.4091666666666667 0.44083333333333335 0.09666666666666666 0.8316666666666667
1 0.6947546916666667 0.63427162 0.7759075383333334 0.715 0.7780170366666667 0.715 0.7793328733333333 0.17989342333333333 0.69 0.09915937166666668 0.69 0.10452964666666667 0.6947546916666667 0.63427162
1 0.2633323733333333 0.99 0.26559750833333334 0.99 0.275 0.109623985 0.275 0.104252905 0.19513701666666666 0.00046654 0.185 0.85904192 0.185 0.9502745866666668 0.2633323733333333 0.99