4 0.7091666666666666 0.05 0.345 0.07583333333333334
5 0.6841666666666667 0.0525 0.19916666666666666 0.04833333333333333
0 0.6933333333333334 0.11916666666666667 0.075 0.07
5 0.7133333333333334 0.20083333333333334 0.2125 0.05
3 0.6891666666666667 0.35833333333333334 0.36666666666666664 0.08416666666666667
5 0.6641666666666667 0.35833333333333334 0.2475 0.051666666666666666
0 0.6758333333333333 0.2775 0.06583333333333333 0.07416666666666667
0 0.6625 0.44083333333333335 0.075 0.08166666666666667
3 0.6958333333333333 0.5158333333333334 0.43333333333333335 0.08
5 0.7283333333333334 0.5141666666666667 0.36666666666666664 0.051666666666666666
0 0.7441666666666666 0.5933333333333334 0.08833333333333333 0.07416666666666667
0 0.2975 0.5608333333333333 0.4775 0.13416666666666666
5 0.7533333333333333 0.6725 0.20333333333333334 0.035833333333333335
0 0.44083333333333335 0.6925 0.2608333333333333 0.051666666666666666
3 0.16833333333333333 0.6841666666666667 0.27416666666666667 0.09166666666666666
5 0.175 0.6841666666666667 0.25166666666666665 0.06
0 0.7841666666666667 0.7683333333333333 0.09666666666666666 0.08416666666666667
5 0.735 0.8383333333333334 0.23 0.03166666666666667
0 0.7508333333333334 0.8825 0.08333333333333333 0.05583333333333333
4 0.7375 0.955 0.44666666666666666 0.09
5 0.7308333333333333 0.9466666666666667 0.2125 0.0375
2 0.7636122183333334 0.73635273 0.9760956183333334 0.6688662266666666 0.733954285 0.6186116633333333 0.5677290833333334 0.6823635266666667 0.7636122183333334 0.73635273
1 0.5942895083333334 0.16046790666666666 0.51128818 0.23845230999999997 0.813413015 0.24445111000000003 0.8997343950000001 0.16196760666666668 0.5942895083333334 0.16046790666666666
1 0.6374502 0.8098380316666667 0.5610889766666667 0.872825435 0.9229747683333333 0.854829035 0.919654715 0.8038392316666667 0.6374502 0.8098380316666667