5 0.5133333333333333 0.058333333333333334 0.13166666666666665 0.06416666666666666
5 0.5433333333333333 0.20083333333333334 0.1625 0.06833333333333333
5 0.2575 0.43083333333333335 0.14 0.06
5 0.5783333333333334 0.47 0.1175 0.07083333333333333
5 0.9266666666666666 0.5075 0.09916666666666667 0.05583333333333333
5 0.15083333333333335 0.6166666666666667 0.17083333333333334 0.07583333333333334
5 0.135 0.82 0.1775 0.07083333333333333
5 0.8716666666666667 0.645 0.19916666666666666 0.07666666666666666
5 0.4725 0.9375 0.12416666666666666 0.07333333333333333
0 0.5325 0.12583333333333332 0.03 0.05416666666666667
0 0.555 0.335 0.043333333333333335 0.10916666666666666
0 0.135 0.7341666666666666 0.045 0.055
4 0.5141666666666667 0.055 0.1975 0.11
4 0.4775 0.94 0.1975 0.10416666666666667
3 0.14083333333333334 0.8191666666666667 0.23833333333333334 0.12083333333333333
3 0.8708333333333333 0.6425 0.25333333333333335 0.13916666666666666
1 0.71274747 0.14335530166666668 0.4632649166666667 0.146458585 0.40418919833333333 0.284252095 0.638412935 0.29225759166666665 0.71274747 0.14335530166666668
1 0.30180391166666665 0.5436301983333333 0.06347533166666668 0.5446178483333334 0 0.713346805 0.24429989000000002 0.6941337183333334 0.30180391166666665 0.5436301983333333
2 0.5472479916666667 0.37071144166666664 0.428195655 0.48659464 0.5724937099999999 0.5660456183333333 0.69451444 0.46997963666666664 0.5472479916666667 0.37071144166666664
0 0.87964936 0.9102821183333333 0.8642215750000001 0.7101447150000001 0.84551987 0.7206882766666667 0.8544038533333332 0.8910688483333333 0.571091195 0.9294952650000001 0.5795063983333334 0.9663206066666667 0.87964936 0.9102821183333333
0 0.15593997833333334 0.9439051866666667 0.14471974333333334 0.8862656216666667 0.12133961333333335 0.8847539033333334 0.13490191499999998 0.9711238333333334 0.3901638233333333 0.9503096099999999 0.38174861833333334 0.9150853433333332 0.15593997833333334 0.9439051866666667
0 0.18960090333333335 0.4811873466666666 0.4266297783333333 0.49879941833333336 0.4264421916666667 0.462585035 0.169965355 0.4587719266666666 0.15734260166666666 0.5388269116666667 0.18960090333333335 0.5388269116666667 0.18960090333333335 0.4811873466666666