0 0.36666666666666664 0.15916666666666668 0.06166666666666667 0.07
0 0.37333333333333335 0.34833333333333333 0.058333333333333334 0.051666666666666666
0 0.4533333333333333 0.5508333333333333 0.07333333333333333 0.05583333333333333
0 0.4825 0.7066666666666667 0.0675 0.045
0 0.4658333333333333 0.8683333333333333 0.08666666666666667 0.055
4 0.33916666666666667 0.06916666666666667 0.34 0.13833333333333334
4 0.4816666666666667 0.9425 0.3625 0.115
3 0.44416666666666665 0.4508333333333333 0.6425 0.16666666666666666
3 0.4775 0.6241666666666666 0.7208333333333333 0.14333333333333334
1 0.12961005 0.33388327166666665 0.490539935 0.32747873666666666 0.6186118283333334 0.19138291333333332 0.257681945 0.17537163666666666 0.26550213 0.17647059 0.12961005 0.33388327166666665
1 0.057424109999999993 0.7357662983333334 0.06462876833333334 0.73869548 0 0.8782667483333334 0.9073555933333334 0.843041865 0.9981704233333333 0.7101484016666667 0.057424109999999993 0.7357662983333334
5 0.3491666666666667 0.0575 0.23666666666666666 0.06583333333333333
5 0.37916666666666665 0.25583333333333336 0.2791666666666667 0.075
5 0.48833333333333334 0.6216666666666667 0.5625 0.08666666666666667
5 0.46166666666666667 0.775 0.7475 0.10666666666666667
5 0.48583333333333334 0.9375 0.22416666666666665 0.07333333333333333
5 0.43333333333333335 0.44416666666666665 0.5283333333333333 0.08333333333333333