4 0.9558333333333333 0.365 0.085 0.21333333333333335
4 0.25416666666666665 0.08666666666666667 0.06333333333333334 0.15666666666666668
0 0.8716666666666667 0.3675 0.06333333333333334 0.05
0 0.5983333333333334 0.44166666666666665 0.11666666666666667 0.06333333333333334
0 0.37916666666666665 0.7791666666666667 0.26 0.15166666666666667
0 0.5725 0.7675 0.48833333333333334 0.405
0 0.16416666666666666 0.145 0.12333333333333334 0.2
0 0.19166666666666668 0.8366666666666667 0.14333333333333334 0.24333333333333335
5 0.9541666666666667 0.35833333333333334 0.04833333333333333 0.14333333333333334
5 0.7475 0.4 0.11166666666666666 0.21
5 0.4325 0.47833333333333333 0.095 0.32
5 0.2866666666666667 0.9191666666666667 0.03333333333333333 0.125
5 0.37166666666666665 0.825 0.056666666666666664 0.05333333333333334
5 0.5791666666666667 0.9483333333333334 0.10166666666666667 0.08333333333333333
5 0.12916666666666668 0.49083333333333334 0.115 0.3516666666666667
5 0.25666666666666665 0.5475 0.07666666666666666 0.043333333333333335
5 0.09083333333333334 0.1575 0.055 0.08833333333333333
2 0.655 0.45142319 0.655 0.45724197000000005 0.7640325699999999 0.5666666666666667 0.7648265983333333 0.5666666666666667 0.8306622666666666 0.35769128333333333 0.7378017266666667 0.19333333333333333 0.7375250600000001 0.19333333333333333 0.655 0.45142319
2 0.35517507 0.42736693333333337 0.3016666666666667 0.511391385 0.3016666666666667 0.5128945883333333 0.3941906766666667 0.6386111116666667 0.4745915866666667 0.7066666666666667 0.47709555166666673 0.7066666666666667 0.5322458983333334 0.4390103133333333 0.4542146866666667 0.236082835 0.39719187666666667 0.30427977500000003 0.35517507 0.42736693333333337
2 0.076690675 0.40072854333333335 0.031672668333333334 0.5188256833333333 0.008333333333333333 0.5511637833333333 0.008333333333333333 0.5527970116666666 0.09469788 0.6435761816666666 0.16657835333333335 0.72 0.16851362 0.72 0.199739895 0.5288057216666666 0.20724289666666665 0.4805688633333333 0.139715885 0.24770126499999998 0.076690675 0.40072854333333335