5 0.9358333333333333 0.57 0.095 0.11333333333333333
5 0.6041666666666666 0.7808333333333334 0.06 0.095
5 0.5875 0.3858333333333333 0.08833333333333333 0.15833333333333333
5 0.5991666666666666 0.08583333333333333 0.07833333333333334 0.12666666666666668
5 0.44916666666666666 0.885 0.085 0.13
5 0.3025 0.8291666666666667 0.07 0.23
5 0.06833333333333333 0.8141666666666667 0.07 0.10666666666666667
4 0.5991666666666666 0.0975 0.165 0.16833333333333333
4 0.06666666666666667 0.8141666666666667 0.11 0.175
0 0.595 0.23083333333333333 0.04666666666666667 0.085
0 0.5825 0.5975 0.05 0.19166666666666668
0 0.78 0.5716666666666667 0.22 0.44
0 0.435 0.7975 0.15666666666666668 0.041666666666666664
0 0.185 0.8233333333333334 0.11666666666666667 0.04666666666666667
2 0.623024895 0.9 0.6239605433333334 0.9 0.6866421699999999 0.7611542366666667 0.5999290433333333 0.6966666666666667 0.5994818516666667 0.6966666666666667 0.52 0.78629714 0.52 0.78921445 0.623024895 0.9
1 0.6548277433333333 0.545 0.6563172383333333 0.31950279 0.525 0.23999153833333334 0.525 0.2895560066666667 0.5273430333333333 0.46790461666666666 0.6523132833333333 0.545 0.6548277433333333 0.545
1 0.37617945166666666 0.9916666666666667 0.3567681466666667 0.70246829 0.23 0.6431842166666667 0.23 0.6488008616666666 0.26228704166666666 0.9206316600000001 0.374272645 0.9916666666666667 0.37617945166666666 0.9916666666666667