4 0.1275 0.05333333333333334 0.18416666666666667 0.08
1 0.06909184833333333 0.16906762333333333 0.01638570166666667 0.24944903166666668 0.21090281833333333 0.23543492166666666 0.25600832333333334 0.14934865 0.06909184833333333 0.16906762333333333
1 0.6816905366666667 0.46566578833333333 0.48787357500000006 0.47819127333333333 0.38004813833333334 0.573774165 0.6055751433333333 0.559760055 0.6816905366666667 0.46566578833333333
1 0.6675951800000001 0.6538544150000001 0.44488709 0.6718724783333333 0.38004813833333334 0.7759769033333334 0.6112134916666666 0.7659668383333333 0.6675951800000001 0.6538544150000001
2 0.1283135066666667 0.47519007166666666 0.01638570166666667 0.5497500816666667 0.14324469166666667 0.59779825 0.261646415 0.52972995 0.1283135066666667 0.47519007166666666
2 0.14100386166666667 0.6612645016666666 0.044576675 0.7359367333333334 0.15734004833333332 0.7799808566666667 0.261646415 0.7219226233333333 0.14100386166666667 0.6612645016666666
1 0.5640157066666667 0.8533413333333334 0.442068175 0.9901916833333333 0.7831777283333333 0.9761775733333333 0.8423785899999999 0.8440451116666667 0.5640157066666667 0.8533413333333334
1 0.07276739 0.8740752166666665 0.005109261666666667 0.9861875466666667 0.34621907333333335 0.9761775733333333 0.4110580266666667 0.8460471783333333 0.07276739 0.8740752166666665
0 0.13333333333333333 0.1275 0.07 0.07916666666666666
0 0.12666666666666668 0.2775 0.055 0.08333333333333333
0 0.13166666666666665 0.4375 0.07166666666666667 0.07916666666666666
0 0.14583333333333334 0.6283333333333333 0.06666666666666667 0.07166666666666667
0 0.155 0.8291666666666667 0.04666666666666667 0.10083333333333333
0 0.3408333333333333 0.7116666666666667 0.1575 0.03166666666666667
0 0.7166666666666667 0.7016666666666667 0.16333333333333333 0.03166666666666667
0 0.44666666666666666 0.9 0.14166666666666666 0.02666666666666667
0 0.9158333333333334 0.8308333333333333 0.06833333333333333 0.1725
0 0.8216666666666667 0.5841666666666666 0.2791666666666667 0.18083333333333335
0 0.35333333333333333 0.5258333333333334 0.185 0.030833333333333334
5 0.11333333333333333 0.0525 0.12833333333333333 0.06
5 0.14333333333333334 0.20333333333333334 0.16583333333333333 0.034166666666666665
5 0.13583333333333333 0.3616666666666667 0.1675 0.04
5 0.1375 0.5358333333333334 0.12916666666666668 0.03666666666666667
5 0.3333333333333333 0.49583333333333335 0.1275 0.049166666666666664
5 0.5508333333333333 0.5258333333333334 0.13666666666666666 0.0525
5 0.20833333333333334 0.6083333333333333 0.095 0.04083333333333333
5 0.3325 0.69 0.09583333333333334 0.049166666666666664
5 0.5316666666666666 0.7133333333333334 0.17666666666666667 0.04583333333333333
5 0.8925 0.7141666666666666 0.11416666666666667 0.055
5 0.6616666666666666 0.9075 0.2708333333333333 0.08333333333333333
5 0.14916666666666667 0.9291666666666667 0.13583333333333333 0.055
5 0.305 0.9166666666666666 0.1325 0.0925
5 0.16083333333333333 0.725 0.12666666666666668 0.049166666666666664