5 0.35 0.051666666666666666 0.18333333333333332 0.06666666666666667
5 0.3125 0.22833333333333333 0.28833333333333333 0.06
5 0.285 0.39666666666666667 0.31333333333333335 0.09333333333333334
5 0.835 0.5775 0.25333333333333335 0.105
5 0.56 0.5583333333333333 0.11 0.056666666666666664
5 0.25916666666666666 0.5633333333333334 0.24166666666666667 0.06333333333333334
5 0.14333333333333334 0.6666666666666666 0.13 0.06333333333333334
5 0.22666666666666666 0.7791666666666667 0.26 0.07333333333333333
5 0.20416666666666666 0.9425 0.19166666666666668 0.055
0 0.3433333333333333 0.155 0.056666666666666664 0.05333333333333334
0 0.32083333333333336 0.31 0.065 0.07
0 0.28833333333333333 0.4725 0.04666666666666667 0.04833333333333333
0 0.5408333333333334 0.5941666666666666 0.275 0.03833333333333333
0 0.25083333333333335 0.6725 0.055 0.07166666666666667
0 0.255 0.8575 0.06333333333333334 0.03833333333333333
4 0.3475 0.06333333333333334 0.32166666666666666 0.12666666666666668
4 0.185 0.935 0.3433333333333333 0.12
3 0.2733333333333333 0.3958333333333333 0.38666666666666666 0.09833333333333333
3 0.8291666666666667 0.5725 0.325 0.125
1 0.07666666666666666 0.18421990666666666 0.158802945 0.2811446516666667 0.5164670916666666 0.27474023 0.4599287133333333 0.18256776166666666 0.07666666666666666 0.18347607166666668 0.07666666666666666 0.18421990666666666
1 0.30987084833333334 0.715 0.03333333333333333 0.7197452483333333 0.03333333333333333 0.7218890516666666 0.11417292333333333 0.8266666666666667 0.18325992666666666 0.8266666666666667 0.4041445833333333 0.8254458183333333 0.32709666 0.715 0.30987084833333334 0.715
2 0.09166666666666666 0.5539020433333334 0.25024565 0.6429795266666667 0.42278357333333333 0.5787125883333334 0.29458418666666664 0.49567833999999994 0.09166666666666666 0.5530241149999999 0.09166666666666666 0.5539020433333334
0 0.46 0.432858055 0.8353929800000001 0.4376612583333333 0.829552505 0.5183333333333333 0.8827052783333332 0.5183333333333333 0.8845988 0.414269445 0.468861035 0.39283048 0.46 0.43282846499999994 0.46 0.432858055