4 0.4675 0.05416666666666667 0.7533333333333333 0.08416666666666667
4 0.4558333333333333 0.9383333333333334 0.7775 0.08416666666666667
5 0.4075 0.04833333333333333 0.41833333333333333 0.05583333333333333
0 0.44083333333333335 0.14 0.11333333333333333 0.08
5 0.4708333333333333 0.2725 0.5683333333333334 0.08416666666666667
0 0.4525 0.4058333333333333 0.10166666666666667 0.08166666666666667
0 0.515 0.6633333333333333 0.1075 0.08166666666666667
0 0.44916666666666666 0.4033333333333333 0.11916666666666667 0.10166666666666667
0 0.44666666666666666 0.14166666666666666 0.10166666666666667 0.07
0 0.5183333333333333 0.6625 0.08916666666666667 0.08
0 0.46416666666666667 0.8583333333333333 0.08916666666666667 0.07166666666666667
5 0.485 0.5366666666666666 0.3466666666666667 0.05583333333333333
5 0.7158333333333333 0.6541666666666667 0.26916666666666667 0.04416666666666667
5 0.4708333333333333 0.7558333333333334 0.6041666666666666 0.06166666666666667
0 0.4791666666666667 0.855 0.14333333333333334 0.06833333333333333
5 0.4766666666666667 0.9375 0.3408333333333333 0.041666666666666664
2 0.4353680433333333 0.44717887166666664 0.13913824 0.5687274916666667 0.5026929983333333 0.6302521016666667 0.8168761216666667 0.5387154866666667 0.4353680433333333 0.44717887166666664
1 0.14362657166666667 0.7067827133333334 0.013464991666666669 0.8238295316666666 0.7540394966666667 0.81482593 0.9380610416666667 0.6992797116666667 0.14362657166666667 0.7067827133333334
1 0.17953321333333333 0.19957983166666668 0.04488330333333333 0.3616446583333333 0.8348294433333333 0.339135655 0.9649910233333333 0.18607443 0.17953321333333333 0.19957983166666668