5 0.5058333333333334 0.2625 0.5375 0.06333333333333334
5 0.5991666666666666 0.505 0.5041666666666667 0.0575
5 0.4875 0.7033333333333334 0.575 0.0575
0 0.6241666666666666 0.15416666666666667 0.1125 0.12333333333333334
0 0.5841666666666666 0.3908333333333333 0.135 0.1325
0 0.6033333333333334 0.6133333333333333 0.18916666666666668 0.10666666666666667
0 0.49833333333333335 0.8291666666666667 0.14083333333333334 0.1175
3 0.6158333333333333 0.5083333333333333 0.6716666666666666 0.1
4 0.6508333333333334 0.055 0.4008333333333333 0.09
4 0.5158333333333334 0.9458333333333333 0.36583333333333334 0.095
4 0.25684580333333334 0.21380368166666666 0.033189315000000004 0.3146729516666667 0.757130655 0.31947623833333333 0.9866732083333333 0.22020810500000002 0.25684580333333334 0.21380368166666666
1 0.969016365 0.6637126766666667 0.18543032833333334 0.6646658683333334 0.009646408333333334 0.7693852933333333 0.7041596783333334 0.7693852933333333 0.969016365 0.6637126766666667