5 0.45166666666666666 0.11416666666666667 0.32416666666666666 0.051666666666666666
5 0.4191666666666667 0.23916666666666667 0.25416666666666665 0.045
5 0.5066666666666667 0.305 0.09416666666666666 0.0375
5 0.9516666666666667 0.375 0.08916666666666667 0.0525
5 0.44583333333333336 0.38 0.2816666666666667 0.09083333333333334
5 0.4675 0.53 0.3375 0.11083333333333334
5 0.46 0.6883333333333334 0.2975 0.059166666666666666
5 0.4683333333333333 0.8191666666666667 0.315 0.04833333333333333
5 0.5341666666666667 0.8925 0.10416666666666667 0.041666666666666664
0 0.4058333333333333 0.06333333333333334 0.028333333333333332 0.029166666666666667
0 0.4041666666666667 0.16583333333333333 0.05583333333333333 0.05416666666666667
0 0.44666666666666666 0.30916666666666665 0.035833333333333335 0.06916666666666667
0 0.44083333333333335 0.455 0.0425 0.05583333333333333
0 0.4375 0.6058333333333333 0.04833333333333333 0.035
0 0.43 0.7483333333333333 0.058333333333333334 0.035833333333333335
4 0.4125 0.03 0.085 0.03833333333333333
4 0.43833333333333335 0.9083333333333333 0.0425 0.0033333333333333335
4 0.46416666666666667 0.9608333333333333 0.145 0.07833333333333334
3 0.45416666666666666 0.1175 0.3675 0.08166666666666667
3 0.4483333333333333 0.37666666666666665 0.325 0.1125
3 0.4666666666666667 0.525 0.37916666666666665 0.12916666666666668
3 0.4658333333333333 0.6808333333333333 0.3408333333333333 0.10916666666666666
2 0.41030414833333334 0.18247299166666667 0.24677609833333336 0.24902788833333334 0.46027866999999995 0.28585317 0.6241294716666667 0.23141575500000003 0.41030414833333334 0.18247299166666667
2 0.4258224616666667 0.7627050833333333 0.28898002666666667 0.8334292833333333 0.45779612 0.8702546250000001 0.6514379066666667 0.817418285 0.4258224616666667 0.7627050833333333
0 0.7666666666666667 0.37916666666666665 0.285 0.3258333333333333
0 0.19833333333333333 0.5458333333333333 0.19083333333333333 0.6266666666666667
5 0.04666666666666667 0.5633333333333334 0.0675 0.05