5 0.42 0.9666666666666667 0.16333333333333333 0.06666666666666667
5 0.41 0.8158333333333333 0.23666666666666666 0.06333333333333334
5 0.4033333333333333 0.6675 0.23 0.06166666666666667
5 0.41083333333333333 0.53 0.07833333333333334 0.03333333333333333
5 0.31083333333333335 0.5458333333333333 0.03333333333333333 0.03833333333333333
5 0.5158333333333334 0.5658333333333333 0.041666666666666664 0.043333333333333335
5 0.4716666666666667 0.4275 0.03333333333333333 0.028333333333333332
5 0.7341666666666666 0.44416666666666665 0.03833333333333333 0.043333333333333335
5 0.5841666666666666 0.415 0.09166666666666666 0.05
5 0.1475 0.3441666666666667 0.21833333333333332 0.06
5 0.48833333333333334 0.2725 0.245 0.041666666666666664
5 0.8575 0.31833333333333336 0.23833333333333334 0.07666666666666666
5 0.8266666666666667 0.16 0.24333333333333335 0.08833333333333333
5 0.445 0.05 0.10166666666666667 0.06
0 0.4116666666666667 0.8983333333333333 0.06333333333333334 0.08333333333333333
0 0.40166666666666667 0.7433333333333333 0.043333333333333335 0.08
0 0.4041666666666667 0.5966666666666667 0.041666666666666664 0.08
0 0.45166666666666666 0.16 0.043333333333333335 0.16666666666666666
0 0.83 0.245 0.03333333333333333 0.07
4 0.41583333333333333 0.9591666666666666 0.20166666666666666 0.08166666666666667
4 0.4625 0.0475 0.15333333333333332 0.075
3 0.4083333333333333 0.6625 0.2733333333333333 0.07833333333333334
1 0.56 0.8522852283333333 0.525370865 0.77 0.5092160866666666 0.77 0.25170781166666667 0.77753381 0.2985780766666667 0.8572378916666665 0.56 0.8527436916666666 0.56 0.8522852283333333
1 0.65 0.31643408666666667 0.6069218916666667 0.240116915 0.33012028833333334 0.24491738166666668 0.36949669 0.32757379666666664 0.65 0.31693413000000004 0.65 0.31643408666666667
1 0.9883333333333333 0.356798685 0.9675614616666667 0.2816666666666667 0.9458365883333333 0.2816666666666667 0.7054772966666667 0.2934197 0.7490745616666666 0.36406474 0.9883333333333333 0.35903838 0.9883333333333333 0.356798685
1 0.2783333333333333 0.360270975 0.24369991 0.29833333333333334 0.23275664999999998 0.29833333333333334 0.016467383333333335 0.31512085833333336 0.044126766666666664 0.3793607233333333 0.2783333333333333 0.36323491666666663 0.2783333333333333 0.360270975
1 0.9816666666666667 0.19617652666666666 0.9345524550000001 0.11666666666666667 0.8960580766666667 0.11666666666666667 0.6554390066666667 0.123579895 0.7136218483333333 0.20987046166666665 0.9816666666666667 0.197214525 0.9816666666666667 0.19617652666666666
2 0.66 0.41588985166666664 0.6086345183333333 0.36341891 0.5052508283333332 0.40342239 0.590513305 0.4696366016666667 0.66 0.41647316500000003 0.66 0.41588985166666664
2 0.4633333333333333 0.5364003866666667 0.41502964999999997 0.505 0.41178763500000004 0.505 0.3630922516666667 0.5392955100000001 0.40667379666666664 0.5695097416666667 0.4633333333333333 0.5384403883333333 0.4633333333333333 0.5364003866666667
0 0.22583333333333333 0.4625 0.275 0.155
0 0.5383333333333333 0.5216666666666666 0.14666666666666667 0.06666666666666667
0 0.7608333333333334 0.4066666666666667 0.19833333333333333 0.05
0 0.6591666666666667 0.060833333333333336 0.28833333333333333 0.10166666666666667
0 0.26166666666666666 0.1625 0.20666666666666667 0.225
0 0.45166666666666666 0.37666666666666665 0.09 0.07