4 0.6933333333333334 0.9375 0.4166666666666667 0.105
1 0.7358333333333333 0.7908333333333334 0.42833333333333334 0.09166666666666666
3 0.7233333333333334 0.6458333333333334 0.41333333333333333 0.11
3 0.7358333333333333 0.505 0.3883333333333333 0.09
2 0.7616666666666667 0.33916666666666667 0.33 0.15166666666666667
1 0.7408333333333333 0.18666666666666668 0.4583333333333333 0.08333333333333333
4 0.7816666666666666 0.058333333333333334 0.4166666666666667 0.11
1 0.20583333333333334 0.5583333333333333 0.365 0.12
0 0.7091666666666666 0.8591666666666666 0.095 0.075
0 0.7066666666666667 0.7275 0.09333333333333334 0.07833333333333334
0 0.32916666666666666 0.6383333333333333 0.43 0.06
0 0.34 0.48833333333333334 0.4533333333333333 0.05333333333333334
0 0.7441666666666666 0.4425 0.07833333333333334 0.06333333333333334
0 0.7216666666666667 0.25166666666666665 0.09 0.07
0 0.7433333333333333 0.13166666666666665 0.08 0.05
5 0.6858333333333333 0.9391666666666667 0.285 0.06333333333333334
5 0.7075 0.79 0.31833333333333336 0.04666666666666667
5 0.7066666666666667 0.6491666666666667 0.26666666666666666 0.06833333333333333
0 0.7183333333333334 0.5708333333333333 0.09 0.07166666666666667
5 0.18833333333333332 0.5591666666666667 0.2966666666666667 0.06666666666666667
5 0.7516666666666667 0.34 0.2 0.06333333333333334
5 0.7358333333333333 0.5033333333333333 0.31833333333333336 0.04
5 0.7383333333333333 0.18916666666666668 0.33 0.05333333333333334
5 0.7591666666666667 0.05 0.22666666666666666 0.04666666666666667
5 0.8566666666666667 0.25666666666666665 0.16333333333333333 0.05333333333333334
5 0.425 0.5008333333333334 0.15 0.051666666666666666