1 0.22020607333333336 0.6166666666666667 0.010296671666666667 0.746112025 0.7702139283333334 0.7525127183333333 0.74365752 0.7438373716666666 0.9743058600000001 0.6244993416666667 0.36143525833333334 0.6166666666666667 0.22020607333333336 0.6166666666666667
1 1 0.17910839333333334 0.9264981433333332 0.17833333333333334 0.8538582533333332 0.17833333333333334 0.32331348 0.18711203333333332 0.07666666666666666 0.32105414833333334 0.07666666666666666 0.32153212000000003 0.7618945616666667 0.32632658999999997 0.7603094333333333 0.32737888 1 0.179275495 1 0.17910839333333334
3 0.5616666666666666 0.47 0.8433333333333334 0.15333333333333332
4 0.4425 0.9266666666666666 0.395 0.13333333333333333
4 0.5541666666666667 0.058333333333333334 0.38166666666666665 0.11666666666666667
5 0.5366666666666666 0.2708333333333333 0.5233333333333333 0.058333333333333334
5 0.5291666666666667 0.4816666666666667 0.56 0.06
5 0.4825 0.6925 0.5883333333333334 0.06166666666666667
0 0.44333333333333336 0.8033333333333333 0.1 0.12333333333333334
0 0.5591666666666667 0.5808333333333333 0.195 0.085
0 0.49666666666666665 0.3566666666666667 0.2 0.11
0 0.5325 0.14916666666666667 0.185 0.09666666666666666