3 0.5616666666666666 0.8616666666666667 0.11 0.26666666666666666
3 0.24583333333333332 0.8283333333333334 0.175 0.27666666666666667
5 0.6558333333333334 0.5325 0.115 0.21166666666666667
5 0.555 0.8733333333333333 0.07333333333333333 0.18333333333333332
5 0.5508333333333333 0.22916666666666666 0.07166666666666667 0.14166666666666666
5 0.3275 0.075 0.10833333333333334 0.15
5 0.25416666666666665 0.8416666666666667 0.14166666666666666 0.18666666666666668
0 0.7516666666666667 0.24583333333333332 0.16333333333333333 0.07166666666666667
0 0.3433333333333333 0.24083333333333334 0.19666666666666666 0.05333333333333334
0 0.06833333333333333 0.5883333333333334 0.13666666666666666 0.57
0 0.43333333333333335 0.8658333333333333 0.09666666666666666 0.056666666666666664
0 0.5716666666666667 0.5208333333333334 0.06666666666666667 0.39166666666666666
4 0.9108333333333334 0.25 0.175 0.15
4 0.11 0.215 0.18666666666666668 0.16
4 0.6783333333333333 0.2480815733333333 0.5708101283333333 0.11666666666666667 0.5700633583333333 0.11666666666666667 0.445 0.24768308666666664 0.445 0.24880517166666669 0.5689639633333333 0.3294845616666667 0.6783333333333333 0.24855296833333332 0.6783333333333333 0.2480815733333333