0 0.5116666666666667 0.8025 0.17666666666666667 0.12833333333333333
0 0.4708333333333333 0.5716666666666667 0.175 0.12333333333333334
0 0.505 0.3383333333333333 0.20333333333333334 0.09666666666666666
0 0.5116666666666667 0.14333333333333334 0.17666666666666667 0.09
3 0.47583333333333333 0.4508333333333333 0.8616666666666667 0.16166666666666665
1 0.5216666666666666 0.6875 0.8933333333333333 0.125
1 0.525 0.24416666666666667 0.9 0.12833333333333333
4 0.52 0.92 0.5833333333333334 0.14
4 0.5233333333333333 0.05583333333333333 0.5066666666666667 0.11166666666666666
5 0.45666666666666667 0.68 0.64 0.07333333333333333
5 0.44333333333333336 0.44 0.6133333333333333 0.06666666666666667
5 0.49416666666666664 0.2375 0.715 0.058333333333333334