5 0.95 0.425 0.03333333333333333 0.17333333333333334
5 0.7933333333333333 0.4275 0.05333333333333334 0.21166666666666667
5 0.5925 0.4583333333333333 0.07666666666666666 0.14333333333333334
5 0.6 0.18166666666666667 0.06333333333333334 0.16
5 0.3641666666666667 0.1275 0.07166666666666667 0.17833333333333334
5 0.44083333333333335 0.9266666666666666 0.085 0.14333333333333334
5 0.2991666666666667 0.8591666666666666 0.075 0.205
5 0.05416666666666667 0.45166666666666666 0.058333333333333334 0.16
5 0.17166666666666666 0.1225 0.07 0.17833333333333334
2 0.6008160016666667 0.6016666666666667 0.6754561833333333 0.4151915233333333 0.564411765 0.288867155 0.5033333333333333 0.487093115 0.5033333333333333 0.48906308833333334 0.5995936066666667 0.6016666666666667 0.6008160016666667 0.6016666666666667
1 0.8499389766666667 0.31201915166666666 0.7283903566666667 0.269231865 0.7313915566666667 0.54429299 0.84953801 0.6133333333333333 0.8499389766666667 0.6133333333333333 0.8499389766666667 0.31201915166666666
1 0.42269012166666664 0.2683333333333333 0.42333333333333334 0.2683333333333333 0.42333333333333334 0.038640078333333334 0.31442270166666664 0.006666666666666667 0.31333333333333335 0.006666666666666667 0.31333333333333335 0.03599448166666667 0.3171408566666667 0.19970456333333333 0.42269012166666664 0.2683333333333333
4 0.9483333333333334 0.44 0.08333333333333333 0.3
4 0.056666666666666664 0.47333333333333333 0.08333333333333333 0.30666666666666664
0 0.5016666666666667 0.7341666666666666 0.26666666666666666 0.23
0 0.5016666666666667 0.16666666666666666 0.13666666666666666 0.2866666666666667
0 0.7016666666666667 0.41833333333333333 0.043333333333333335 0.03666666666666667
0 0.8766666666666667 0.4075 0.04 0.056666666666666664
0 0.14666666666666667 0.7658333333333334 0.20333333333333334 0.25166666666666665
0 0.0625 0.18833333333333332 0.11166666666666666 0.27
0 0.2725 0.10916666666666666 0.06333333333333334 0.04666666666666667
3 0.31 0.8591666666666666 0.12 0.24666666666666667