5 0.4525 0.0625 0.1125 0.10083333333333333
5 0.44083333333333335 0.26166666666666666 0.16333333333333333 0.125
5 0.49333333333333335 0.4275 0.05333333333333334 0.07666666666666666
5 0.9441666666666667 0.38416666666666666 0.05333333333333334 0.095
5 0.6683333333333333 0.5191666666666667 0.07 0.07583333333333334
5 0.8991666666666667 0.67 0.16166666666666665 0.08166666666666667
5 0.09833333333333333 0.6625 0.1775 0.09916666666666667
5 0.44333333333333336 0.5716666666666667 0.25 0.125
5 0.5075 0.7166666666666667 0.07583333333333334 0.07083333333333333
5 0.695 0.835 0.06833333333333333 0.08416666666666667
5 0.20416666666666666 0.8966666666666666 0.06916666666666667 0.058333333333333334
5 0.4325 0.8525 0.2775 0.12333333333333334
0 0.4558333333333333 0.13916666666666666 0.035 0.06583333333333333
0 0.44666666666666666 0.4475 0.0275 0.11666666666666667
0 0.4375 0.7225 0.029166666666666667 0.09083333333333334
4 0.4575 0.06 0.20333333333333334 0.09916666666666667
4 0.10416666666666667 0.6675 0.20583333333333334 0.1525
4 0.8991666666666667 0.6658333333333334 0.1925 0.1575
2 0.45838938333333334 0.16747231999999998 0.31222962666666665 0.26666666833333336 0.4541955433333334 0.3821485333333333 0.6240454066666666 0.28282071833333333 0.45838938333333334 0.16747231999999998
2 0.44580786166666664 0.7586330066666667 0.26504126499999997 0.8592592600000001 0.43112946 0.9797173983333333 0.6104155250000001 0.8675731033333333 0.44580786166666664 0.7586330066666667
0 0.11764113666666667 0.843542185 0.12707717833333335 0.7249896216666666 0.08304205166666667 0.723387585 0.08022018833333333 0.7451451466666666 0.09352661333333334 0.8691751416666667 0.25184347500000004 0.873981375 0.252891915 0.8499504533333334 0.11764113666666667 0.843542185
0 0.86833572 0.4702619066666667 0.9333399699999999 0.4958948633333334 0.9249522883333333 0.25238159 0.6176431800000001 0.2606606616666667 0.6198516466666666 0.28762688999999997 0.8924502433333333 0.27641251 0.86833572 0.4702619066666667
0 0.688001295 0.716979315 0.7991375516666667 0.7185814733333333 0.8012345916666667 0.6609072283333333 0.7142127 0.6689175350000001 0.71526106 0.5503649733333333 0.6425481466666667 0.5509509533333333 0.6408207683333333 0.5808041633333334 0.6942919366666667 0.5792020649999999 0.688001295 0.716979315
2 0.4520985833333333 0.4814763483333333 0.2899462333333333 0.5849849866666667 0.45314710333333336 0.6881422233333333 0.6345299683333333 0.56958972 0.4520985833333333 0.4814763483333333