4 0.09083333333333334 0.45 0.165 0.12
0 0.21166666666666667 0.44666666666666666 0.07 0.06333333333333334
5 0.08416666666666667 0.44166666666666665 0.105 0.07666666666666666
1 0.3525 0.44 0.18166666666666667 0.16666666666666666
5 0.3491666666666667 0.44083333333333335 0.13166666666666665 0.09666666666666666
0 0.48333333333333334 0.435 0.07666666666666666 0.06333333333333334
2 0.615 0.43416666666666665 0.15666666666666668 0.25333333333333335
5 0.6083333333333333 0.4575 0.08333333333333333 0.11166666666666666
0 0.7858333333333334 0.35833333333333334 0.16333333333333333 0.25333333333333335
0 0.8516666666666667 0.29 0.03333333333333333 0.06
5 0.8 0.4075 0.03666666666666667 0.06166666666666667
1 0.8566666666666667 0.12 0.23 0.21666666666666667
5 0.8408333333333333 0.13166666666666665 0.15666666666666668 0.13833333333333334
0 0.6916666666666667 0.7558333333333334 0.21333333333333335 0.3333333333333333
0 0.7816666666666666 0.8358333333333333 0.02666666666666667 0.09833333333333333
5 0.8841666666666667 0.8841666666666667 0.13666666666666666 0.14166666666666666
5 0.6583333333333333 0.7708333333333334 0.023333333333333334 0.06833333333333333