5 0.6066666666666667 0.08583333333333333 0.36333333333333334 0.10166666666666667
5 0.6116666666666667 0.2775 0.5766666666666667 0.105
5 0.4775 0.5008333333333334 0.31666666666666665 0.06833333333333333
5 0.7533333333333333 0.6158333333333333 0.31666666666666665 0.07833333333333334
5 0.4825 0.7275 0.605 0.09333333333333334
5 0.41333333333333333 0.9275 0.31666666666666665 0.07833333333333334
0 0.6125 0.17916666666666667 0.16833333333333333 0.10166666666666667
0 0.5733333333333334 0.38166666666666665 0.12666666666666668 0.07333333333333333
0 0.51 0.6166666666666667 0.15 0.08
0 0.48833333333333334 0.8375 0.16 0.06833333333333333
4 0.6158333333333333 0.075 0.515 0.13
4 0.4708333333333333 0.9283333333333333 0.6083333333333333 0.12666666666666668
1 0.8077669816666667 0.355 0.9783333333333334 0.2225716266666667 0.9783333333333334 0.22172100333333333 0.36169038 0.23438251333333332 0.211835795 0.34658366166666665 0.7325858266666666 0.355 0.8077669816666667 0.355
1 0.71440656 0.7983333333333333 0.74199775 0.7983333333333333 0.9049579433333335 0.66070169 0.20055531166666665 0.6648570333333333 0.042231511666666666 0.7967951050000001 0.71440656 0.7983333333333333
2 0.4824614916666667 0.5766666666666667 0.8366666666666667 0.49948319166666666 0.8366666666666667 0.49927566 0.5585459300000001 0.4145383833333333 0.18360723499999998 0.5051990783333333 0.47224695499999997 0.5766666666666667 0.4824614916666667 0.5766666666666667