4 0.31166666666666665 0.05583333333333333 0.49666666666666665 0.09833333333333333
0 0.2875 0.13333333333333333 0.095 0.05
1 0.2833333333333333 0.19666666666666666 0.5166666666666667 0.09
0 0.29833333333333334 0.26416666666666666 0.07 0.04
3 0.31583333333333335 0.33 0.45166666666666666 0.10333333333333333
5 0.3225 0.06166666666666667 0.30666666666666664 0.04666666666666667
0 0.32083333333333336 0.4091666666666667 0.09333333333333334 0.07
5 0.2675 0.1975 0.3416666666666667 0.05
5 0.36083333333333334 0.3075 0.21166666666666667 0.03833333333333333
5 0.3575 0.3491666666666667 0.21833333333333332 0.03833333333333333
3 0.2808333333333333 0.485 0.475 0.08333333333333333
0 0.675 0.5416666666666666 0.3566666666666667 0.12333333333333334
0 0.2758333333333333 0.5541666666666667 0.07 0.07166666666666667
3 0.8141666666666667 0.6425 0.33166666666666667 0.085
0 0.5258333333333334 0.6483333333333333 0.23833333333333334 0.023333333333333334
2 0.26 0.6491666666666667 0.32 0.125
0 0.2775 0.745 0.075 0.06333333333333334
1 0.3225 0.815 0.4666666666666667 0.07333333333333333
0 0.2941666666666667 0.88 0.07 0.05
4 0.32 0.9441666666666667 0.49 0.09166666666666666
5 0.3258333333333333 0.9341666666666667 0.215 0.041666666666666664
5 0.3333333333333333 0.8133333333333334 0.31333333333333335 0.04666666666666667
5 0.2525 0.6408333333333334 0.18166666666666667 0.03333333333333333
5 0.5266666666666666 0.6241666666666666 0.10666666666666667 0.028333333333333332
5 0.15 0.7316666666666667 0.14333333333333334 0.03
5 0.28583333333333333 0.485 0.325 0.04
5 0.7983333333333333 0.645 0.28 0.03333333333333333