4 0.03333333333333333 0.4741666666666667 0.04666666666666667 0.085
4 0.9583333333333334 0.48 0.06333333333333334 0.10666666666666667
3 0.6683333333333333 0.4841666666666667 0.08333333333333333 0.43333333333333335
3 0.5075 0.48833333333333334 0.10666666666666667 0.47333333333333333
3 0.37 0.44166666666666665 0.10666666666666667 0.4
3 0.1175 0.51 0.065 0.56
0 0.37083333333333335 0.8116666666666666 0.3383333333333333 0.17
0 0.5066666666666667 0.17166666666666666 0.6133333333333333 0.10333333333333333
0 0.5916666666666667 0.46416666666666667 0.07666666666666666 0.058333333333333334
0 0.7283333333333334 0.46 0.06333333333333334 0.056666666666666664
0 0.8925 0.47583333333333333 0.06666666666666667 0.051666666666666666
0 0.3016666666666667 0.5058333333333334 0.05333333333333334 0.03666666666666667
0 0.43833333333333335 0.48 0.043333333333333335 0.03666666666666667
0 0.15333333333333332 0.47 0.03 0.05
5 0.21916666666666668 0.4841666666666667 0.04833333333333333 0.39166666666666666
5 0.36583333333333334 0.4375 0.07833333333333334 0.33
5 0.485 0.4666666666666667 0.03333333333333333 0.4
5 0.5258333333333334 0.48333333333333334 0.03833333333333333 0.43
5 0.6616666666666666 0.47333333333333333 0.043333333333333335 0.36333333333333334
5 0.7933333333333333 0.4866666666666667 0.02666666666666667 0.4
5 0.8816666666666667 0.5716666666666667 0.03666666666666667 0.11333333333333333
5 0.6025 0.030833333333333334 0.041666666666666664 0.06166666666666667
5 0.29583333333333334 0.9566666666666667 0.058333333333333334 0.07666666666666666
5 0.3 0.5775 0.03666666666666667 0.09666666666666666
5 0.11583333333333333 0.3016666666666667 0.035 0.09333333333333334
5 0.11833333333333333 0.5566666666666666 0.03 0.37333333333333335
2 0.22333446166666665 0.775 0.275 0.52804079 0.275 0.52233273 0.249884015 0.317054065 0.22649470833333335 0.205 0.22637393500000003 0.205 0.19983560333333333 0.2624956583333333 0.16351253666666668 0.4639494433333333 0.185992385 0.635051085 0.22317116166666665 0.775 0.22333446166666665 0.775
2 0.7915311349999999 0.745 0.8001721533333334 0.7414862750000001 0.85 0.47487399999999996 0.85 0.473671735 0.816817805 0.28523731333333335 0.8013201616666666 0.22642073999999998 0.7854992883333334 0.21666666666666667 0.7843743816666667 0.21666666666666667 0.7628630283333334 0.3667403766666667 0.7628630283333334 0.41295346499999996 0.7594191083333333 0.4507641516666666 0.7760647083333333 0.669225875 0.789716525 0.745 0.7915311349999999 0.745