5 0.8458333333333333 0.0575 0.14 0.049166666666666664
5 0.8033333333333333 0.2125 0.15833333333333333 0.0375
5 0.8041666666666667 0.33666666666666667 0.13666666666666666 0.04666666666666667
5 0.7725 0.4608333333333333 0.17666666666666667 0.02666666666666667
5 0.7758333333333334 0.605 0.14583333333333334 0.03916666666666667
5 0.8391666666666666 0.6858333333333333 0.09083333333333334 0.020833333333333332
5 0.4775 0.5783333333333334 0.06666666666666667 0.04083333333333333
5 0.15333333333333332 0.5983333333333334 0.20416666666666666 0.050833333333333335
5 0.8016666666666666 0.7833333333333333 0.14333333333333334 0.03333333333333333
5 0.7708333333333334 0.9516666666666667 0.16083333333333333 0.041666666666666664
4 0.8483333333333334 0.049166666666666664 0.2916666666666667 0.0975
4 0.7816666666666666 0.95 0.24916666666666668 0.08666666666666667
0 0.835 0.14166666666666666 0.051666666666666666 0.08833333333333333
0 0.8108333333333333 0.2708333333333333 0.051666666666666666 0.06416666666666666
0 0.7966666666666666 0.4058333333333333 0.0425 0.06166666666666667
0 0.7725 0.5233333333333333 0.06666666666666667 0.06916666666666667
0 0.7816666666666666 0.7116666666666667 0.06666666666666667 0.1125
0 0.7816666666666666 0.8591666666666666 0.06666666666666667 0.10666666666666667
0 0.3775 0.49166666666666664 0.5716666666666667 0.11833333333333333
0 0.47 0.6058333333333333 0.37416666666666665 0.0525
2 0.7725060833333334 0.56122449 0.6447688566666666 0.6017406966666666 0.80596107 0.6482593033333334 0.9032846716666667 0.5927370949999999 0.7725060833333334 0.56122449
1 0.69647202 0.7623049216666666 0.6447688566666666 0.8028211283333333 0.8789537716666667 0.80732293 0.9549878350000001 0.7698079233333334 0.69647202 0.7623049216666666
1 0.9549878350000001 0.18907563000000002 0.7177615566666666 0.18757503 0.678223845 0.23109243666666668 0.8819951333333333 0.23559423833333332 0.9549878350000001 0.18907563000000002
3 0.8 0.3408333333333333 0.20666666666666667 0.06916666666666667
3 0.785 0.4583333333333333 0.23083333333333333 0.043333333333333335
3 0.15166666666666667 0.5925 0.25583333333333336 0.075