4 0.12583333333333332 0.049166666666666664 0.15333333333333332 0.07916666666666666
4 0.9175 0.6766666666666666 0.10833333333333334 0.09
1 0.41835357666666667 0.4831932766666667 0.35762483166666664 0.6002400966666667 0.5431848850000001 0.5882352933333334 0.6207827266666667 0.47719087666666665 0.41835357666666667 0.4831932766666667
1 0.05566801666666667 0.8538415366666667 0.008434548333333333 0.9858943583333333 0.28171389999999996 0.9798919566666666 0.33063427833333336 0.8628451383333333 0.05566801666666667 0.8538415366666667
1 0.4925775983333333 0.8538415366666667 0.420040485 0.9753901566666667 0.703441295 0.9858943583333333 0.7540485833333334 0.8643457383333333 0.4925775983333333 0.8538415366666667
1 0.39642375166666666 0.654261705 0.35931174166666663 0.7563025216666667 0.5533063433333334 0.75030012 0.5937921733333333 0.6467587033333334 0.39642375166666666 0.654261705
2 0.14507422333333334 0.48769507833333336 0.07928475 0.5702280916666667 0.17037786833333332 0.5927370949999999 0.21592442666666667 0.55972389 0.14507422333333334 0.48769507833333336
2 0.16363023000000002 0.655762305 0.09109311666666667 0.718787515 0.21255060666666667 0.75330132 0.24797570833333335 0.69027611 0.16363023000000002 0.655762305
1 0.09278002666666667 0.14855942333333333 0.03711201 0.2566026416666667 0.222672065 0.25510204000000003 0.2783400816666667 0.151560625 0.09278002666666667 0.14855942333333333
5 0.12666666666666668 0.058333333333333334 0.105 0.045
5 0.1475 0.2175 0.16666666666666666 0.045
5 0.15083333333333335 0.38 0.1775 0.043333333333333335
5 0.27166666666666667 0.51 0.09416666666666666 0.04833333333333333
5 0.4691666666666667 0.5425 0.12833333333333333 0.06166666666666667
5 0.4725 0.7075 0.16833333333333333 0.043333333333333335
5 0.31666666666666665 0.6683333333333333 0.0825 0.05583333333333333
5 0.225 0.6225 0.0925 0.050833333333333335
5 0.15666666666666668 0.5475 0.0875 0.045
5 0.2475 0.8016666666666666 0.08583333333333333 0.0525
5 0.9208333333333333 0.6758333333333333 0.08083333333333333 0.0525
5 0.6025 0.9216666666666666 0.26666666666666666 0.11083333333333334
5 0.16833333333333333 0.9241666666666667 0.26 0.09583333333333334
3 0.15583333333333332 0.37333333333333335 0.23416666666666666 0.11666666666666667
0 0.7191666666666666 0.6991666666666667 0.27166666666666667 0.050833333333333335
0 0.7883333333333333 0.5683333333333334 0.3491666666666667 0.10666666666666667
0 0.8575 0.8566666666666667 0.2275 0.20416666666666666
0 0.9383333333333334 0.7558333333333334 0.06416666666666666 0.04083333333333333
0 0.16916666666666666 0.7908333333333334 0.049166666666666664 0.08416666666666667
0 0.30583333333333335 0.6891666666666667 0.11 0.049166666666666664
0 0.16833333333333333 0.6266666666666667 0.04083333333333333 0.04666666666666667
0 0.2783333333333333 0.5583333333333333 0.10083333333333333 0.06333333333333334
0 0.155 0.4625 0.05416666666666667 0.035833333333333335
0 0.14 0.2975 0.0775 0.06916666666666667
0 0.1425 0.13 0.07916666666666666 0.04666666666666667