2 0.38633803499999997 0.42674866499999997 0.3847990916666667 0.42456983 0.2960164933333333 0.4987994116666667 0.39849679 0.56284452 0.4922923183333333 0.4987994116666667 0.38633803499999997 0.42674866499999997
2 0.6225638483333333 0.6765246216666667 0.68856801 0.604473875 0.5977794683333334 0.5641791116666667 0.516609565 0.6332941616666666 0.6225638483333333 0.6765246216666667
1 0.5148726366666667 0.10972539500000002 0.502062935 0.09843937833333333 0.31164910333333334 0.13374231 0.25259265 0.22020326 0.47318572166666667 0.19618634499999998 0.5148726366666667 0.10972539500000002
1 0.056316825 0.6941493099999999 0.05906619333333333 0.6946778733333333 0.0007343583333333333 0.8238405683333334 0.23696004 0.819037135 0.2994903483333333 0.6829412816666667 0.056316825 0.6941493099999999
1 0.32728171333333334 0.7069581966666667 0.3220708 0.7101605866666667 0.29080557833333337 0.8414529483333333 0.5513486383333334 0.819037135 0.6156160066666666 0.6893458183333333 0.32728171333333334 0.7069581966666667
1 0.6764093866666667 0.7341774416666667 0.8101547716666667 0.7341774416666667 0.9456372150000001 0.7261718033333333 0.9942719733333333 0.6204973383333333 0.7302550583333333 0.6429130900000001 0.6764093866666667 0.7341774416666667
1 0.92131997 0.9006946233333334 0.98037629 0.7854134783333333 0.6670106233333333 0.8029685533333334 0.6208267883333334 0.9295149716666666 0.92131997 0.9006946233333334
4 0.37833333333333335 0.04416666666666667 0.14416666666666667 0.08333333333333333
4 0.43 0.955 0.2 0.08916666666666667
3 0.3933333333333333 0.31416666666666665 0.22583333333333333 0.1
0 0.3825 0.1025 0.04666666666666667 0.05583333333333333
0 0.3958333333333333 0.24083333333333334 0.0575 0.060833333333333336
0 0.38166666666666665 0.3958333333333333 0.04083333333333333 0.08166666666666667
0 0.5541666666666667 0.5208333333333334 0.1475 0.09333333333333334
0 0.215 0.5858333333333333 0.17833333333333334 0.21416666666666667
0 0.22583333333333333 0.9016666666666666 0.255 0.18083333333333335
0 0.42083333333333334 0.8716666666666667 0.041666666666666664 0.10583333333333333
0 0.6708333333333333 0.9508333333333333 0.3258333333333333 0.085
0 0.8208333333333333 0.7616666666666667 0.0475 0.07833333333333334
0 0.7608333333333334 0.61 0.14 0.043333333333333335
0 0.4633333333333333 0.6566666666666666 0.14416666666666667 0.1
5 0.36916666666666664 0.041666666666666664 0.0825 0.034166666666666665
5 0.39916666666666667 0.17333333333333334 0.15833333333333333 0.065
5 0.4008333333333333 0.32 0.17166666666666666 0.05583333333333333
5 0.395 0.4825 0.09416666666666666 0.04833333333333333
5 0.5433333333333333 0.46416666666666667 0.065 0.050833333333333335
5 0.21916666666666668 0.4708333333333333 0.05583333333333333 0.0525
5 0.1725 0.7566666666666667 0.1875 0.0725
5 0.44916666666666666 0.7608333333333334 0.2425 0.06833333333333333
5 0.425 0.9591666666666666 0.09666666666666666 0.06
5 0.8208333333333333 0.845 0.2425 0.10416666666666667
5 0.8491666666666666 0.6716666666666666 0.21666666666666667 0.1025
5 0.7458333333333333 0.5783333333333334 0.08 0.04666666666666667
5 0.47 0.5941666666666666 0.06166666666666667 0.043333333333333335
5 0.5941666666666666 0.6166666666666667 0.08833333333333333 0.04