5 0.8266666666666667 0.9025 0.1 0.12
5 0.8125 0.595 0.115 0.13666666666666666
5 0.15166666666666667 0.11166666666666666 0.1 0.09666666666666666
5 0.1375 0.8716666666666667 0.10333333333333333 0.19
4 0.17333333333333334 0.09416666666666666 0.2866666666666667 0.175
4 0.8266666666666667 0.8925 0.25333333333333335 0.19666666666666666
0 0.8283333333333334 0.7425 0.05 0.09166666666666666
0 0.485 0.47 0.38333333333333336 0.8533333333333334
0 0.39 0.8575 0.18333333333333332 0.065
3 0.1675 0.8683333333333333 0.275 0.21666666666666667
5 0.16166666666666665 0.49166666666666664 0.12333333333333334 0.19
5 0.7991666666666667 0.16833333333333333 0.13833333333333334 0.22333333333333333
3 0.8358333333333333 0.17166666666666666 0.2816666666666667 0.24666666666666667
1 0.9379995700000001 0.445 0.7345099316666667 0.4813003033333334 0.7083333333333334 0.6767182916666666 0.7083333333333334 0.693846955 0.9623834450000001 0.66189186 0.9448712233333333 0.445 0.9379995700000001 0.445
1 0.31726587333333334 0.34833333333333333 0.05721727333333334 0.40854384666666665 0.04833333333333333 0.6077269833333333 0.04833333333333333 0.6082953833333333 0.32271976666666663 0.5629402183333334 0.32094490333333336 0.34833333333333333 0.31726587333333334 0.34833333333333333
0 0.8466666666666667 0.3925 0.07333333333333333 0.11833333333333333
0 0.16333333333333333 0.2841666666666667 0.08666666666666667 0.145
0 0.17333333333333334 0.685 0.09666666666666666 0.16333333333333333