5 0.8216666666666667 0.19583333333333333 0.24333333333333335 0.06166666666666667
5 0.8358333333333333 0.04666666666666667 0.11666666666666667 0.07333333333333333
5 0.8266666666666667 0.3525 0.22333333333333333 0.06833333333333333
5 0.8358333333333333 0.52 0.12666666666666668 0.056666666666666664
5 0.6466666666666666 0.46 0.10666666666666667 0.04666666666666667
5 0.4716666666666667 0.48833333333333334 0.18666666666666668 0.06
5 0.7258333333333333 0.6041666666666666 0.095 0.06166666666666667
5 0.7725 0.7016666666666667 0.09166666666666666 0.03666666666666667
5 0.6116666666666667 0.6566666666666666 0.11333333333333333 0.05
5 0.41 0.6841666666666667 0.21333333333333335 0.058333333333333334
5 0.07833333333333334 0.6566666666666666 0.09666666666666666 0.05
5 0.6941666666666667 0.7916666666666666 0.085 0.056666666666666664
5 0.7908333333333334 0.9058333333333334 0.2816666666666667 0.105
5 0.31916666666666665 0.9033333333333333 0.275 0.09666666666666666
0 0.8333333333333334 0.12166666666666667 0.06 0.06333333333333334
0 0.8425 0.2775 0.04666666666666667 0.07166666666666667
0 0.8241666666666667 0.43916666666666665 0.04833333333333333 0.04833333333333333
0 0.6258333333333334 0.5 0.135 0.03333333333333333
0 0.7891666666666667 0.6141666666666666 0.04 0.10833333333333334
0 0.7391666666666666 0.8083333333333333 0.025 0.11
0 0.555 0.92 0.16666666666666666 0.04
0 0.22083333333333333 0.6691666666666667 0.16333333333333333 0.041666666666666664
4 0.8325 0.04583333333333333 0.175 0.09166666666666666
4 0.07416666666666667 0.6583333333333333 0.11833333333333333 0.07666666666666666
3 0.8233333333333334 0.3541666666666667 0.3 0.11166666666666666
1 0.6666666666666666 0.14706922 0.734682355 0.236216965 0.97858821 0.24833333333333332 0.9918681616666667 0.24833333333333332 0.9225297016666667 0.15410926833333333 0.6666666666666666 0.146619435 0.6666666666666666 0.14706922
1 0.12666666666666668 0.8482889499999999 0.20231309833333333 0.9691272433333334 0.47311137333333336 0.9833333333333333 0.5062378833333333 0.9833333333333333 0.42120707166666665 0.8440177516666666 0.12666666666666668 0.84590692 0.12666666666666668 0.8482889499999999
1 0.5833333333333334 0.8471659016666666 0.6483374416666666 0.9642764733333333 0.92355705 0.9898786766666666 0.9714956316666666 0.9933333333333333 0.9894721266666666 0.9933333333333333 0.92646448 0.8719618499999999 0.5833333333333334 0.8443953433333333 0.5833333333333334 0.8471659016666666
2 0.6766666666666666 0.50782472 0.7880797183333333 0.5766666666666667 0.7936690983333333 0.5766666666666667 0.9403699116666666 0.5424108616666666 0.82668952 0.45861574499999996 0.6766666666666666 0.50688653 0.6766666666666666 0.50782472
1 0.25666666666666665 0.628598755 0.31604855666666665 0.72306876 0.570822755 0.7533333333333333 0.5718991583333334 0.7533333333333333 0.50646817 0.6484199283333334 0.25666666666666665 0.6256401333333333 0.25666666666666665 0.628598755
2 0.6633333333333333 0.7041229016666667 0.7275156616666666 0.755 0.7348932366666667 0.755 0.8555189316666667 0.7244145066666667 0.7865344550000001 0.6581635616666667 0.6633333333333333 0.7033766883333333 0.6633333333333333 0.7041229016666667
3 0.335 0.4626916083333333 0.37605545 0.5298353683333333 0.5589972766666667 0.54 0.5773823266666667 0.54 0.5566134916666666 0.4594292783333333 0.335 0.4610220883333333 0.335 0.4626916083333333
0 0.20333333333333334 0.5483333333333333 0.30666666666666664 0.16
0 0.10916666666666666 0.81 0.12833333333333333 0.22666666666666666