4 0.13333333333333333 0.0675 0.15333333333333332 0.10583333333333333
0 0.14166666666666666 0.22333333333333333 0.051666666666666666 0.18166666666666667
0 0.545 0.5125 0.48583333333333334 0.08
0 0.1725 0.7058333333333333 0.060833333333333336 0.17
0 0.4483333333333333 0.8916666666666667 0.335 0.058333333333333334
0 0.775 0.7508333333333334 0.04 0.15583333333333332
3 0.8275 0.6091666666666666 0.285 0.09833333333333333
3 0.805 0.9025 0.35833333333333334 0.15583333333333332
4 0.195 0.885 0.17166666666666666 0.14
5 0.075 0.7108333333333333 0.0775 0.06
5 0.14083333333333334 0.4741666666666667 0.17666666666666667 0.06416666666666666
5 0.465 0.4425 0.1225 0.08416666666666667
5 0.8175 0.6158333333333333 0.17166666666666666 0.07416666666666667
2 0.12915782 0.31212485 0.008846426666666667 0.49819928 0.175159235 0.6212485 0.30254777 0.49219687833333337 0.12915782 0.31212485