4 0.8491666666666666 0.06583333333333333 0.16833333333333333 0.13166666666666665
4 0.7666666666666667 0.9066666666666666 0.1475 0.18333333333333332
5 0.48833333333333334 0.255 0.17333333333333334 0.09
5 0.8216666666666667 0.32 0.22083333333333333 0.09166666666666666
5 0.8675 0.6266666666666667 0.14333333333333334 0.09666666666666666
5 0.17 0.5541666666666667 0.19583333333333333 0.08416666666666667
5 0.16833333333333333 0.6791666666666667 0.16333333333333333 0.07833333333333334
5 0.17583333333333334 0.2833333333333333 0.16333333333333333 0.07833333333333334
0 0.8333333333333334 0.15333333333333332 0.045 0.09333333333333334
0 0.7833333333333333 0.6433333333333333 0.07416666666666667 0.3933333333333333
0 0.42916666666666664 0.8475 0.585 0.18083333333333335
0 0.17583333333333334 0.42 0.08166666666666667 0.1425
0 0.4583333333333333 0.3275 0.3458333333333333 0.12166666666666667
3 0.15666666666666668 0.2866666666666667 0.27166666666666667 0.17166666666666666
3 0.16583333333333333 0.6141666666666666 0.31583333333333335 0.29083333333333333