1 0.2691860483333333 0.4666666666666667 0.433356605 0.3658562416666667 0.43833333333333335 0.10026841666666667 0.43833333333333335 0.023321795 0.43077408333333334 0.020426201666666664 0.27635186166666664 0.12836598 0.26835367666666665 0.4666666666666667 0.2691860483333333 0.4666666666666667
1 0.796116135 0.40166666666666667 0.9862075866666667 0.33391456833333333 0.9717887583333333 0.0045946933333333335 0.8313046483333333 0.09338821833333333 0.8259986533333333 0.08850796666666666 0.7909665849999999 0.40166666666666667 0.796116135 0.40166666666666667
1 0.757900115 0.9883333333333333 0.9797730250000001 0.877911415 0.9749668316666666 0.5185094166666667 0.77630773 0.59925608 0.7752224116666666 0.6113472066666668 0.75710214 0.9883333333333333 0.757900115 0.9883333333333333
2 0.6418400966666666 0.43666666666666665 0.7416666666666667 0.24718878166666666 0.7416666666666667 0.24342938499999997 0.64803277 0.02542619833333333 0.5288684133333333 0.2500109016666667 0.5310802616666667 0.25341675166666666 0.6413780816666667 0.43666666666666665 0.6418400966666666 0.43666666666666665
4 0.08916666666666667 0.2733333333333333 0.17833333333333334 0.30666666666666664
0 0.23166666666666666 0.2783333333333333 0.11 0.07333333333333333
0 0.4766666666666667 0.25083333333333335 0.13333333333333333 0.075
0 0.7708333333333334 0.26916666666666667 0.095 0.11
0 0.6891666666666667 0.6083333333333333 0.17833333333333334 0.3333333333333333
5 0.10083333333333333 0.2683333333333333 0.08833333333333333 0.18666666666666668
5 0.35333333333333333 0.25416666666666665 0.1 0.305
5 0.6358333333333334 0.24 0.08166666666666667 0.23333333333333334
5 0.6891666666666667 0.8058333333333333 0.075 0.09833333333333333
5 0.76 0.0675 0.09 0.12166666666666667
5 0.8916666666666667 0.215 0.10333333333333333 0.24666666666666667
5 0.8675 0.76 0.13166666666666665 0.28