5 0.1625 0.315 0.125 0.06333333333333334
5 0.5375 0.31833333333333336 0.16833333333333333 0.12666666666666668
5 0.13083333333333333 0.6108333333333333 0.17166666666666666 0.065
5 0.3475 0.5675 0.045 0.051666666666666666
5 0.5683333333333334 0.5883333333333334 0.1 0.06
5 0.9175 0.6108333333333333 0.07166666666666667 0.055
5 0.6041666666666666 0.8825 0.3016666666666667 0.065
5 0.5025 0.77 0.03166666666666667 0.05333333333333334
0 0.15416666666666667 0.17666666666666667 0.045 0.17333333333333334
0 0.33666666666666667 0.315 0.15666666666666668 0.043333333333333335
0 0.555 0.4583333333333333 0.03666666666666667 0.15666666666666668
0 0.42583333333333334 0.5908333333333333 0.005 0.005
0 0.3541666666666667 0.6183333333333333 0.23166666666666666 0.043333333333333335
0 0.5725 0.745 0.035 0.16666666666666666
0 0.76 0.5891666666666666 0.19 0.05
4 0.15916666666666668 0.0525 0.07833333333333334 0.105
3 0.545 0.31583333333333335 0.24333333333333335 0.16333333333333333
3 0.6058333333333333 0.9 0.36833333333333335 0.17333333333333334
3 0.92 0.605 0.15333333333333332 0.12
1 0.23601684833333333 0.3581707083333333 0.28 0.256266715 0.28 0.25423572 0.10587861333333334 0.26842959833333335 0.058333333333333334 0.36510722333333334 0.058333333333333334 0.36614791 0.23601684833333333 0.3581707083333333
2 0.5648122883333334 0.6716666666666666 0.56849584 0.6716666666666666 0.68 0.5764208916666667 0.68 0.5752189649999999 0.5638754866666666 0.51327543 0.465 0.58007925 0.465 0.5808730049999999 0.5648122883333334 0.6716666666666666
1 0.20685932833333331 0.6558227833333333 0.25 0.5527473900000001 0.25 0.551818995 0.06277166833333334 0.5543984866666667 0.011099696666666665 0.6683333333333333 0.015412383333333333 0.6683333333333333 0.20685932833333331 0.6558227833333333
0 0.8775 0.7775 0.18 0.265