2 0.5211376183333333 0.3466666666666667 0.7016666666666667 0.24920598 0.7016666666666667 0.24800193333333334 0.480820385 0.1689977 0.37982598 0.25448060333333333 0.518468245 0.3466666666666667 0.5211376183333333 0.3466666666666667
2 0.5616219216666667 0.6333333333333333 0.7766666666666666 0.5354823533333334 0.7766666666666666 0.5340623316666667 0.5251186033333334 0.4402209566666666 0.3697425933333333 0.5182053583333334 0.5602776133333333 0.6333333333333333 0.5616219216666667 0.6333333333333333
2 0.60597232 0.995 0.8233333333333334 0.9011042300000001 0.8233333333333334 0.8996413200000001 0.58415061 0.7909133166666668 0.4380971616666667 0.8838947216666666 0.60078641 0.995 0.60597232 0.995
4 0.4866666666666667 0.05416666666666667 0.2 0.08666666666666667
4 0.12583333333333332 0.5858333333333333 0.23833333333333334 0.08833333333333333
0 0.48333333333333334 0.13833333333333334 0.03333333333333333 0.07
0 0.5683333333333334 0.72 0.06 0.15
0 0.8191666666666667 0.4508333333333333 0.205 0.41833333333333333
0 0.0975 0.7675 0.11333333333333333 0.265
0 0.8916666666666667 0.83 0.14333333333333334 0.19666666666666666
0 0.8058333333333333 0.625 0.07 0.20666666666666667
0 0.5241666666666667 0.3933333333333333 0.04833333333333333 0.09333333333333334
5 0.47583333333333333 0.05333333333333334 0.11666666666666667 0.04666666666666667
5 0.5741666666666667 0.3933333333333333 0.051666666666666666 0.04666666666666667
5 0.12333333333333334 0.5866666666666667 0.16 0.05
5 0.5925 0.5341666666666667 0.2816666666666667 0.09333333333333334
5 0.6416666666666667 0.8866666666666667 0.28 0.08666666666666667
5 0.8566666666666667 0.8566666666666667 0.05333333333333334 0.043333333333333335
5 0.79 0.625 0.06 0.03333333333333333
5 0.9 0.6908333333333333 0.08 0.04666666666666667
5 0.625 0.7208333333333333 0.07 0.03833333333333333
5 0.785 0.2375 0.06333333333333334 0.041666666666666664
5 0.25666666666666665 0.9016666666666666 0.08 0.05
5 0.545 0.24 0.19 0.08