2 0.5777996099999999 0.3383333333333333 0.7366666666666667 0.25351908666666667 0.7366666666666667 0.2527578133333333 0.4648705666666667 0.19594481166666666 0.24775374333333333 0.27537437666666664 0.5704666683333334 0.3383333333333333 0.5777996099999999 0.3383333333333333
2 0.6666666666666666 0.8559219183333333 0.6666666666666666 0.8554007016666666 0.4398034983333333 0.7716666666666666 0.4367129316666667 0.7716666666666666 0.22578321833333334 0.8525455416666667 0.43512245166666663 0.8983333333333333 0.44122388333333334 0.8983333333333333 0.6666666666666666 0.8559219183333333
4 0.4558333333333333 0.03 0.095 0.05333333333333334
4 0.42916666666666664 0.9716666666666667 0.15166666666666667 0.056666666666666664
3 0.4775 0.13083333333333333 0.5333333333333333 0.10333333333333333
3 0.4875 0.44333333333333336 0.465 0.12
3 0.4725 0.5708333333333333 0.41333333333333333 0.105
3 0.475 0.6958333333333333 0.4033333333333333 0.10166666666666667
0 0.4483333333333333 0.06833333333333333 0.06 0.04
0 0.4683333333333333 0.18916666666666668 0.07666666666666666 0.065
0 0.4666666666666667 0.3566666666666667 0.07333333333333333 0.1
0 0.45166666666666666 0.5041666666666667 0.05 0.055
0 0.45416666666666666 0.6266666666666667 0.06 0.05333333333333334
0 0.45 0.7625 0.09333333333333334 0.045
0 0.43 0.915 0.06666666666666667 0.05333333333333334
0 0.165 0.5516666666666666 0.25 0.64
0 0.8416666666666667 0.43333333333333335 0.31666666666666665 0.4033333333333333
5 0.47333333333333333 0.13416666666666666 0.44333333333333336 0.035
5 0.5058333333333334 0.2658333333333333 0.3383333333333333 0.04666666666666667
5 0.47333333333333333 0.43833333333333335 0.3233333333333333 0.07333333333333333
5 0.4816666666666667 0.57 0.37666666666666665 0.07666666666666666
5 0.47333333333333333 0.6825 0.37333333333333335 0.06166666666666667
5 0.45 0.8516666666666667 0.33 0.04
5 0.925 0.43083333333333335 0.08333333333333333 0.06166666666666667
5 0.04666666666666667 0.5225 0.08666666666666667 0.06166666666666667
5 0.5108333333333334 0.9175 0.095 0.041666666666666664