5 0.5391666666666667 0.04666666666666667 0.49833333333333335 0.07333333333333333
5 0.5716666666666667 0.22083333333333333 0.48 0.06833333333333333
5 0.5325 0.4266666666666667 0.6633333333333333 0.06
5 0.5508333333333333 0.6375 0.6616666666666666 0.065
5 0.49 0.7966666666666666 0.83 0.06666666666666667
5 0.5433333333333333 0.9608333333333333 0.43333333333333335 0.055
0 0.5375 0.12916666666666668 0.095 0.08166666666666667
0 0.5925 0.30333333333333334 0.10166666666666667 0.06666666666666667
0 0.5675 0.5366666666666666 0.08 0.09333333333333334
0 0.5808333333333333 0.7158333333333333 0.08833333333333333 0.055
0 0.5191666666666667 0.8833333333333333 0.07666666666666666 0.08
4 0.56 0.049166666666666664 0.8766666666666667 0.09833333333333333
4 0.5016666666666667 0.9583333333333334 0.8533333333333334 0.08333333333333333
3 0.5416666666666666 0.4175 0.7766666666666666 0.14166666666666666
3 0.54 0.6166666666666667 0.78 0.10666666666666667
1 0.15166666666666667 0.17347615 0.30247873166666667 0.2816666666666667 0.3370149016666667 0.2816666666666667 0.9340285666666667 0.26649374833333334 0.7653904666666667 0.16626021166666669 0.15166666666666667 0.17195275166666665 0.15166666666666667 0.17347615
1 0.18149127 0.8466666666666667 0.9758607499999999 0.83758168 0.8586014166666667 0.749596915 0.018634976666666667 0.751070465 0.13472924666666666 0.8466666666666667 0.18149127 0.8466666666666667