4 0.15083333333333335 0.9341666666666667 0.16833333333333333 0.13166666666666665
4 0.23333333333333334 0.09333333333333334 0.14666666666666667 0.18333333333333332
5 0.5116666666666667 0.745 0.17333333333333334 0.09
5 0.17833333333333334 0.68 0.22 0.09333333333333334
5 0.1325 0.37333333333333335 0.14333333333333334 0.09666666666666666
5 0.83 0.44583333333333336 0.19666666666666666 0.085
5 0.8316666666666667 0.32083333333333336 0.16333333333333333 0.07833333333333334
5 0.8241666666666667 0.7166666666666667 0.16333333333333333 0.08
0 0.16666666666666666 0.8466666666666667 0.04666666666666667 0.09333333333333334
0 0.21666666666666667 0.3566666666666667 0.07333333333333333 0.3933333333333333
0 0.5708333333333333 0.1525 0.585 0.18166666666666667
0 0.8241666666666667 0.58 0.08166666666666667 0.14333333333333334
0 0.5416666666666666 0.6725 0.3466666666666667 0.12166666666666667
3 0.8433333333333334 0.7133333333333334 0.2733333333333333 0.17333333333333334
3 0.8341666666666666 0.3858333333333333 0.315 0.2916666666666667