4 0.6233333333333333 0.94 0.05333333333333334 0.1
4 0.33416666666666667 0.9508333333333333 0.045 0.085
3 0.6333333333333333 0.7158333333333333 0.17 0.13166666666666665
3 0.08083333333333333 0.4891666666666667 0.11833333333333333 0.175
3 0.27254127333333333 0.8283333333333334 0.27662356666666665 0.8283333333333334 0.45179218833333334 0.7932507766666667 0.44418452166666667 0.695 0.43912761333333333 0.695 0.27 0.7226357983333334 0.27 0.7638035533333333 0.27254127333333333 0.8283333333333334
3 0.8384693166666667 0.19016212000000002 0.9925836833333334 0.19590512166666668 0.9828207816666666 0.012129098333333335 0.8316666666666667 0.047654901666666666 0.8316666666666667 0.07461472833333332 0.8384693166666667 0.19016212000000002
3 0.265 0.04606969166666667 0.265 0.06584172666666666 0.269843095 0.19546841333333334 0.4533333333333333 0.18402048166666668 0.4533333333333333 0.1790919 0.4345234766666667 0.028333333333333332 0.4266899033333333 0.028333333333333332 0.265 0.04606969166666667
2 0.25833333333333336 0.5109356516666667 0.3387412833333333 0.5637401283333333 0.39592399 0.458930365 0.32861977666666664 0.37833333333333335 0.326935695 0.37833333333333335 0.25833333333333336 0.5096893716666667 0.25833333333333336 0.5109356516666667
1 0.724135285 0.5046584116666667 0.7485425383333333 0.376876645 0.56653417 0.388362645 0.5233333333333333 0.5224856383333333 0.5233333333333333 0.5246858816666666 0.724135285 0.5046584116666667
1 0.7085878666666666 0.16429349 0.7371792183333333 0.025025723333333336 0.5468026500000001 0.030768723333333334 0.5033333333333333 0.16708028 0.5033333333333333 0.1728306933333333 0.7085878666666666 0.16429349
1 0.006666666666666667 0.19754673833333333 0.14260111666666667 0.19186408166666666 0.19205275333333333 0.07166666666666667 0.17638677333333333 0.07166666666666667 0.051945606666666665 0.08561856833333334 0.006666666666666667 0.19414713833333333 0.006666666666666667 0.19754673833333333
5 0.6475 0.7125 0.135 0.045
5 0.35583333333333333 0.7641666666666667 0.155 0.055
5 0.08 0.49583333333333335 0.1 0.07166666666666667
5 0.33166666666666667 0.4825 0.09666666666666666 0.05333333333333334
5 0.6441666666666667 0.44583333333333336 0.14166666666666666 0.09833333333333333
5 0.3616666666666667 0.13166666666666665 0.16333333333333333 0.09
5 0.09833333333333333 0.13333333333333333 0.09666666666666666 0.09333333333333334
5 0.6158333333333333 0.10583333333333333 0.155 0.08833333333333333
5 0.9125 0.12166666666666667 0.12833333333333333 0.06
5 0.19833333333333333 0.5308333333333334 0.03 0.055
0 0.32083333333333336 0.6258333333333334 0.041666666666666664 0.058333333333333334
0 0.6291666666666667 0.8266666666666667 0.02 0.11666666666666667
0 0.3491666666666667 0.8708333333333333 0.028333333333333332 0.09833333333333333
0 0.3525 0.6291666666666667 0.03166666666666667 0.13333333333333333
0 0.6291666666666667 0.585 0.035 0.13666666666666666
0 0.465 0.4683333333333333 0.14333333333333334 0.04666666666666667
0 0.19916666666666666 0.495 0.11166666666666666 0.06666666666666667
0 0.08 0.30416666666666664 0.02666666666666667 0.21166666666666667
0 0.4791666666666667 0.1075 0.06666666666666667 0.03833333333333333
0 0.21833333333333332 0.12666666666666668 0.08666666666666667 0.043333333333333335
0 0.7716666666666666 0.0925 0.11333333333333333 0.06333333333333334
0 0.655 0.35026108666666667 0.6805404466666667 0.3872122516666667 0.91275802 0.22066523166666666 0.8508007083333333 0.20166666666666666 0.8457867316666666 0.20166666666666666 0.655 0.3496798683333333 0.655 0.35026108666666667