5 0.16583333333333333 0.22 0.1225 0.07333333333333333
5 0.47333333333333333 0.1825 0.1525 0.1125
5 0.5491666666666667 0.23083333333333333 0.0008333333333333334 0.013333333333333334
5 0.47333333333333333 0.295 0.15916666666666668 0.09
5 0.5025 0.40166666666666667 0.075 0.07666666666666666
5 0.1575 0.6016666666666667 0.2025 0.0925
5 0.3325 0.585 0.0225 0.03833333333333333
5 0.465 0.6266666666666667 0.07583333333333334 0.0825
5 0.4775 0.7283333333333334 0.021666666666666667 0.051666666666666666
5 0.5158333333333334 0.8775 0.44166666666666665 0.09833333333333333
5 0.9325 0.6025 0.07166666666666667 0.09666666666666666
0 0.32083333333333336 0.24 0.12833333333333333 0.041666666666666664
0 0.4691666666666667 0.49833333333333335 0.020833333333333332 0.09166666666666666
0 0.3333333333333333 0.6341666666666667 0.13083333333333333 0.05333333333333334
0 0.45 0.7308333333333333 0.020833333333333332 0.06666666666666667
0 0.695 0.6191666666666666 0.32083333333333336 0.06
0 0.09333333333333334 0.7416666666666667 0.024166666666666666 0.175
4 0.14166666666666666 0.04666666666666667 0.05333333333333334 0.09333333333333334
4 0.09333333333333334 0.8675 0.06166666666666667 0.075
3 0.4791666666666667 0.2808333333333333 0.19833333333333333 0.3408333333333333
3 0.5125 0.8758333333333334 0.4925 0.22
3 0.9233333333333333 0.6091666666666666 0.1375 0.14666666666666667
1 0.27992909833333335 0.16064251499999999 0.10913528333333335 0.15481322 0.06447757 0.268432095 0.205322895 0.29573874833333336 0.27992909833333335 0.16064251499999999
1 0.30642478 0.5242526200000001 0.056834028333333335 0.5373563233333333 0.005908206666666666 0.6694091966666667 0.23948836166666665 0.6579116549999999 0.30642478 0.5242526200000001
2 0.45842616166666666 0.5170666516666667 0.3880753116666667 0.6271551733333334 0.4542426466666667 0.7096506183333333 0.5407021766666666 0.6219818033333333 0.45842616166666666 0.5170666516666667
0 0.8566666666666667 0.7908333333333334 0.1925 0.22333333333333333