4 0.365 0.04416666666666667 0.21416666666666667 0.08583333333333333
4 0.08666666666666667 0.7458333333333333 0.15666666666666668 0.06333333333333334
0 0.3675 0.12833333333333333 0.05 0.06416666666666666
0 0.44166666666666665 0.40166666666666667 0.06166666666666667 0.11583333333333333
0 0.7791666666666667 0.6208333333333333 0.15166666666666667 0.26
0 0.7675 0.4275 0.4041666666666667 0.4891666666666667
0 0.145 0.8358333333333333 0.2 0.12333333333333334
0 0.8366666666666667 0.8083333333333333 0.2425 0.1425
5 0.35833333333333334 0.04583333333333333 0.145 0.049166666666666664
5 0.4 0.2525 0.21083333333333334 0.1125
5 0.47833333333333333 0.5675 0.32083333333333336 0.09583333333333334
5 0.9191666666666667 0.7133333333333334 0.125 0.034166666666666665
5 0.825 0.6283333333333333 0.05333333333333334 0.058333333333333334
5 0.9483333333333334 0.42083333333333334 0.08333333333333333 0.10083333333333333
5 0.49083333333333334 0.8708333333333333 0.3525 0.11583333333333333
5 0.5475 0.7433333333333333 0.043333333333333335 0.07666666666666666
5 0.1575 0.9091666666666667 0.08833333333333333 0.05416666666666667
2 0.35761809666666666 0.16956782666666667 0.19294743833333333 0.2626050416666667 0.4557551566666667 0.346638655 0.5671989350000001 0.23559423833333332 0.35761809666666666 0.16956782666666667
2 0.5123087166666667 0.6992797116666667 0.6387225550000001 0.6062424966666666 0.708582835 0.5237094833333333 0.43912175666666664 0.468187275 0.23619427833333334 0.5462184866666666 0.3043912183333333 0.6032412966666666 0.4274783766666667 0.6452581033333333 0.5123087166666667 0.6992797116666667
2 0.5522288750000001 0.9918967583333334 0.643712575 0.904861945 0.721889555 0.8313325333333332 0.528942115 0.7998199283333333 0.4807052566666667 0.7923169266666666 0.24783765833333335 0.8598439383333334 0.40086493666666667 0.9228691483333333 0.5189620766666667 0.967887155 0.5522288750000001 0.9918967583333334