5 0.42 0.03333333333333333 0.16333333333333333 0.06666666666666667
5 0.41 0.18416666666666667 0.23583333333333334 0.06333333333333334
5 0.4033333333333333 0.3325 0.23 0.060833333333333336
5 0.41083333333333333 0.47 0.07833333333333334 0.035
5 0.31083333333333335 0.45416666666666666 0.03333333333333333 0.03916666666666667
5 0.5158333333333334 0.43416666666666665 0.041666666666666664 0.043333333333333335
5 0.4716666666666667 0.5725 0.03333333333333333 0.028333333333333332
5 0.7341666666666666 0.5558333333333333 0.0375 0.043333333333333335
5 0.5841666666666666 0.585 0.09166666666666666 0.049166666666666664
5 0.1475 0.6558333333333334 0.21833333333333332 0.06
5 0.48833333333333334 0.7275 0.245 0.041666666666666664
5 0.8575 0.6816666666666666 0.23833333333333334 0.07583333333333334
5 0.8266666666666667 0.84 0.24333333333333335 0.08833333333333333
5 0.445 0.95 0.10166666666666667 0.06
0 0.4116666666666667 0.10166666666666667 0.06333333333333334 0.08333333333333333
0 0.40166666666666667 0.25666666666666665 0.043333333333333335 0.08083333333333333
0 0.4041666666666667 0.4033333333333333 0.04083333333333333 0.07833333333333334
0 0.45166666666666666 0.84 0.043333333333333335 0.16666666666666666
0 0.83 0.755 0.03333333333333333 0.07
4 0.41583333333333333 0.04083333333333333 0.20083333333333334 0.08083333333333333
4 0.4625 0.9525 0.15333333333333332 0.07583333333333334
3 0.4083333333333333 0.3375 0.2733333333333333 0.07916666666666666
1 0.56013338 0.14686902000000002 0.29851990166666664 0.14237152666666666 0.2516496366666667 0.2220756083333333 0.525116205 0.23007630333333334 0.56013338 0.14686902000000002
1 0.6501771816666667 0.6829156966666666 0.3693975333333333 0.6722655483333333 0.33002113166666663 0.7549219633333333 0.606822735 0.7597224300000001 0.6501771816666667 0.6829156966666666
1 0.9886757366666665 0.64131204 0.7488013283333333 0.6362727466666667 0.7052040633333333 0.7069177866666666 0.9669984500000001 0.7197189483333333 0.9886757366666665 0.64131204
1 0.27999673999999997 0.636511635 0.04419428166666667 0.6202759466666666 0.016534898333333336 0.6845158116666668 0.24331223833333335 0.70211738 0.27999673999999997 0.636511635
1 0.9820056666666667 0.80292614 0.7133625116666668 0.7902419533333334 0.6551796716666667 0.87653252 0.93364873 0.8845332166666666 0.9820056666666667 0.80292614
2 0.590368975 0.5302939433333332 0.5051064983333333 0.5965081533333334 0.6084901883333333 0.636511635 0.6601821616666667 0.5837071733333333 0.590368975 0.5302939433333332
2 0.40672517166666666 0.4300937083333333 0.363143625 0.46030793999999997 0.413395115 0.49569939333333335 0.46508695999999994 0.46209649333333336 0.40672517166666666 0.4300937083333333
0 0.22583333333333333 0.5375 0.275 0.15416666666666667
0 0.5383333333333333 0.47833333333333333 0.14666666666666667 0.0675
0 0.7608333333333334 0.5933333333333334 0.19916666666666666 0.050833333333333335
0 0.6591666666666667 0.9391666666666667 0.28833333333333333 0.10166666666666667
0 0.26166666666666666 0.8375 0.20583333333333334 0.22583333333333333
0 0.45166666666666666 0.6233333333333333 0.09 0.07083333333333333