5 0.8775 0.12916666666666668 0.13833333333333334 0.12666666666666668
5 0.5016666666666667 0.16666666666666666 0.16333333333333333 0.08
5 0.8516666666666667 0.8416666666666667 0.25 0.1
5 0.4558333333333333 0.8608333333333333 0.25166666666666665 0.11166666666666666
5 0.11083333333333334 0.8483333333333334 0.10666666666666667 0.07666666666666666
0 0.6733333333333333 0.15083333333333335 0.15666666666666668 0.06166666666666667
0 0.325 0.16666666666666666 0.13666666666666666 0.07333333333333333
0 0.655 0.8508333333333333 0.12333333333333334 0.06166666666666667
0 0.26666666666666666 0.8525 0.10666666666666667 0.07
4 0.8725 0.11833333333333333 0.24166666666666667 0.225
4 0.11583333333333333 0.84 0.2 0.22333333333333333
3 0.13083333333333333 0.17083333333333334 0.25 0.25833333333333336
3 0.8541666666666666 0.8366666666666667 0.2816666666666667 0.28
0 0.5041666666666667 0.49583333333333335 0.7683333333333333 0.43833333333333335
1 0.36 0.04514966 0.4156109183333333 0.27 0.42404908 0.27 0.6316666666666667 0.2550138883333333 0.6316666666666667 0.25396998666666665 0.5663402716666667 0.043181746666666666 0.36 0.04216767166666666 0.36 0.04514966
1 0.28 0.727021475 0.33916680666666665 0.9733333333333334 0.3517036433333333 0.9733333333333334 0.6268403683333333 0.9448058616666667 0.5650335483333333 0.7225149633333333 0.28 0.7248803366666666 0.28 0.727021475