0 0.10166666666666667 0.18333333333333332 0.029166666666666667 0.10583333333333333
0 0.49083333333333334 0.13416666666666666 0.023333333333333334 0.06666666666666667
0 0.36083333333333334 0.5525 0.2225 0.05
0 0.6983333333333334 0.5041666666666667 0.12333333333333334 0.060833333333333336
0 0.8666666666666667 0.6183333333333333 0.08416666666666667 0.1925
0 0.7516666666666667 0.8183333333333334 0.08333333333333333 0.06833333333333333
0 0.49583333333333335 0.8666666666666667 0.049166666666666664 0.0525
0 0.23916666666666667 0.8716666666666667 0.07833333333333334 0.060833333333333336
0 0.1275 0.44 0.025 0.0975
0 0.12333333333333334 0.7475 0.08583333333333333 0.15666666666666668
0 0.5308333333333334 0.37583333333333335 0.034166666666666665 0.13333333333333333
3 0.2581095216666667 0.22515527999999999 0.02999651166666667 0.251552795 0.036972445 0.3742236016666667 0.2581095216666667 0.36024844666666667 0.2581095216666667 0.22515527999999999
3 0.6696895716666666 0.17080745333333333 0.42553191500000004 0.19409937833333332 0.42901988166666666 0.30745341666666665 0.6724799450000001 0.28416149 0.6696895716666666 0.17080745333333333
3 0.19811649833333334 0.8400621116666667 0.009766306666666667 0.8571428566666667 0.020927798333333334 0.986024845 0.19741890499999998 0.9487577633333333 0.19811649833333334 0.8400621116666667
3 0.5204046033333334 0.7934782616666667 0.5273805366666666 0.9208074533333334 0.7157307283333334 0.8726708066666666 0.7059644233333333 0.773291925 0.5204046033333334 0.7934782616666667
2 0.53017091 0.44409937833333335 0.46878269999999994 0.5574534166666667 0.571328915 0.6366459633333333 0.6438786183333334 0.51242236 0.53017091 0.44409937833333335
1 0.07185211 0.48602484500000004 0.026508545 0.6956521733333333 0.21834670333333336 0.6878881983333333 0.2581095216666667 0.479813665 0.07185211 0.48602484500000004
1 0.8224625050000001 0.726708075 0.7764213466666666 0.9316770183333334 0.9487268916666667 0.9177018633333334 0.9975584233333332 0.723602485 0.8224625050000001 0.726708075
1 0.2874084416666667 0.8167701866666667 0.2664806416666667 0.9565217383333333 0.4583188 0.9177018633333334 0.4806417866666666 0.8214285716666667 0.2874084416666667 0.8167701866666667
5 0.545 0.24083333333333334 0.22916666666666666 0.1025
5 0.13916666666666666 0.3075 0.19833333333333333 0.07416666666666667
5 0.5608333333333333 0.5258333333333334 0.12083333333333333 0.0575
5 0.5891666666666666 0.3825 0.049166666666666664 0.07916666666666666
5 0.6958333333333333 0.44166666666666665 0.0575 0.07
5 0.8266666666666667 0.4775 0.1075 0.07333333333333333
5 0.8883333333333333 0.8141666666666667 0.1225 0.15083333333333335
5 0.6141666666666666 0.835 0.1675 0.05583333333333333
5 0.37666666666666665 0.8608333333333333 0.17333333333333334 0.06333333333333334
5 0.1025 0.8933333333333333 0.1625 0.060833333333333336
5 0.1475 0.5758333333333333 0.1525 0.1425
4 0.10166666666666667 0.085 0.04083333333333333 0.09916666666666667
4 0.485 0.050833333333333335 0.045 0.085
5 0.10166666666666667 0.08333333333333333 0.0225 0.04833333333333333
5 0.48333333333333334 0.04833333333333333 0.0275 0.05