4 0.30416666666666664 0.07666666666666666 0.05416666666666667 0.13916666666666666
4 0.48333333333333334 0.06666666666666667 0.043333333333333335 0.125
3 0.5683333333333334 0.21916666666666668 0.25416666666666665 0.16666666666666666
3 0.31583333333333335 0.24583333333333332 0.21 0.14833333333333334
3 0.6591666666666667 0.8616666666666667 0.19583333333333333 0.14666666666666667
3 0.11833333333333333 0.9116666666666666 0.22916666666666666 0.17583333333333334
3 0.8975 0.5033333333333333 0.14583333333333334 0.19416666666666665
2 0.6096190133333333 0.37777777333333334 0.49587420666666665 0.5522053466666667 0.6585888166666667 0.6991538783333333 0.72987329 0.5135347533333333 0.6096190133333333 0.37777777333333334
1 0.38817260666666664 0.6682172983333333 0.4445219316666667 0.42705313666666667 0.23630561333333333 0.42265869333333334 0.19368992833333332 0.6740178966666667 0.38817260666666664 0.6682172983333333
1 0.31197920333333334 0.818357485 0.29209348 0.967914965 0.497423845 0.94857958 0.5136953066666666 0.8151658333333333 0.31197920333333334 0.818357485
1 0.80959576 0.7256038616666667 0.7810122383333333 0.9466459883333332 0.9716207816666668 0.9253771883333334 1 0.7010873833333333 0.80959576 0.7256038616666667
5 0.7558333333333334 0.4625 0.04416666666666667 0.07083333333333333
5 0.6475 0.3516666666666667 0.06 0.0875
5 0.5575 0.21833333333333332 0.20916666666666667 0.0925
5 0.4816666666666667 0.06166666666666667 0.025 0.07583333333333334
5 0.3016666666666667 0.0775 0.02666666666666667 0.07833333333333334
5 0.31166666666666665 0.22666666666666666 0.17333333333333334 0.07916666666666666
5 0.31166666666666665 0.55 0.16666666666666666 0.1475
5 0.4058333333333333 0.885 0.1825 0.06416666666666666
5 0.66 0.8625 0.1625 0.0875
5 0.6275 0.5333333333333333 0.14 0.1375
5 0.11666666666666667 0.9066666666666666 0.18166666666666667 0.10666666666666667
5 0.9 0.5075 0.10416666666666667 0.0975
5 0.8791666666666667 0.8191666666666667 0.13583333333333333 0.14666666666666667
0 0.89 0.6508333333333334 0.05416666666666667 0.18166666666666667
0 0.6033333333333334 0.33416666666666667 0.030833333333333334 0.13416666666666666
0 0.785 0.53 0.10583333333333333 0.095
0 0.5358333333333334 0.8983333333333333 0.06416666666666666 0.06166666666666667
0 0.7741666666666667 0.8441666666666666 0.0475 0.0575
0 0.2625 0.905 0.0825 0.06833333333333333
0 0.20833333333333334 0.7358333333333333 0.22 0.15916666666666668
0 0.4575 0.5533333333333333 0.07916666666666666 0.10666666666666667
0 0.325 0.3675 0.0425 0.13
0 0.48083333333333333 0.13833333333333334 0.019166666666666665 0.05416666666666667
0 0.30583333333333335 0.155 0.0175 0.0475