4 0.0925 0.2941666666666667 0.16833333333333333 0.135
4 0.8066666666666666 0.9275 0.175 0.11416666666666667
0 0.2475 0.29 0.10666666666666667 0.04666666666666667
0 0.6508333333333334 0.13333333333333333 0.4058333333333333 0.12
0 0.6291666666666667 0.2891666666666667 0.16583333333333333 0.058333333333333334
0 0.8375 0.4891666666666667 0.045 0.23083333333333333
0 0.8216666666666667 0.8075 0.050833333333333335 0.12333333333333334
1 0.36117647 0.20408163333333335 0.3152941183333333 0.3616446583333333 0.5094117650000001 0.36464585833333335 0.5529411766666666 0.22208883499999998 0.36117647 0.20408163333333335
1 0.7164705883333333 0.6182472983333334 0.6823529416666667 0.7382953183333334 0.9588235300000001 0.7217887150000001 0.9929411766666667 0.6092436966666667 0.7164705883333333 0.6182472983333334
5 0.6733333333333333 0.034166666666666665 0.1225 0.058333333333333334
5 0.44 0.2775 0.17416666666666666 0.08416666666666667
5 0.09666666666666666 0.2875 0.135 0.07333333333333333
5 0.8341666666666666 0.2816666666666667 0.1175 0.06166666666666667
5 0.9233333333333333 0.4666666666666667 0.10833333333333334 0.08083333333333333
5 0.8441666666666666 0.6666666666666666 0.2175 0.07166666666666667
5 0.8008333333333333 0.9375 0.11166666666666666 0.06333333333333334
2 0.8435294116666666 0.18607443 0.72 0.28661464666666664 0.8470588233333334 0.37665066 0.930588235 0.26860744333333336 0.8435294116666666 0.18607443