5 0.31666666666666665 0.55 0.06 0.61
5 0.5625 0.6091666666666666 0.04833333333333333 0.52
5 0.7583333333333333 0.54 0.056666666666666664 0.6433333333333333
0 0.19833333333333333 0.48833333333333334 0.11666666666666667 0.20333333333333334
0 0.4241666666666667 0.5125 0.10166666666666667 0.15166666666666667
0 0.6516666666666666 0.5183333333333333 0.07666666666666666 0.19666666666666666
0 0.8508333333333333 0.49916666666666665 0.09166666666666666 0.125
4 0.07416666666666667 0.4775 0.145 0.5083333333333333
4 0.94 0.49666666666666665 0.11333333333333333 0.4033333333333333
3 0.5433333333333333 0.5375 0.13666666666666666 0.8683333333333333
1 0.2512008083333333 0.025187648333333333 0.25707445 0.8550406933333333 0.3744855 0.9758766766666668 0.375 0.7107583183333334 0.375 0.14976023166666666 0.2512008083333333 0.025187648333333333
1 0.7027548633333334 0.82795032 0.8046832283333333 0.9870364183333333 0.8110876516666666 0.15654927166666666 0.6956712633333333 0.021666666666666667 0.6942256050000001 0.021666666666666667 0.7027548633333334 0.82795032