4 0.3441666666666667 0.03833333333333333 0.10166666666666667 0.07333333333333333
4 0.8716666666666667 0.9491666666666667 0.13 0.09166666666666666
3 0.37 0.295 0.2833333333333333 0.13333333333333333
3 0.4166666666666667 0.6666666666666666 0.44 0.09666666666666666
3 0.10166666666666667 0.5766666666666667 0.19666666666666666 0.08333333333333333
0 0.3466666666666667 0.08833333333333333 0.043333333333333335 0.06
0 0.3458333333333333 0.21916666666666668 0.06166666666666667 0.065
0 0.37333333333333335 0.38666666666666666 0.07 0.09333333333333334
0 0.3983333333333333 0.585 0.07666666666666666 0.09666666666666666
0 0.6908333333333333 0.61 0.3883333333333333 0.2866666666666667
0 0.8525 0.87 0.07833333333333334 0.07
0 0.13666666666666666 0.655 0.16666666666666666 0.09333333333333334
0 0.16583333333333333 0.49916666666666665 0.20666666666666667 0.08166666666666667
5 0.3541666666666667 0.15833333333333333 0.14333333333333334 0.04
5 0.36583333333333334 0.27416666666666667 0.21 0.043333333333333335
5 0.37166666666666665 0.3233333333333333 0.09166666666666666 0.03333333333333333
5 0.37833333333333335 0.49166666666666664 0.1 0.05333333333333334
5 0.7083333333333334 0.4475 0.10666666666666667 0.058333333333333334
5 0.08333333333333333 0.5758333333333333 0.07333333333333333 0.041666666666666664
5 0.4175 0.6625 0.37166666666666665 0.035
5 0.8483333333333334 0.7983333333333333 0.18666666666666668 0.04666666666666667
2 0.51 0.4885115083333333 0.51 0.48693266500000004 0.38708106000000003 0.4205445266666667 0.37874240833333334 0.4187677633333333 0.24754437666666665 0.49259527333333336 0.37974377833333334 0.5466666666666666 0.38145186833333333 0.5466666666666666 0.51 0.4885115083333333
1 0.2658533 0.11743972333333334 0.22067471500000002 0.19666666666666666 0.45012906500000005 0.19666666666666666 0.4766666666666667 0.10531383333333333 0.4766666666666667 0.10155739666666666 0.2658533 0.11743972333333334
1 0.995 0.736015595 0.7391608816666667 0.7614579466666667 0.7383954133333333 0.75477545 0.7091067933333333 0.8511210716666666 0.9430991083333333 0.8255030533333333 0.995 0.7387921033333333 0.995 0.736015595