5 0.36 0.9608333333333333 0.20333333333333334 0.058333333333333334
5 0.4 0.8108333333333333 0.24333333333333335 0.065
5 0.4058333333333333 0.6541666666666667 0.23833333333333334 0.09833333333333333
5 0.385 0.48833333333333334 0.30666666666666664 0.06333333333333334
5 0.82 0.49666666666666665 0.21 0.06
5 0.4533333333333333 0.32416666666666666 0.16 0.06166666666666667
5 0.18 0.18 0.24 0.04666666666666667
5 0.17583333333333334 0.05416666666666667 0.22833333333333333 0.075
0 0.37833333333333335 0.8891666666666667 0.056666666666666664 0.075
0 0.365 0.7375 0.05 0.075
0 0.38416666666666666 0.57 0.06833333333333333 0.07666666666666666
0 0.6333333333333333 0.4975 0.15 0.041666666666666664
0 0.15 0.13 0.056666666666666664 0.06333333333333334
4 0.36666666666666664 0.9575 0.31333333333333335 0.085
4 0.1825 0.051666666666666666 0.3566666666666667 0.10333333333333333
3 0.4041666666666667 0.6533333333333333 0.31333333333333335 0.13333333333333333
3 0.3858333333333333 0.49 0.35333333333333333 0.1
3 0.8425 0.5083333333333333 0.29833333333333334 0.07666666666666666
1 0.5666666666666667 0.8551399916666665 0.4821293783333333 0.78255227 0.2368955 0.7683333333333333 0.2339388483333333 0.7683333333333333 0.3114753383333333 0.8434586816666666 0.5666666666666667 0.8560998833333334 0.5666666666666667 0.8551399916666665
1 0.34 0.22513394 0.26782313 0.15507565833333334 0.005494178333333334 0.12666666666666668 0.002200493333333333 0.12666666666666668 0.06855434333333334 0.20336464166666665 0.34 0.22545264666666667 0.34 0.22513394
2 0.58 0.34381843166666665 0.4871103016666667 0.2683333333333333 0.4832217533333333 0.2683333333333333 0.29516259333333333 0.302952785 0.418514355 0.3699957516666667 0.58 0.34469849166666666 0.58 0.34381843166666665
0 0.84 0.45763242 0.8335314766666666 0.3383333333333333 0.74937564 0.3383333333333333 0.57850133 0.34047806166666666 0.5886822233333333 0.35312092333333334 0.8005036249999999 0.36768031833333337 0.7785232133333333 0.46528890999999994 0.84 0.45889547166666667 0.84 0.45763242
0 0.2866666666666667 0.30192854333333335 0.18056529333333332 0.2688255566666667 0.18496131000000002 0.21122056666666666 0.14379075166666666 0.20333333333333334 0.14318967166666666 0.20333333333333334 0.13660447 0.2880271166666667 0.2866666666666667 0.30227635 0.2866666666666667 0.30192854333333335
5 0.6741666666666667 0.38083333333333336 0.045 0.03833333333333333
5 0.22916666666666666 0.34 0.03833333333333333 0.03666666666666667