4 0.6008333333333333 0.04583333333333333 0.17833333333333334 0.065
4 0.4825 0.9641666666666666 0.12166666666666667 0.06166666666666667
0 0.6116666666666667 0.11166666666666666 0.04 0.05
0 0.6075 0.23 0.045 0.05
0 0.6041666666666666 0.3516666666666667 0.041666666666666664 0.04
0 0.815 0.5025 0.19 0.16666666666666666
0 0.4025 0.4483333333333333 0.15833333333333333 0.10666666666666667
0 0.48 0.5991666666666666 0.14666666666666667 0.09833333333333333
0 0.175 0.5675 0.13666666666666666 0.125
0 0.145 0.7483333333333333 0.05 0.04
0 0.2608333333333333 0.9583333333333334 0.3016666666666667 0.08333333333333333
0 0.7233333333333334 0.8491666666666666 0.35333333333333333 0.3016666666666667
3 0.6233333333333333 0.29 0.22 0.08666666666666667
2 0.49166666666666664 0.4341558 0.6026840166666667 0.48833333333333334 0.6050372983333333 0.48833333333333334 0.7017518933333333 0.44988009666666673 0.6122632566666667 0.37494004833333333 0.6151041666666667 0.370443645 0.49166666666666664 0.432606415 0.49166666666666664 0.4341558
2 0.25333333333333335 0.5535170366666667 0.32767306 0.6 0.33050166833333333 0.6 0.39717803166666665 0.5633573133333333 0.3517234833333333 0.503405275 0.25333333333333335 0.55234755 0.25333333333333335 0.5535170366666667
1 0.011666666666666667 0.6238818216666666 0.06822916666666666 0.717044365 0.2979166616666667 0.7516666666666667 0.30599621166666663 0.7516666666666667 0.23442234833333336 0.6406055166666667 0.011666666666666667 0.62126662 0.011666666666666667 0.6238818216666666
1 0.36833333333333335 0.6444605516666667 0.41570075833333336 0.726780575 0.6157772183333333 0.7416666666666667 0.63625221 0.7416666666666667 0.5847348483333333 0.6623321333333333 0.36833333333333335 0.6429309233333333 0.36833333333333335 0.6444605516666667
1 0.025 0.773770985 0.06684659 0.867967625 0.3193476883333333 0.9066666666666666 0.32098387333333334 0.9066666666666666 0.2742329533333333 0.805017985 0.025 0.7721455333333334 0.025 0.773770985
5 0.625 0.0425 0.09 0.041666666666666664
5 0.6016666666666667 0.17 0.15 0.02666666666666667
5 0.6175 0.29083333333333333 0.18166666666666667 0.051666666666666666
5 0.5983333333333334 0.42583333333333334 0.08333333333333333 0.035
5 0.3425 0.5491666666666667 0.051666666666666666 0.03833333333333333
5 0.4066666666666667 0.3858333333333333 0.07333333333333333 0.04666666666666667
5 0.7708333333333334 0.4216666666666667 0.06166666666666667 0.05
5 0.8575 0.6325 0.16333333333333333 0.035
5 0.5075 0.6991666666666667 0.2 0.03833333333333333
5 0.15833333333333333 0.6875 0.19666666666666666 0.07333333333333333
5 0.17333333333333334 0.84 0.22666666666666666 0.07333333333333333
5 0.48583333333333334 0.9625 0.08166666666666667 0.051666666666666666
5 0.45 0.5358333333333334 0.06666666666666667 0.051666666666666666
5 0.19166666666666668 0.5141666666666667 0.06333333333333334 0.06833333333333333