1 0.8823375833333333 0.43333333333333335 0.8001644933333334 0.478133275 0.7816666666666666 0.7570685316666667 0.7816666666666666 0.7621354466666667 0.8794234516666667 0.71869264 0.8843158849999999 0.43333333333333335 0.8823375833333333 0.43333333333333335
2 0.44166666666666665 0.5914176466666667 0.4136626 0.49830106999999996 0.37928232666666667 0.45 0.3778592233333333 0.45 0.34079897 0.51595057 0.31166666666666665 0.5585841149999999 0.31166666666666665 0.5696110283333333 0.31818605499999997 0.6306719166666667 0.3495928383333334 0.710094425 0.39607486166666667 0.6659709166666667 0.44166666666666665 0.5914402466666666 0.44166666666666665 0.5914176466666667
3 0.6926187066666666 0.455 0.6463659866666667 0.45601526499999995 0.6366666666666667 0.7103795983333333 0.6366666666666667 0.7526403266666667 0.7169219366666667 0.7583515200000001 0.7267429683333333 0.455 0.6926187066666666 0.455
3 0.496940025 0.445 0.48833333333333334 0.712528055 0.48833333333333334 0.7562739016666666 0.568249735 0.755927225 0.5836585216666667 0.44741464666666664 0.5243617266666667 0.445 0.496940025 0.445
3 0.55874262 0.013333333333333334 0.5012052766666667 0.014383166666666666 0.49166666666666664 0.23549853666666667 0.49166666666666664 0.24742465166666666 0.585167175 0.26 0.5856630083333333 0.26 0.5979025866666667 0.013333333333333334 0.55874262 0.013333333333333334
1 0.28827185666666666 0.67 0.18769757666666667 0.7345434466666667 0.18518865499999998 0.9883333333333333 0.18585966666666667 0.9883333333333333 0.289289985 0.9328092433333334 0.289454955 0.67 0.28827185666666666 0.67
5 0.8316666666666667 0.5983333333333334 0.07 0.21666666666666667
4 0.9608333333333333 0.6008333333333333 0.065 0.29833333333333334
5 0.9616666666666667 0.5991666666666666 0.056666666666666664 0.175
5 0.6833333333333333 0.595 0.07333333333333333 0.21
5 0.36833333333333335 0.5675 0.05333333333333334 0.18166666666666667
5 0.3983333333333333 0.31333333333333335 0.03333333333333333 0.06333333333333334
5 0.5416666666666666 0.13666666666666666 0.06 0.18333333333333332
5 0.23166666666666666 0.8316666666666667 0.04666666666666667 0.24333333333333335
5 0.056666666666666664 0.835 0.04666666666666667 0.19666666666666666
4 0.05416666666666667 0.8283333333333334 0.095 0.32
0 0.32083333333333336 0.7883333333333333 0.075 0.17833333333333334
0 0.15583333333333332 0.8416666666666667 0.075 0.10333333333333333
0 0.4275 0.26916666666666667 0.12166666666666667 0.31166666666666665
0 0.5375 0.3458333333333333 0.065 0.19166666666666668
0 0.6108333333333333 0.5966666666666667 0.06833333333333333 0.08
0 0.7583333333333333 0.6008333333333333 0.06666666666666667 0.06166666666666667
0 0.47 0.5966666666666667 0.056666666666666664 0.08
0 0.91 0.5958333333333333 0.06666666666666667 0.055