4 0.7925 0.0525 0.155 0.095
0 0.7883333333333333 0.14416666666666667 0.03833333333333333 0.095
0 0.7866666666666666 0.33166666666666667 0.04 0.08
0 0.7483333333333333 0.49833333333333335 0.043333333333333335 0.07333333333333333
0 0.4666666666666667 0.5975 0.19333333333333333 0.04833333333333333
0 0.6491666666666667 0.7608333333333334 0.06166666666666667 0.10166666666666667
0 0.9491666666666667 0.81 0.10166666666666667 0.37333333333333335
5 0.7941666666666667 0.24833333333333332 0.15166666666666667 0.07
5 0.7466666666666667 0.41083333333333333 0.19666666666666666 0.06666666666666667
5 0.7291666666666666 0.6225 0.285 0.065
5 0.47833333333333333 0.5541666666666667 0.09666666666666666 0.07
5 0.21166666666666667 0.5866666666666667 0.2833333333333333 0.11333333333333333
5 0.5891666666666666 0.76 0.06833333333333333 0.056666666666666664
5 0.6125 0.8633333333333333 0.3 0.10666666666666667
1 0.7858333333333334 0.24 0.24333333333333335 0.10666666666666667
2 0.7383333333333333 0.6266666666666667 0.36 0.16833333333333333
1 0.20833333333333334 0.5708333333333333 0.4166666666666667 0.175
3 0.61 0.8725 0.38 0.16333333333333333
5 0.7925 0.0575 0.11166666666666666 0.051666666666666666