3 0.19416666666666665 0.315 0.2991666666666667 0.18166666666666667
3 0.19333333333333333 0.8391666666666666 0.3383333333333333 0.2025
3 0.66 0.7466666666666667 0.28583333333333333 0.16916666666666666
3 0.6358333333333334 0.0925 0.20166666666666666 0.17833333333333334
2 0.36037252666666664 0.5469840883333333 0.18631547666666667 0.45106038000000004 0.006218469999999999 0.56205231 0.1017735 0.6197004549999999 0.18880196833333335 0.6537378683333334 0.36037252666666664 0.5469840883333333
0 0.19416666666666665 0.7075 0.05583333333333333 0.10583333333333333
0 0.19416666666666665 0.4175 0.09583333333333334 0.0825
0 0.4375 0.3125 0.19416666666666665 0.08916666666666667
0 0.6341666666666667 0.19416666666666665 0.06166666666666667 0.0675
0 0.8483333333333334 0.18416666666666667 0.21833333333333332 0.3075
0 0.6458333333333334 0.5125 0.1225 0.3225
0 0.5375 0.9075 0.31333333333333335 0.185
0 0.44583333333333336 0.6433333333333333 0.15916666666666668 0.24166666666666667
5 0.4475 0.25666666666666665 0.08416666666666667 0.07166666666666667
5 0.6425 0.10583333333333333 0.12 0.07583333333333334
5 0.6308333333333334 0.31083333333333335 0.1225 0.06833333333333333
5 0.9675 0.12333333333333334 0.065 0.0825
5 0.4741666666666667 0.5508333333333333 0.07833333333333334 0.09333333333333334
5 0.65 0.7375 0.20916666666666667 0.0875
5 0.17166666666666666 0.5533333333333333 0.23083333333333333 0.08833333333333333
5 0.19583333333333333 0.30583333333333335 0.24916666666666668 0.095
5 0.17083333333333334 0.8358333333333333 0.22916666666666666 0.08416666666666667
5 0.26166666666666666 0.6975 0.08083333333333333 0.07083333333333333