4 0.12833333333333333 0.050833333333333335 0.2325 0.08416666666666667
0 0.12416666666666666 0.14 0.03333333333333333 0.07666666666666666
0 0.12666666666666668 0.3441666666666667 0.025833333333333333 0.07166666666666667
3 0.5366666666666666 0.4583333333333333 0.2175 0.13833333333333334
0 0.335 0.45666666666666667 0.14833333333333334 0.045
0 0.7725 0.54 0.24916666666666668 0.20583333333333334
0 0.37666666666666665 0.7258333333333333 0.165 0.04666666666666667
0 0.7133333333333334 0.7183333333333334 0.1425 0.049166666666666664
0 0.17 0.8316666666666667 0.028333333333333332 0.08416666666666667
3 0.14916666666666667 0.4583333333333333 0.23 0.14
3 0.89 0.7183333333333334 0.19833333333333333 0.13333333333333333
5 0.14416666666666667 0.45666666666666667 0.12333333333333334 0.11083333333333334
5 0.5233333333333333 0.46166666666666667 0.16833333333333333 0.08583333333333333
5 0.12916666666666668 0.245 0.17083333333333334 0.06916666666666667
5 0.88 0.7216666666666667 0.14583333333333334 0.0675
5 0.16 0.7225 0.13916666666666666 0.05416666666666667
5 0.5516666666666666 0.7275 0.1125 0.06166666666666667
5 0.17 0.9483333333333334 0.13916666666666666 0.05583333333333333
5 0.5432172866666666 0.6441441433333334 0.46218487333333336 0.72972973 0.5477190883333334 0.7957957950000001 0.6422569033333334 0.7027027033333333 0.5432172866666666 0.6441441433333334
5 0.27911164499999996 0.18918919 0.040516206666666665 0.18618618666666667 0.018007203333333336 0.30330330333333333 0.23709483833333334 0.28978979 0.27911164499999996 0.18918919
5 0.09453781500000001 0.66066066 0.051020408333333336 0.7927927933333333 0.276110445 0.774774775 0.32713085166666667 0.6591591583333334 0.09453781500000001 0.66066066
4 0.16916666666666666 0.9516666666666667 0.2791666666666667 0.075