4 0.885 0.3775 0.23 0.15166666666666667
4 0.23666666666666666 0.9366666666666666 0.26 0.12333333333333334
0 0.735 0.3975 0.09333333333333334 0.07833333333333334
0 0.14666666666666667 0.30343740333333336 0.49552008833333333 0.24549445333333333 0.5671487816666666 0.30955871 0.5818614133333333 0.27115790833333336 0.5857721333333333 0.27752653499999996 0.5857721333333333 0.12136998833333335 0.15600049333333332 0.05730582666666667 0.14666666666666667 0.28650848333333334 0.14666666666666667 0.30343740333333336
2 0.13833333333333334 0.3925 0.2733333333333333 0.18166666666666667
0 0.35 0.3875 0.15333333333333332 0.08333333333333333
0 0.16166666666666665 0.5383333333333333 0.056666666666666664 0.15
0 0.19916666666666666 0.8116666666666666 0.075 0.13333333333333333
1 0.5516666666666666 0.385 0.27 0.19
1 0.18666666666666668 0.6808333333333333 0.2966666666666667 0.15333333333333332
5 0.3958333333333333 0.05333333333333334 0.14166666666666666 0.10666666666666667
5 0.875 0.38166666666666665 0.16 0.11333333333333333
5 0.5516666666666666 0.3875 0.18 0.10833333333333334
5 0.155 0.3925 0.13 0.09333333333333334
5 0.06833333333333333 0.5591666666666667 0.12333333333333334 0.085
5 0.195 0.6808333333333333 0.17666666666666667 0.09833333333333333
5 0.23583333333333334 0.925 0.13833333333333334 0.09666666666666666