4 0.465 0.050833333333333335 0.21 0.07833333333333334
4 0.9083333333333333 0.9 0.15 0.09
0 0.45416666666666666 0.13166666666666665 0.021666666666666667 0.07
0 0.13916666666666666 0.37583333333333335 0.03833333333333333 0.19833333333333333
0 0.21916666666666668 0.35 0.25166666666666665 0.24
0 0.49416666666666664 0.425 0.03666666666666667 0.07666666666666666
0 0.8475 0.6975 0.19 0.2916666666666667
0 0.14 0.7583333333333333 0.04666666666666667 0.37333333333333335
0 0.5183333333333333 0.7366666666666667 0.03666666666666667 0.04
2 0.35193191 0.27613545500000003 0.507645495 0.38117747166666666 0.6265763433333333 0.24012104833333334 0.52235859 0.19210184 0.44634093499999994 0.16058923500000002 0.35193191 0.27613545500000003
2 0.5296228833333333 0.715 0.5909154799999999 0.6994307716666667 0.6865505966666667 0.6349049616666667 0.7466666666666667 0.5789876350000001 0.7466666666666667 0.5766893933333334 0.6865505966666667 0.5163575433333333 0.5921415716666667 0.47884253666666665 0.5003377466666666 0.45666666666666667 0.4983627583333333 0.45666666666666667 0.39964525 0.5118557416666667 0.33343632333333334 0.5733803516666667 0.30523622666666667 0.62440076 0.41926271 0.654412765 0.5243074483333333 0.715 0.5296228833333333 0.715
2 0.7633333333333333 0.881412125 0.7102971216666667 0.8209273716666666 0.633053375 0.781911765 0.5177851683333333 0.7566666666666667 0.51625882 0.7566666666666667 0.38783513166666667 0.8644447783333333 0.32898275166666663 0.9484783916666667 0.6305027999999999 0.9883333333333333 0.6363045900000001 0.9883333333333333 0.7633333333333333 0.8832065733333333 0.7633333333333333 0.881412125
5 0.44583333333333336 0.058333333333333334 0.10666666666666667 0.06
5 0.4775 0.26416666666666666 0.16166666666666665 0.12333333333333334
5 0.115 0.5216666666666666 0.18333333333333332 0.056666666666666664
5 0.5233333333333333 0.5833333333333334 0.26666666666666666 0.13333333333333333
5 0.9091666666666667 0.8983333333333333 0.105 0.05
5 0.5558333333333333 0.88 0.27 0.11666666666666667
5 0.6108333333333333 0.7458333333333333 0.056666666666666664 0.06
5 0.22333333333333333 0.8925 0.07333333333333333 0.065
5 0.23833333333333334 0.2125 0.07333333333333333 0.07166666666666667
5 0.5575 0.42583333333333334 0.06833333333333333 0.07333333333333333
5 0.9583333333333334 0.7083333333333334 0.06 0.07666666666666666