5 0.45166666666666666 0.11416666666666667 0.3233333333333333 0.051666666666666666
5 0.4191666666666667 0.23916666666666667 0.255 0.045
5 0.5066666666666667 0.305 0.09333333333333334 0.03666666666666667
5 0.9516666666666667 0.375 0.09 0.05333333333333334
5 0.44583333333333336 0.38 0.2816666666666667 0.09
5 0.4675 0.53 0.3383333333333333 0.11
5 0.46 0.6883333333333334 0.2966666666666667 0.06
5 0.4683333333333333 0.8191666666666667 0.315 0.04833333333333333
5 0.5341666666666667 0.8925 0.105 0.041666666666666664
0 0.4058333333333333 0.06333333333333334 0.028333333333333332 0.03
0 0.4041666666666667 0.16583333333333333 0.055 0.055
0 0.44666666666666666 0.30916666666666665 0.03666666666666667 0.06833333333333333
0 0.44083333333333335 0.455 0.041666666666666664 0.056666666666666664
0 0.4375 0.6058333333333333 0.04833333333333333 0.035
0 0.43 0.7483333333333333 0.058333333333333334 0.03666666666666667
4 0.4125 0.03 0.085 0.04
4 0.43833333333333335 0.9083333333333333 0.043333333333333335 0.0033333333333333335
4 0.46416666666666667 0.9608333333333333 0.145 0.07833333333333334
3 0.45416666666666666 0.1175 0.36833333333333335 0.08166666666666667
3 0.4483333333333333 0.37666666666666665 0.3233333333333333 0.11333333333333333
3 0.4666666666666667 0.525 0.38 0.13
3 0.4658333333333333 0.6808333333333333 0.3416666666666667 0.10833333333333334
2 0.6233333333333333 0.23112630166666667 0.41075693333333335 0.18246940666666667 0.24722888333333334 0.24902430166666667 0.4558058116666667 0.285 0.46328861 0.285 0.6233333333333333 0.23182711000000003 0.6233333333333333 0.23112630166666667
2 0.6516468733333334 0.8172314716666667 0.4260314283333333 0.76251827 0.2891889933333333 0.8332424700000001 0.4500538266666666 0.8683333333333333 0.46436183833333333 0.8683333333333333 0.6516468733333334 0.8172314716666667
0 0.7666666666666667 0.37916666666666665 0.2866666666666667 0.325
0 0.19833333333333333 0.5458333333333333 0.19 0.6266666666666667
5 0.04666666666666667 0.5633333333333334 0.06666666666666667 0.05