2 0.30333333333333334 0.5597345166666666 0.24784614 0.4691666666666667 0.17996898833333333 0.42 0.17835069333333334 0.42 0.099286715 0.5608333333333333 0.14730592166666667 0.624375 0.20883053166666668 0.6691666666666667 0.25084733833333334 0.6160416666666667 0.30333333333333334 0.5598291666666666 0.30333333333333334 0.5597345166666666
2 0.5966666666666667 0.5318864383333334 0.4541748016666667 0.3433333333333333 0.45337427166666666 0.3433333333333333 0.3426580633333334 0.5541666666666667 0.3921778716666667 0.621875 0.48436929333333334 0.69 0.485662285 0.69 0.5966666666666667 0.5348615083333333 0.5966666666666667 0.5318864383333334
2 0.995 0.5050079816666667 0.83499376 0.2683333333333333 0.83387227 0.2683333333333333 0.7249569833333334 0.3946875 0.673936575 0.5123958333333334 0.85223744 0.7183333333333334 0.8527166233333333 0.7183333333333334 0.995 0.5052015733333334 0.995 0.5050079816666667
5 0.04416666666666667 0.5525 0.04666666666666667 0.08833333333333333
5 0.17833333333333334 0.7658333333333334 0.03666666666666667 0.03833333333333333
5 0.4483333333333333 0.8808333333333334 0.04 0.15833333333333333
5 0.4583333333333333 0.53 0.09333333333333334 0.21666666666666667
5 0.1975 0.555 0.09833333333333333 0.15
5 0.8183333333333334 0.49333333333333335 0.1 0.32666666666666666
5 0.6366666666666667 0.4816666666666667 0.07333333333333333 0.05
5 0.6133333333333333 0.034166666666666665 0.07333333333333333 0.04666666666666667
5 0.8091666666666667 0.08416666666666667 0.051666666666666666 0.115
5 0.7958333333333333 0.215 0.04833333333333333 0.06666666666666667
5 0.8333333333333334 0.7766666666666666 0.05 0.06666666666666667
4 0.04833333333333333 0.5533333333333333 0.08333333333333333 0.13333333333333333
0 0.2825 0.795 0.23 0.2633333333333333
0 0.7116666666666667 0.8266666666666667 0.45666666666666667 0.21333333333333335
0 0.6391666666666667 0.5225 0.075 0.035
0 0.5908333333333333 0.20083333333333334 0.365 0.29333333333333333
0 0.83 0.21583333333333332 0.056666666666666664 0.11666666666666667