4 0.35083333333333333 0.8708333333333333 0.20166666666666666 0.25166666666666665
4 0.9391666666666667 0.1675 0.10166666666666667 0.25166666666666665
5 0.35 0.8783333333333333 0.09333333333333334 0.12333333333333334
5 0.3516666666666667 0.45166666666666666 0.07 0.13333333333333333
5 0.0825 0.25916666666666666 0.055 0.085
5 0.34 0.0875 0.07333333333333333 0.09
5 0.5508333333333333 0.14416666666666667 0.07666666666666666 0.08
5 0.7225 0.1325 0.08166666666666667 0.12166666666666667
5 0.9441666666666667 0.16666666666666666 0.051666666666666666 0.08666666666666667
0 0.3491666666666667 0.645 0.04833333333333333 0.19
0 0.34833333333333333 0.26416666666666666 0.05 0.17166666666666666
0 0.5458333333333333 0.08583333333333333 0.18333333333333332 0.03
0 0.845 0.15416666666666667 0.08666666666666667 0.03833333333333333
0 0.155 0.41 0.22 0.04
1 0.259281265 0.3383333333333333 0.25479654 0.49772881 0.435 0.5645392633333334 0.435 0.5524640350000001 0.41676414666666667 0.3709737383333333 0.261722505 0.3383333333333333 0.259281265 0.3383333333333333
1 0.6483333333333333 0.021949883333333333 0.6568901216666667 0.19162896666666665 0.7948625283333333 0.25988169666666666 0.8033333333333333 0.09741502 0.8033333333333333 0.08704922 0.6483333333333333 0.013406548333333334 0.6483333333333333 0.021949883333333333
2 0.3532054783333333 0.0016666666666666668 0.22463707166666666 0.09640145666666666 0.3506118766666667 0.1724545 0.4533333333333333 0.09211895333333334 0.4533333333333333 0.090827495 0.35663375 0.0016666666666666668 0.3532054783333333 0.0016666666666666668