4 0.905 0.20416666666666666 0.15666666666666668 0.23166666666666666
5 0.9091666666666667 0.20583333333333334 0.115 0.11166666666666666
0 0.7675 0.20583333333333334 0.085 0.09833333333333333
1 0.605 0.21916666666666668 0.23333333333333334 0.265
5 0.5991666666666666 0.18583333333333332 0.155 0.12833333333333333
0 0.46 0.17 0.056666666666666664 0.07333333333333333
3 0.24416666666666667 0.21916666666666668 0.33166666666666667 0.385
5 0.23583333333333334 0.20833333333333334 0.2916666666666667 0.18333333333333332
0 0.5525 0.5608333333333333 0.7116666666666667 0.28
0 0.8766666666666667 0.6416666666666667 0.03333333333333333 0.09666666666666666
3 0.8191666666666667 0.8291666666666667 0.335 0.22833333333333333
5 0.82 0.8491666666666666 0.31333333333333335 0.16333333333333333
5 0.6166666666666667 0.8416666666666667 0.056666666666666664 0.08666666666666667
1 0.4141666666666667 0.8433333333333334 0.34833333333333333 0.2733333333333333
5 0.4125 0.8433333333333334 0.305 0.14333333333333334
5 0.34 0.8458333333333333 0.14666666666666667 0.11833333333333333
0 0.21 0.8708333333333333 0.08 0.11166666666666666
4 0.07416666666666667 0.8466666666666667 0.14166666666666666 0.20666666666666667
5 0.07916666666666666 0.8541666666666666 0.10333333333333333 0.115