4 0.12583333333333332 0.08416666666666667 0.20833333333333334 0.16833333333333333
4 0.8125 0.9216666666666666 0.20416666666666666 0.15666666666666668
3 0.16166666666666665 0.46166666666666667 0.30583333333333335 0.14166666666666666
3 0.15833333333333333 0.7508333333333334 0.20416666666666666 0.2075
1 0.2711570783333333 0.326073355 0.325059065 0.22514171 0.03587362166666667 0.21409472333333332 0 0.32767542 0.2711570783333333 0.326073355
1 0.9458946116666668 0.7682500466666666 0.99594644 0.67853313 0.7088372549999999 0.6514532483333333 0.6609841233333333 0.7538312183333333 0.9458946116666668 0.7682500466666666
2 0.48291494 0.38855486333333333 0.47918168666666666 0.39479479666666667 0.41072475999999997 0.49429273500000004 0.524304005 0.5599783733333333 0.5907189116666667 0.4734655866666666 0.48291494 0.38855486333333333
0 0.14416666666666667 0.20083333333333334 0.04666666666666667 0.05583333333333333
0 0.1575 0.36916666666666664 0.04666666666666667 0.08416666666666667
0 0.16333333333333333 0.5858333333333333 0.04 0.14083333333333334
0 0.3675 0.475 0.11583333333333333 0.07666666666666666
0 0.39416666666666667 0.6691666666666667 0.285 0.2275
0 0.8158333333333333 0.8091666666666667 0.06166666666666667 0.11666666666666667
5 0.12583333333333332 0.085 0.14083333333333334 0.11333333333333333
5 0.16166666666666665 0.27666666666666667 0.22166666666666668 0.08
5 0.165 0.4658333333333333 0.24833333333333332 0.07333333333333333
5 0.5058333333333334 0.48 0.1125 0.07
5 0.6641666666666667 0.415 0.10833333333333334 0.07583333333333334
5 0.3491666666666667 0.6866666666666666 0.12 0.07083333333333333
5 0.175 0.7008333333333333 0.13833333333333334 0.0675
5 0.17166666666666666 0.7775 0.12583333333333332 0.045
5 0.8308333333333333 0.7166666666666667 0.21666666666666667 0.08