4 0.06333333333333334 0.89 0.12333333333333334 0.21333333333333335
4 0.9458333333333333 0.16333333333333333 0.105 0.2
1 0.6558333333333334 0.15666666666666668 0.18833333333333332 0.2833333333333333
2 0.48833333333333334 0.49666666666666665 0.25666666666666665 0.22
1 0.5166666666666667 0.8625 0.17333333333333334 0.26166666666666666
3 0.2733333333333333 0.8591666666666666 0.14666666666666667 0.26166666666666666
1 0.7908333333333334 0.8208333333333333 0.21833333333333332 0.26
0 0.5033333333333333 0.675 0.06666666666666667 0.17333333333333334
0 0.16333333333333333 0.8858333333333334 0.09666666666666666 0.06166666666666667
0 0.38166666666666665 0.8791666666666667 0.13666666666666666 0.06166666666666667
0 0.6458333333333334 0.8366666666666667 0.125 0.07666666666666666
0 0.7958333333333333 0.5816666666666667 0.1 0.2833333333333333
0 0.49416666666666664 0.23333333333333334 0.14666666666666667 0.3
0 0.8108333333333333 0.16916666666666666 0.16666666666666666 0.08166666666666667
5 0.4866666666666667 0.49166666666666664 0.08333333333333333 0.14666666666666667
5 0.39916666666666667 0.2758333333333333 0.08833333333333333 0.135
5 0.6525 0.15416666666666667 0.07833333333333334 0.19166666666666668
5 0.7316666666666667 0.6025 0.08 0.16166666666666665
5 0.7883333333333333 0.8225 0.13666666666666666 0.185
5 0.5133333333333333 0.8575 0.1 0.18833333333333332
5 0.2708333333333333 0.875 0.08833333333333333 0.2
5 0.06583333333333333 0.9016666666666666 0.08166666666666667 0.14666666666666667
5 0.9341666666666667 0.16333333333333333 0.065 0.13