5 0.4583333333333333 0.0475 0.16 0.058333333333333334
5 0.4891666666666667 0.2125 0.16833333333333333 0.051666666666666666
5 0.49583333333333335 0.4191666666666667 0.11833333333333333 0.056666666666666664
5 0.2966666666666667 0.38166666666666665 0.16 0.04666666666666667
5 0.9325 0.525 0.125 0.06
5 0.8441666666666666 0.6991666666666667 0.17166666666666666 0.07333333333333333
5 0.14916666666666667 0.82 0.21333333333333335 0.06666666666666667
5 0.48 0.9583333333333334 0.12 0.03666666666666667
4 0.4683333333333333 0.04083333333333333 0.27 0.07666666666666666
4 0.49916666666666665 0.9566666666666667 0.30833333333333335 0.08333333333333333
3 0.16583333333333333 0.8208333333333333 0.31333333333333335 0.17166666666666666
3 0.855 0.6883333333333334 0.25666666666666665 0.17
0 0.49 0.12083333333333333 0.03666666666666667 0.08833333333333333
0 0.5033333333333333 0.29833333333333334 0.06666666666666667 0.09
0 0.2866666666666667 0.48583333333333334 0.22666666666666666 0.17
0 0.7433333333333333 0.515 0.32666666666666666 0.22333333333333333
0 0.17166666666666666 0.7175 0.07 0.10666666666666667
0 0.2375 0.9308333333333333 0.21833333333333332 0.08
0 0.745 0.8783333333333333 0.23333333333333334 0.24333333333333335
5 0.1675 0.62 0.18166666666666667 0.06
1 0.5960423683333333 0.27956451666666665 0.675 0.15930461 0.675 0.15788468166666667 0.41953276833333336 0.15947997166666666 0.40953091166666666 0.15258059833333334 0.34335496666666665 0.26515440500000004 0.5960423683333333 0.27956451666666665
1 0.26224005333333333 0.6766666666666666 0.26328314333333336 0.6766666666666666 0.3433333333333333 0.5606495300000001 0.3433333333333333 0.5582591883333333 0.09785452 0.5550779833333334 0.09802002833333333 0.5508593516666667 0.021676721666666666 0.6527468083333333 0.26224005333333333 0.6766666666666666
2 0.48499171666666663 0.49666666666666665 0.4873130333333333 0.49666666666666665 0.6066666666666667 0.42965638833333336 0.6066666666666667 0.42688016000000006 0.5008742766666666 0.3372853333333333 0.49506715333333334 0.33673441000000004 0.38567845166666664 0.4253473566666667 0.48499171666666663 0.49666666666666665