4 0.07916666666666666 0.5 0.15166666666666667 0.1225
1 0.24476987500000003 0.3814814816666667 0.20362622 0.6074074066666666 0.38842398833333336 0.5685185183333333 0.4267782433333333 0.355555555 0.24476987500000003 0.3814814816666667
1 0.7754532783333333 0.031481481666666665 0.7301255233333334 0.2 0.8695955366666668 0.14814814833333334 0.9002789400000001 0.014814815000000002 0.7754532783333333 0.031481481666666665
2 0.546722455 0.30740740666666666 0.5041841 0.4462962966666667 0.5725244066666666 0.5925925933333334 0.6624825666666666 0.38703703666666667 0.546722455 0.30740740666666666
0 0.7591666666666667 0.31833333333333336 0.18583333333333332 0.23
0 0.4558333333333333 0.46166666666666667 0.09333333333333334 0.0575
0 0.18833333333333332 0.4691666666666667 0.065 0.0725
0 0.6716666666666666 0.7733333333333333 0.25916666666666666 0.36083333333333334
1 0.8179916316666667 0.7537037033333334 0.7970711300000001 0.9685185183333335 0.9553695950000001 0.9277777783333333 0.9923291499999999 0.7462962966666666 0.8179916316666667 0.7537037033333334
5 0.825 0.09416666666666666 0.105 0.08166666666666667
5 0.07166666666666667 0.5008333333333334 0.09 0.07583333333333334
5 0.3175 0.48833333333333334 0.14916666666666667 0.10583333333333333
5 0.575 0.43083333333333335 0.10916666666666666 0.12
5 0.8875 0.8558333333333333 0.14416666666666667 0.11833333333333333
5 0.7325 0.31166666666666665 0.03166666666666667 0.0725
5 0.6083333333333333 0.795 0.019166666666666665 0.09416666666666666