5 0.6583333333333333 0.16833333333333333 0.08333333333333333 0.19666666666666666
5 0.65 0.5608333333333333 0.16666666666666666 0.16333333333333333
5 0.365 0.9066666666666666 0.06333333333333334 0.09
5 0.36833333333333335 0.5791666666666667 0.07333333333333333 0.10166666666666667
5 0.36083333333333334 0.1425 0.09 0.18833333333333332
5 0.0925 0.6466666666666666 0.07333333333333333 0.33
0 0.785 0.12916666666666668 0.12333333333333334 0.035
0 0.6508333333333334 0.3575 0.03666666666666667 0.18833333333333332
0 0.3575 0.3625 0.04833333333333333 0.25166666666666665
0 0.38333333333333336 0.7541666666666667 0.043333333333333335 0.17166666666666666
0 0.20333333333333334 0.5708333333333333 0.10666666666666667 0.021666666666666667
4 0.92 0.12 0.16 0.13
4 0.105 0.14583333333333334 0.11666666666666667 0.10166666666666667
3 0.6516666666666666 0.5608333333333333 0.19666666666666666 0.21833333333333332
3 0.08 0.6566666666666666 0.15 0.36
3 0.36833333333333335 0.915 0.13 0.15833333333333333
1 0.5816666666666667 0.24978134500000002 0.72776359 0.315 0.7299104016666667 0.315 0.7412060116666667 0.06921741333333334 0.598577055 0.014357888333333332 0.5816666666666667 0.24010105 0.5816666666666667 0.24978134500000002
1 0.2816666666666667 0.21442048333333333 0.41856140666666664 0.27 0.42325403666666667 0.27 0.44569161166666665 0.05864622666666667 0.29497215666666665 0.005942585 0.2816666666666667 0.19802790333333334 0.2816666666666667 0.21442048333333333
2 0.265 0.579688675 0.37731305833333334 0.6733333333333333 0.3774314366666667 0.6733333333333333 0.4558402566666667 0.5675332016666667 0.351768775 0.483828995 0.265 0.5772212433333334 0.265 0.579688675
0 0.06333333333333334 0.8160560333333333 0.06333333333333334 0.84165963 0.06578310166666666 0.9254726016666666 0.2720965716666667 0.9383333333333334 0.30253881666666665 0.9383333333333334 0.29954369666666664 0.9107013133333334 0.08979959666666668 0.9094702950000001 0.08731660833333332 0.8204341199999999 0.06333333333333334 0.8160560333333333
0 0.16 0.1575287016666667 0.1601922216666667 0.16166666666666665 0.24428571833333332 0.16166666666666665 0.2803547116666667 0.16092720500000002 0.28341926166666664 0.13240075166666665 0.16 0.12895964333333335 0.16 0.1575287016666667
0 0.5041666666666667 0.5741666666666667 0.12166666666666667 0.03166666666666667
5 0.4033333333333333 0.365 0.03333333333333333 0.03
5 0.22333333333333333 0.61 0.04666666666666667 0.03