2 0.709833795 0.47418967666666667 0.5193905816666666 0.5747298916666667 0.7479224383333334 0.6302521016666667 0.9279778399999999 0.5252100833333334 0.709833795 0.47418967666666667
1 0.9141274233333333 0.8013205283333333 0.9799168983333334 0.714285715 0.6090257083333334 0.7487287916666667 0.5332409966666667 0.8358343333333333 0.9141274233333333 0.8013205283333333
1 0.5574792249999999 0.17707082833333335 0.5124653733333333 0.24009603833333334 0.8240997233333334 0.23859543833333333 0.8829639883333334 0.15456182499999999 0.5574792249999999 0.17707082833333335
0 0.68 0.12833333333333333 0.08 0.0675
0 0.6891666666666667 0.2866666666666667 0.0625 0.075
0 0.30333333333333334 0.4525 0.42583333333333334 0.19916666666666666
0 0.43083333333333335 0.5875 0.1975 0.04666666666666667
0 0.7375 0.6758333333333333 0.09666666666666666 0.09166666666666666
4 0.6925 0.050833333333333335 0.3466666666666667 0.08416666666666667
5 0.715 0.04583333333333333 0.23166666666666666 0.049166666666666664
5 0.17333333333333334 0.6175 0.22833333333333333 0.0675
5 0.75 0.7808333333333334 0.23916666666666667 0.034166666666666665
5 0.7458333333333333 0.9425 0.17666666666666667 0.050833333333333335
5 0.8225 0.66 0.09333333333333334 0.06
5 0.7083333333333334 0.36583333333333334 0.2733333333333333 0.050833333333333335
5 0.45 0.5541666666666667 0.11083333333333334 0.0525
3 0.7133333333333334 0.3575 0.4083333333333333 0.07833333333333334
3 0.16416666666666666 0.6041666666666666 0.30083333333333334 0.1125