0 0.44166666666666665 0.1175 0.0775 0.0675
0 0.43916666666666665 0.26 0.06833333333333333 0.0675
0 0.4275 0.43083333333333335 0.056666666666666664 0.06333333333333334
0 0.6675 0.505 0.14916666666666667 0.0525
0 0.24833333333333332 0.7041666666666667 0.25 0.09916666666666667
0 0.14833333333333334 0.8775 0.07416666666666667 0.10166666666666667
0 0.715 0.6333333333333333 0.32916666666666666 0.15583333333333332
4 0.4325 0.04666666666666667 0.35 0.07833333333333334
4 0.16166666666666665 0.9558333333333333 0.2975 0.06583333333333333
1 0.1625 0.7958333333333333 0.27666666666666667 0.07666666666666666
1 0.45166666666666666 0.19 0.31583333333333335 0.08583333333333333
3 0.44416666666666665 0.3475 0.2783333333333333 0.10916666666666666
3 0.4483333333333333 0.5075 0.27666666666666667 0.09
2 0.45916666666666667 0.6733333333333333 0.16833333333333333 0.13083333333333333
3 0.8658333333333333 0.51 0.24 0.09583333333333334
5 0.4166666666666667 0.049166666666666664 0.20833333333333334 0.034166666666666665
5 0.44 0.19166666666666668 0.20666666666666667 0.041666666666666664
5 0.41333333333333333 0.3275 0.11166666666666666 0.043333333333333335
5 0.43083333333333335 0.37416666666666665 0.18333333333333332 0.034166666666666665
5 0.45416666666666666 0.5075 0.2425 0.050833333333333335
5 0.8591666666666666 0.5108333333333334 0.18166666666666667 0.049166666666666664
5 0.46 0.675 0.125 0.041666666666666664
5 0.6925 0.65 0.034166666666666665 0.045
5 0.2975 0.6383333333333333 0.0375 0.04666666666666667
5 0.15916666666666668 0.7933333333333333 0.20833333333333334 0.04083333333333333
5 0.16 0.9575 0.21 0.03916666666666667