4 0.9233333333333333 0.6958333333333333 0.14 0.055
4 0.9333333333333333 0.5166666666666667 0.12666666666666668 0.043333333333333335
3 0.7808333333333334 0.43166666666666664 0.16666666666666666 0.25333333333333335
3 0.7541666666666667 0.6841666666666667 0.14833333333333334 0.21
3 0.13833333333333334 0.3408333333333333 0.14666666666666667 0.195
3 0.08833333333333333 0.8816666666666667 0.17666666666666667 0.23
3 0.49666666666666665 0.1025 0.19333333333333333 0.145
2 0.6216666666666667 0.3904658166666667 0.48755240166666663 0.27166666666666667 0.4835195516666667 0.27166666666666667 0.3016666666666667 0.3415047683333333 0.3016666666666667 0.34292605666666665 0.44766216 0.5045853783333333 0.6216666666666667 0.391116455 0.6216666666666667 0.3904658166666667
1 0.5766666666666667 0.7320246066666667 0.572965705 0.5566666666666666 0.5681148733333333 0.5566666666666666 0.33177774 0.61188813 0.32666666666666666 0.7832523883333333 0.32666666666666666 0.806253905 0.5766666666666667 0.7638686616666667 0.5766666666666667 0.7320246066666667
1 0.17875879666666666 0.4866666666666667 0.05154668833333333 0.5021817616666666 0.03333333333333333 0.6955968316666666 0.03333333333333333 0.7073629366666666 0.18176878166666666 0.6876264033333334 0.18494846666666667 0.4866666666666667 0.17875879666666666 0.4866666666666667
1 0.2886264816666667 0.0016666666666666668 0.07492279333333333 0.028706431666666667 0.055 0.20725221833333335 0.055 0.21914092000000002 0.27469612 0.19073145333333333 0.29904013 0.0016666666666666668 0.2886264816666667 0.0016666666666666668
5 0.5375 0.24416666666666667 0.07166666666666667 0.045
5 0.6483333333333333 0.3525 0.08666666666666667 0.06
5 0.7816666666666666 0.4425 0.09333333333333334 0.20833333333333334
5 0.9383333333333334 0.5183333333333333 0.07666666666666666 0.023333333333333334
5 0.9225 0.6983333333333334 0.07833333333333334 0.02666666666666667
5 0.7733333333333333 0.6883333333333334 0.08 0.17333333333333334
5 0.45 0.6883333333333334 0.14666666666666667 0.16666666666666666
5 0.115 0.5941666666666666 0.06333333333333334 0.18166666666666667
5 0.1375 0.34 0.08833333333333333 0.16333333333333333
5 0.4666666666666667 0.3725 0.13666666666666666 0.14
5 0.09333333333333334 0.8833333333333333 0.10666666666666667 0.18
5 0.4925 0.1 0.09833333333333333 0.10333333333333333
5 0.18083333333333335 0.12083333333333333 0.14666666666666667 0.135
0 0.3491666666666667 0.11 0.18166666666666667 0.05333333333333334
0 0.6658333333333334 0.39666666666666667 0.135 0.03
0 0.47 0.215 0.09333333333333334 0.10666666666666667
0 0.10166666666666667 0.46416666666666667 0.06333333333333334 0.065
0 0.15583333333333332 0.22583333333333333 0.058333333333333334 0.04833333333333333
0 0.095 0.7375 0.07 0.08166666666666667
0 0.26416666666666666 0.7916666666666666 0.15833333333333333 0.22
0 0.44666666666666666 0.5425 0.10666666666666667 0.07833333333333334
0 0.6325 0.675 0.13 0.043333333333333335
0 0.8616666666666667 0.5191666666666667 0.05333333333333334 0.018333333333333333
0 0.845 0.6941666666666667 0.04666666666666667 0.018333333333333333