5 0.3416666666666667 0.8316666666666667 0.08333333333333333 0.19666666666666666
5 0.35 0.43916666666666665 0.16666666666666666 0.16333333333333333
5 0.635 0.09333333333333334 0.06333333333333334 0.09
5 0.6316666666666667 0.42083333333333334 0.07333333333333333 0.10166666666666667
5 0.6391666666666667 0.8575 0.09 0.18833333333333332
5 0.9075 0.35333333333333333 0.07333333333333333 0.33
0 0.215 0.8708333333333333 0.12333333333333334 0.035
0 0.3491666666666667 0.6425 0.03666666666666667 0.18833333333333332
0 0.6425 0.6375 0.04833333333333333 0.25166666666666665
0 0.6166666666666667 0.24583333333333332 0.043333333333333335 0.17166666666666666
0 0.7966666666666666 0.42916666666666664 0.10666666666666667 0.021666666666666667
4 0.08 0.88 0.16 0.13
4 0.895 0.8541666666666666 0.11666666666666667 0.10166666666666667
3 0.34833333333333333 0.43916666666666665 0.19666666666666666 0.21833333333333332
3 0.92 0.3433333333333333 0.15 0.36
3 0.6316666666666667 0.085 0.13 0.15666666666666668
1 0.27008959833333335 0.685 0.25879398833333334 0.9307825866666667 0.40142294500000003 0.9856421116666667 0.41833333333333333 0.75989895 0.41833333333333333 0.750218655 0.27223641 0.685 0.27008959833333335 0.685
1 0.5767459633333333 0.73 0.5543083883333334 0.9413537733333334 0.7050278433333333 0.994057415 0.7183333333333334 0.8019720966666667 0.7183333333333334 0.7855795166666667 0.5814385933333334 0.73 0.5767459633333333 0.73
2 0.6225685633333333 0.32666666666666666 0.5441597433333333 0.4324667983333333 0.648231225 0.516171005 0.735 0.4227787566666667 0.735 0.42031132499999996 0.6226869416666667 0.32666666666666666 0.6225685633333333 0.32666666666666666
0 0.9342168983333333 0.07452739833333334 0.7279034283333333 0.06166666666666667 0.6974611833333334 0.06166666666666667 0.7004563033333333 0.08929868666666667 0.9102004033333333 0.090529705 0.9126833916666667 0.17956588 0.9366666666666666 0.18394396666666668 0.9366666666666666 0.15834037 0.9342168983333333 0.07452739833333334
0 0.7557142816666667 0.8383333333333334 0.7196452883333333 0.839072795 0.7165807383333334 0.8675992483333332 0.84 0.8710403566666668 0.84 0.8424712983333333 0.8398077783333333 0.8383333333333334 0.7557142816666667 0.8383333333333334
0 0.49583333333333335 0.42583333333333334 0.12166666666666667 0.03166666666666667
5 0.5966666666666667 0.635 0.03333333333333333 0.03
5 0.7766666666666666 0.39 0.04666666666666667 0.03