1 0.41833333333333333 0.14788517333333334 0.45640947000000004 0.21333333333333335 0.6968765833333334 0.21333333333333335 0.643706585 0.14672632666666668 0.41833333333333333 0.14672632666666668 0.41833333333333333 0.14788517333333334
1 1 0.8914877916666668 0.9692816966666667 0.8135041933333333 0.665 0.8135041933333333 0.665 0.8152790466666666 0.7069258416666667 0.8823526116666667 0.9912510616666667 0.8916666666666667 1 0.8916666666666667 1 0.8914877916666668
2 0.385 0.7025426683333333 0.5249132833333333 0.77 0.5291733683333334 0.77 0.69322534 0.69733163 0.5472559149999999 0.6506526266666667 0.5504269350000001 0.6541012916666666 0.385 0.70189093 0.385 0.7025426683333333
4 0.5391666666666667 0.043333333333333335 0.22166666666666668 0.08666666666666667
4 0.8483333333333334 0.9616666666666667 0.20333333333333334 0.06666666666666667
3 0.12333333333333334 0.5175 0.24666666666666667 0.095
3 0.5691666666666667 0.365 0.2733333333333333 0.12333333333333334
3 0.5316666666666666 0.5333333333333333 0.35333333333333333 0.07666666666666666
0 0.7791666666666667 0.7658333333333334 0.20666666666666667 0.125
0 0.8441666666666666 0.9091666666666667 0.06166666666666667 0.05333333333333334
0 0.235 0.6408333333333334 0.31666666666666665 0.15833333333333333
0 0.5541666666666667 0.6141666666666666 0.09333333333333334 0.08666666666666667
0 0.30666666666666664 0.5316666666666666 0.12666666666666668 0.05
0 0.5708333333333333 0.465 0.08 0.07666666666666666
0 0.5516666666666666 0.26166666666666666 0.07333333333333333 0.08666666666666667
0 0.5383333333333333 0.1075 0.06333333333333334 0.07833333333333334
5 0.8441666666666666 0.9608333333333333 0.14833333333333334 0.04
5 0.775 0.6766666666666666 0.06333333333333334 0.03666666666666667
5 0.8408333333333333 0.8558333333333333 0.225 0.041666666666666664
5 0.35333333333333333 0.6758333333333333 0.06333333333333334 0.04666666666666667
5 0.5366666666666666 0.5325 0.2866666666666667 0.03166666666666667
5 0.5391666666666667 0.7091666666666666 0.21666666666666667 0.05333333333333334
5 0.12416666666666666 0.5175 0.195 0.03833333333333333
5 0.5675 0.33 0.115 0.03666666666666667
5 0.57 0.3858333333333333 0.20666666666666667 0.035
5 0.5358333333333334 0.18083333333333335 0.18833333333333332 0.045
5 0.5358333333333334 0.04583333333333333 0.145 0.055