4 0.5 0.07916666666666666 0.12333333333333334 0.15166666666666667
1 0.35794613166666667 0.4266666666666667 0.5691666666666667 0.38862622 0.6066666666666667 0.21042836166666667 0.6066666666666667 0.20408138333333334 0.38212963 0.24497210666666666 0.35624840333333335 0.4266666666666667 0.35794613166666667 0.4266666666666667
1 0.016813133333333334 0.9 0.14805555666666664 0.8697977683333332 0.19833333333333333 0.7345616683333334 0.19833333333333333 0.7307511466666667 0.03138889 0.77565551 0.014786468333333334 0.9 0.016813133333333334 0.9
2 0.3889013783333333 0.6616666666666666 0.5925925933333334 0.5725244066666666 0.4480428966666667 0.505 0.44363236166666664 0.505 0.30740740666666666 0.546722455 0.3864757916666667 0.6616666666666666 0.3889013783333333 0.6616666666666666
0 0.31833333333333336 0.7591666666666667 0.23 0.185
0 0.46166666666666667 0.4558333333333333 0.056666666666666664 0.09333333333333334
0 0.4691666666666667 0.18833333333333332 0.07166666666666667 0.06333333333333334
0 0.7733333333333333 0.6716666666666666 0.36 0.26
1 0.7520761783333333 0.9916666666666667 0.9276851850000001 0.9559030683333333 0.9666666666666667 0.8044402216666666 0.9666666666666667 0.797775935 0.7536111116666667 0.8185251050000001 0.7462545199999999 0.9916666666666667 0.7520761783333333 0.9916666666666667
5 0.09416666666666666 0.825 0.08166666666666667 0.105
5 0.5008333333333334 0.07166666666666667 0.075 0.09
5 0.48833333333333334 0.3175 0.10666666666666667 0.14833333333333334
5 0.43083333333333335 0.575 0.12 0.11
5 0.8558333333333333 0.8875 0.11833333333333333 0.145
5 0.31166666666666665 0.7325 0.07333333333333333 0.03166666666666667
5 0.795 0.6083333333333333 0.09333333333333334 0.02