4 0.07416666666666667 0.8416666666666667 0.12166666666666667 0.17833333333333334
4 0.9241666666666667 0.82 0.125 0.20666666666666667
0 0.245 0.8225 0.20666666666666667 0.06
0 0.4425 0.4041666666666667 0.12333333333333334 0.4266666666666667
0 0.7225 0.21916666666666668 0.15166666666666667 0.06
0 0.7075 0.7966666666666666 0.315 0.05333333333333334
0 0.9091666666666667 0.5891666666666666 0.06166666666666667 0.3016666666666667
3 0.575 0.22916666666666666 0.12666666666666668 0.325
3 0.88 0.22583333333333333 0.17666666666666667 0.4116666666666667
5 0.4425 0.7966666666666666 0.06833333333333333 0.19333333333333333
5 0.5658333333333333 0.27 0.07166666666666667 0.22333333333333333
5 0.8441666666666666 0.29583333333333334 0.051666666666666666 0.195
5 0.9166666666666666 0.265 0.06 0.21
5 0.7266666666666667 0.7166666666666667 0.08333333333333333 0.08
5 0.3475 0.37333333333333335 0.06833333333333333 0.11333333333333333
2 0.5516666666666666 0.7998335033333334 0.40615947166666666 0.605 0.405183075 0.605 0.352922415 0.833590865 0.44290442 0.990296405 0.5516666666666666 0.802031165 0.5516666666666666 0.7998335033333334