5 0.0375 0.6383333333333333 0.06666666666666667 0.10333333333333333
5 0.17333333333333334 0.6325 0.07 0.155
5 0.29083333333333333 0.6383333333333333 0.08 0.17666666666666667
5 0.5391666666666667 0.6591666666666667 0.07333333333333333 0.21166666666666667
5 0.5175 0.48583333333333334 0.04833333333333333 0.055
5 0.5533333333333333 0.18 0.1 0.2866666666666667
5 0.7766666666666666 0.21833333333333332 0.06666666666666667 0.11
5 0.685 0.6366666666666667 0.043333333333333335 0.056666666666666664
5 0.8525 0.6733333333333333 0.11166666666666666 0.32
0 0.10583333333333333 0.6366666666666667 0.04666666666666667 0.02
0 0.23416666666666666 0.6425 0.04833333333333333 0.03166666666666667
0 0.4 0.6566666666666666 0.10666666666666667 0.03666666666666667
0 0.7241666666666666 0.6816666666666666 0.115 0.03
0 0.6916666666666667 0.2075 0.11666666666666667 0.025
4 0.043333333333333335 0.6358333333333334 0.08666666666666667 0.14833333333333334
4 0.79 0.22 0.09 0.18
3 0.2966666666666667 0.6408333333333334 0.11333333333333333 0.235
3 0.8425 0.6666666666666666 0.15166666666666667 0.39
1 0.21044047166666668 0.5519881950000001 0.12303295333333333 0.5016666666666667 0.1224068 0.5016666666666667 0.13829438333333333 0.7244255716666667 0.21166666666666667 0.7539819083333333 0.21166666666666667 0.6296407300000001 0.21044047166666668 0.5519881950000001
1 0.6266666666666667 0.05651358833333333 0.49111676 0.005 0.48451047666666663 0.005 0.46882485333333335 0.33708093 0.6111138150000001 0.40580867833333334 0.6266666666666667 0.06667754833333334 0.6266666666666667 0.05651358833333333
2 0.665 0.6772842083333334 0.665 0.6732806966666667 0.5580565683333333 0.5416666666666666 0.553437135 0.5416666666666666 0.47949923833333336 0.5948752866666667 0.44449086000000004 0.6656199783333333 0.52753223 0.8091871366666668 0.665 0.6772842083333334
0 0.551341715 0.9776915233333333 0.5449373533333333 0.807163855 0.5123110616666667 0.8056302750000001 0.51611757 0.9926703450000001 0.9933333333333333 0.9926703450000001 0.9933333333333333 0.8467656716666666 0.9916558433333333 0.685 0.9179936350000001 0.685 0.9179936350000001 0.7023123666666667 0.9756332016666666 0.7023123666666667 0.9596222033333334 0.9661693800000001 0.551341715 0.9776915233333333
0 0.5653853483333333 0.37 0.5253718483333334 0.37 0.5299446566666667 0.5361586566666667 0.5666666666666667 0.538580475 0.5666666666666667 0.505548845 0.5653853483333333 0.37