5 0.14416666666666667 0.5175 0.06833333333333333 0.5016666666666667
5 0.24916666666666668 0.495 0.065 0.34
5 0.3416666666666667 0.5258333333333334 0.043333333333333335 0.056666666666666664
5 0.415 0.9625 0.05333333333333334 0.065
5 0.425 0.45916666666666667 0.09333333333333334 0.2783333333333333
5 0.5783333333333334 0.5258333333333334 0.07666666666666666 0.495
5 0.5683333333333334 0.04083333333333333 0.056666666666666664 0.07166666666666667
5 0.7066666666666667 0.4716666666666667 0.05333333333333334 0.37666666666666665
5 0.8183333333333334 0.55 0.06333333333333334 0.44
5 0.9108333333333334 0.5966666666666667 0.051666666666666666 0.08
0 0.07416666666666667 0.48833333333333334 0.06833333333333333 0.03
0 0.18416666666666667 0.4608333333333333 0.043333333333333335 0.045
0 0.3441666666666667 0.4866666666666667 0.08166666666666667 0.03666666666666667
0 0.5033333333333333 0.4583333333333333 0.06 0.04
0 0.6475 0.4775 0.041666666666666664 0.03833333333333333
0 0.7516666666666667 0.4766666666666667 0.04666666666666667 0.03666666666666667
0 0.9058333333333334 0.545 0.055 0.023333333333333334
4 0.0225 0.49166666666666664 0.045 0.06666666666666667
4 0.965 0.5441666666666667 0.07 0.08833333333333333
3 0.13166666666666665 0.5083333333333333 0.09 0.57
3 0.4275 0.4525 0.10666666666666667 0.34833333333333333
3 0.705 0.4683333333333333 0.08666666666666667 0.46
3 0.5766666666666667 0.5141666666666667 0.12666666666666668 0.555
2 0.30833333333333335 0.48501622499999997 0.24442456666666668 0.2909337183333333 0.18491063500000002 0.4638795433333333 0.248954655 0.6980350366666667 0.30833333333333335 0.49447520166666664 0.30833333333333335 0.48501622499999997
2 0.8165413933333334 0.81 0.8603695616666666 0.7311289083333333 0.885 0.54572623 0.885 0.53474046 0.8144475250000001 0.28073662166666663 0.7578992783333334 0.47729633499999996 0.8152279683333333 0.81 0.8165413933333334 0.81
0 0.264713705 0.9383333333333334 0.6056576266666667 0.8902820183333333 0.6066666666666667 0.8233120166666666 0.6066666666666667 0.783983925 0.5800399333333334 0.782058905 0.5768377216666667 0.8666697616666666 0.27903314 0.9001204833333333 0.26302214166666665 0.6954803833333333 0.23607899333333332 0.706091035 0.25651736666666664 0.9383333333333334 0.264713705 0.9383333333333334
0 0.25876771833333334 0.2966666666666667 0.26996918 0.15113854000000002 0.80793872 0.14917087833333334 0.8127419466666667 0.28494172333333334 0.8333333333333334 0.28494172333333334 0.8333333333333334 0.2611027033333333 0.831955215 0.11375234333333334 0.7070693899999999 0.09604307666666667 0.24114939833333332 0.11768782 0.22861840666666666 0.29351595166666666 0.25800429500000005 0.2966666666666667 0.25876771833333334 0.2966666666666667