4 0.46416666666666667 0.03333333333333333 0.14583333333333334 0.06666666666666667
4 0.41333333333333333 0.9641666666666666 0.14166666666666666 0.07083333333333333
3 0.4525 0.2991666666666667 0.16166666666666665 0.07666666666666666
0 0.45666666666666667 0.09166666666666666 0.03333333333333333 0.0675
0 0.46 0.22083333333333333 0.035 0.085
0 0.4533333333333333 0.375 0.030833333333333334 0.09666666666666666
0 0.25083333333333335 0.58 0.2683333333333333 0.2475
0 0.6 0.5025 0.19166666666666668 0.09916666666666667
0 0.8058333333333333 0.5983333333333334 0.155 0.07583333333333334
0 0.525 0.6483333333333333 0.19083333333333333 0.15583333333333332
0 0.23 0.8858333333333334 0.22833333333333333 0.21833333333333332
0 0.8525 0.7816666666666666 0.029166666666666667 0.10666666666666667
0 0.6658333333333334 0.955 0.35833333333333334 0.08916666666666667
0 0.4225 0.8641666666666666 0.05416666666666667 0.14
5 0.46 0.0325 0.06916666666666667 0.035833333333333335
5 0.4558333333333333 0.15166666666666667 0.11166666666666666 0.030833333333333334
5 0.45416666666666666 0.29833333333333334 0.13083333333333333 0.04833333333333333
5 0.4508333333333333 0.4708333333333333 0.07666666666666666 0.03333333333333333
5 0.30333333333333334 0.43916666666666665 0.058333333333333334 0.029166666666666667
5 0.5833333333333334 0.4375 0.050833333333333335 0.03833333333333333
5 0.785 0.5483333333333333 0.060833333333333336 0.0425
5 0.5475 0.5616666666666666 0.034166666666666665 0.0575
5 0.6741666666666667 0.5833333333333334 0.0575 0.04583333333333333
5 0.8658333333333333 0.6833333333333333 0.20583333333333334 0.06333333333333334
5 0.4216666666666667 0.7658333333333334 0.15916666666666668 0.055
5 0.1175 0.7425 0.15666666666666668 0.050833333333333335
5 0.4191666666666667 0.9683333333333334 0.08166666666666667 0.030833333333333334
5 0.84 0.8808333333333334 0.20083333333333334 0.065
1 0.405524955 0.11452876666666666 0.39760833166666665 0.10644257833333333 0.37136449499999996 0.183377275 0.504590345 0.18017506833333333 0.5387508066666666 0.10652312666666668 0.405524955 0.11452876666666666
1 0.19714619666666666 0.7870023966666667 0.25180288166666664 0.7005415366666667 0.029759885000000003 0.7101484016666667 0.03488400666666667 0.7149516499999999 0.009263661666666666 0.790204725 0.19714619666666666 0.7870023966666667
1 0.34574415000000003 0.7245584533333334 0.3442237483333333 0.7226890766666667 0.3149998116666667 0.7982103633333334 0.4806779966666666 0.7982103633333334 0.5182545816666666 0.7245584533333334 0.34574415000000003 0.7245584533333334
1 0.73858958 0.8302329166666667 0.7328635099999999 0.832733095 0.6907648833333333 0.911890405 0.9350122316666667 0.916693715 0.9742968133333333 0.83663733 0.73858958 0.8302329166666667
1 0.7556698116666667 0.634895265 0.7627588766666666 0.6366546633333333 0.7163852283333334 0.7293618233333333 0.9401363516666666 0.7245584533333334 0.9896689166666666 0.6316929983333334 0.7556698116666667 0.634895265
2 0.4396854166666666 0.42354639833333335 0.4467221466666667 0.41656662833333336 0.37990461000000003 0.47318139333333337 0.45505765 0.5100073183333333 0.5131304600000001 0.465175755 0.4396854166666666 0.42354639833333335
2 0.6685605316666667 0.5372264999999999 0.6666666283333333 0.5346138466666667 0.6156118433333333 0.5836591666666666 0.6736846533333334 0.61408074 0.73858958 0.5596422516666667 0.6685605316666667 0.5372264999999999