4 0.7366666666666667 0.0775 0.1225 0.13666666666666666
4 0.8491666666666666 0.925 0.07583333333333334 0.10083333333333333
5 0.17416666666666666 0.51 0.11666666666666667 0.06583333333333333
5 0.735 0.445 0.145 0.08833333333333333
5 0.44416666666666665 0.44416666666666665 0.17 0.07833333333333334
5 0.9216666666666666 0.6958333333333333 0.15666666666666668 0.12416666666666666
5 0.18583333333333332 0.8208333333333333 0.2075 0.10833333333333334
0 0.7433333333333333 0.22583333333333333 0.07166666666666667 0.16083333333333333
0 0.4225 0.5033333333333333 0.26916666666666667 0.0525
0 0.8208333333333333 0.7183333333333334 0.08 0.31333333333333335
0 0.17166666666666666 0.6516666666666666 0.08 0.14583333333333334
0 0.5191666666666667 0.9466666666666667 0.6166666666666667 0.06916666666666667
2 0.7470760233333333 0.30612244833333335 0.7558479533333333 0.31362545000000003 0.546783625 0.472689075 0.8260233916666667 0.55972389 0.9459064333333334 0.41716686666666664 0.7470760233333333 0.30612244833333335
3 0.32748538 0.720288115 0.042397660000000004 0.7608043216666667 0.06578947333333333 0.9258703483333333 0.34649122833333335 0.8808523416666666 0.32748538 0.720288115
3 0.28508772 0.4561824733333333 0.016081871666666667 0.48169267666666665 0.038011696666666664 0.5852340933333333 0.289473685 0.5582232899999999 0.28508772 0.4561824733333333