4 0.31083333333333335 0.0475 0.1925 0.09333333333333334
4 0.7583333333333333 0.8008333333333333 0.2775 0.13083333333333333
3 0.30333333333333334 0.375 0.24083333333333334 0.14833333333333334
3 0.2991666666666667 0.8225 0.43666666666666665 0.19916666666666666
0 0.2975 0.11416666666666667 0.051666666666666666 0.0625
0 0.30083333333333334 0.27666666666666667 0.056666666666666664 0.0775
0 0.31 0.4725 0.06666666666666667 0.0875
0 0.31583333333333335 0.6683333333333333 0.0725 0.10333333333333333
0 0.54 0.5658333333333333 0.2 0.06583333333333333
0 0.7708333333333334 0.6891666666666667 0.07833333333333334 0.1075
0 0.16583333333333333 0.7666666666666667 0.3233333333333333 0.4508333333333333
5 0.2975 0.04583333333333333 0.10916666666666666 0.05416666666666667
5 0.30833333333333335 0.19666666666666666 0.17083333333333334 0.0675
5 0.28833333333333333 0.365 0.18166666666666667 0.06916666666666667
5 0.31333333333333335 0.5725 0.19416666666666665 0.051666666666666666
5 0.3775 0.675 0.0825 0.06416666666666666
5 0.49083333333333334 0.5208333333333334 0.09166666666666666 0.06833333333333333
5 0.31333333333333335 0.8066666666666666 0.3541666666666667 0.12833333333333333
5 0.7241666666666666 0.81 0.12916666666666668 0.0775
5 0.8033333333333333 0.545 0.2808333333333333 0.14833333333333334
1 0.22946978 0.14454454666666666 0.16111979333333332 0.23635640833333332 0.3979093383333333 0.24596888833333333 0.45811008 0.13382263666666666 0.22946978 0.14454454666666666