4 0.585 0.030833333333333334 0.10833333333333334 0.04583333333333333
3 0.6208333333333333 0.13083333333333333 0.35833333333333334 0.03833333333333333
2 0.5766666666666667 0.25666666666666665 0.37 0.08666666666666667
3 0.5408333333333334 0.4083333333333333 0.42333333333333334 0.06
3 0.5591666666666667 0.5366666666666666 0.4191666666666667 0.06
3 0.5641666666666667 0.6658333333333334 0.41 0.059166666666666666
2 0.5583333333333333 0.815 0.3925 0.07666666666666666
4 0.555 0.9725 0.10416666666666667 0.04083333333333333
0 0.5808333333333333 0.17833333333333334 0.06166666666666667 0.07333333333333333
0 0.5841666666666666 0.0825 0.035833333333333335 0.06166666666666667
0 0.575 0.34 0.0475 0.085
0 0.5616666666666666 0.4725 0.051666666666666666 0.07166666666666667
0 0.56 0.6 0.0525 0.0725
0 0.5608333333333333 0.7341666666666666 0.04416666666666667 0.08333333333333333
0 0.5533333333333333 0.8983333333333333 0.04583333333333333 0.1
0 0.24416666666666667 0.2625 0.32083333333333336 0.035833333333333335
0 0.8508333333333333 0.39916666666666667 0.1775 0.315
5 0.5316666666666666 0.39166666666666666 0.2175 0.019166666666666665
5 0.5691666666666667 0.5358333333333334 0.3625 0.04416666666666667
5 0.5233333333333333 0.41083333333333333 0.28583333333333333 0.02666666666666667
5 0.5675 0.255 0.2733333333333333 0.028333333333333332
5 0.5883333333333334 0.6633333333333333 0.33666666666666667 0.03
5 0.5666666666666667 0.8108333333333333 0.31916666666666665 0.025833333333333333
5 0.6083333333333333 0.8925 0.08583333333333333 0.03
5 0.9516666666666667 0.38166666666666665 0.085 0.03166666666666667
5 0.051666666666666666 0.5325 0.08083333333333333 0.03666666666666667