4 0.08583333333333333 0.315 0.13833333333333334 0.12
5 0.8591666666666666 0.9441666666666667 0.1575 0.10166666666666667
5 0.08666666666666667 0.32 0.10333333333333333 0.06333333333333334
5 0.46416666666666667 0.3225 0.15 0.05416666666666667
5 0.8933333333333333 0.3225 0.09333333333333334 0.07166666666666667
5 0.855 0.675 0.15166666666666667 0.06583333333333333
5 0.86 0.9425 0.09 0.045
5 0.69 0.0225 0.1025 0.03333333333333333
5 0.9408333333333333 0.5158333333333334 0.06916666666666667 0.06583333333333333
0 0.25 0.3283333333333333 0.185 0.045
0 0.6908333333333333 0.14583333333333334 0.43166666666666664 0.2375
0 0.6766666666666666 0.3333333333333333 0.23416666666666666 0.03916666666666667
0 0.8916666666666667 0.5083333333333333 0.03916666666666667 0.2225
0 0.8766666666666667 0.81 0.03333333333333333 0.165
1 0.3908598916666667 0.276110445 0.3292242933333333 0.37364946 0.532170775 0.37064826 0.581779915 0.276110445 0.3908598916666667 0.276110445
2 0.891461215 0.2566026416666667 0.7907396266666666 0.33013205333333334 0.8869512933333334 0.38865546166666665 0.9921828016666666 0.3286314533333334 0.891461215 0.2566026416666667