5 0.88 0.49166666666666664 0.04 0.6266666666666667
5 0.7825 0.4066666666666667 0.041666666666666664 0.31
5 0.6016666666666667 0.43 0.07333333333333333 0.29333333333333333
5 0.47 0.5416666666666666 0.09 0.5166666666666667
5 0.37416666666666665 0.06666666666666667 0.04666666666666667 0.1
5 0.6708333333333333 0.9591666666666666 0.03166666666666667 0.08166666666666667
5 0.68 0.4683333333333333 0.04666666666666667 0.09
5 0.3308333333333333 0.5425 0.056666666666666664 0.4116666666666667
5 0.20583333333333334 0.6158333333333333 0.06166666666666667 0.5133333333333333
5 0.105 0.6375 0.056666666666666664 0.095
0 0.8458333333333333 0.37583333333333335 0.04833333333333333 0.09333333333333334
0 0.6641666666666667 0.41833333333333333 0.085 0.05
0 0.5291666666666667 0.42 0.06 0.04666666666666667
0 0.38666666666666666 0.4475 0.06 0.065
0 0.2725 0.495 0.058333333333333334 0.06666666666666667
0 0.10166666666666667 0.5683333333333334 0.07 0.06333333333333334
4 0.97 0.3233333333333333 0.06 0.14
4 0.035833333333333335 0.5683333333333334 0.065 0.13
3 0.605 0.42583333333333334 0.09 0.3383333333333333
3 0.465 0.5466666666666666 0.09666666666666666 0.5533333333333333
2 0.7083333333333334 0.432603 0.7878124033333332 0.6383333333333333 0.788553985 0.6383333333333333 0.83571554 0.35166960833333333 0.7703666483333333 0.17467559333333335 0.7083333333333334 0.42171578000000004 0.7083333333333334 0.432603
2 0.12333333333333334 0.5685543783333333 0.21823099333333332 0.9533333333333334 0.21856589333333332 0.9533333333333334 0.24891766499999998 0.4803484933333333 0.183610415 0.28442225833333334 0.12333333333333334 0.5607570166666667 0.12333333333333334 0.5685543783333333
0 0.4935041983333333 0.9116873 0.4983075466666667 0.8120435033333334 0.4566789166666666 0.7999654333333334 0.4566789166666666 0.9388626733333333 0.7763265216666666 0.9416666666666667 0.800915745 0.9416666666666667 0.8014760033333334 0.6312724533333333 0.7768988583333334 0.6218147516666667 0.78010107 0.90262869 0.4935041983333333 0.9116873
0 0.7894026233333333 0.18220347166666667 0.7832347033333333 0.07544108333333334 0.166811315 0.11167529666666667 0.1763896 0.29833333333333334 0.19241264666666666 0.29833333333333334 0.18762553833333334 0.13583120833333331 0.7576170716666667 0.12979228833333334 0.7592182083333334 0.17810434166666667 0.7894026233333333 0.18220347166666667
0 0.9258333333333333 0.33 0.028333333333333332 0.04