5 0.5475 0.9375 0.11166666666666666 0.10166666666666667
5 0.5591666666666667 0.7383333333333333 0.16333333333333333 0.12333333333333334
5 0.5066666666666667 0.5725 0.05333333333333334 0.07666666666666666
5 0.05583333333333333 0.6158333333333333 0.05333333333333334 0.095
5 0.33166666666666667 0.48083333333333333 0.07 0.075
5 0.10083333333333333 0.33 0.16166666666666665 0.08
5 0.9016666666666666 0.3375 0.17666666666666667 0.09833333333333333
5 0.5566666666666666 0.42833333333333334 0.25 0.12333333333333334
5 0.4925 0.2833333333333333 0.075 0.07
5 0.305 0.165 0.07 0.08333333333333333
5 0.7958333333333333 0.10333333333333333 0.06833333333333333 0.06
5 0.5675 0.1475 0.2783333333333333 0.12333333333333334
0 0.5441666666666667 0.8608333333333333 0.035 0.065
0 0.5533333333333333 0.5525 0.02666666666666667 0.11666666666666667
0 0.5625 0.2775 0.028333333333333332 0.09166666666666666
4 0.5425 0.94 0.20333333333333334 0.1
4 0.8958333333333334 0.3325 0.205 0.15166666666666667
4 0.10083333333333333 0.33416666666666667 0.19166666666666668 0.15833333333333333
2 0.37666666666666665 0.7174752583333334 0.5409731 0.83188392 0.6871328566666667 0.7326895716666667 0.5465507116666667 0.6183333333333333 0.5432421266666666 0.6183333333333333 0.37666666666666665 0.7157462849999999 0.37666666666666665 0.7174752583333334
2 0.5539637433333333 0.24135845833333336 0.73473034 0.140732205 0.568642145 0.020274066666666667 0.39 0.13201558666666666 0.39 0.13284451833333333 0.5539637433333333 0.24135845833333336
0 0.9065840016666668 0.13047371166666666 0.7811803066666667 0.12666666666666668 0.7483333333333333 0.12666666666666668 0.7483333333333333 0.1497512116666667 0.8824694783333332 0.15610666833333334 0.8730334366666667 0.27465923166666667 0.9170685633333333 0.27626126833333337 0.9198904266666666 0.25450370666666666 0.9065840016666668 0.13047371166666666
0 0.13200603833333333 0.5297665333333333 0.06919900666666667 0.505 0.06833333333333333 0.505 0.06833333333333333 0.542791325 0.07538947 0.74764685 0.3826985783333333 0.7393677783333333 0.3804901116666667 0.7124015499999999 0.10789151500000001 0.72361593 0.13200603833333333 0.5297665333333333
0 0.30551371666666666 0.42049137833333333 0.31180435833333336 0.2827141283333333 0.23914551666666667 0.2816666666666667 0.20064793333333333 0.2816666666666667 0.19857106166666666 0.338786215 0.28559295333333334 0.3307759083333333 0.2845445933333333 0.44932847 0.35725750666666667 0.44874249 0.358984885 0.41888928000000003 0.30551371666666666 0.42049137833333333
2 0.36666666666666664 0.4310524683333333 0.548163315 0.5187143666666666 0.710315665 0.4152057283333333 0.54914749 0.31333333333333335 0.5451490133333333 0.31333333333333335 0.36666666666666664 0.4299900483333334 0.36666666666666664 0.4310524683333333