2 0.43764087999999995 0.451164375 0.33495014666666667 0.40147151 0.242522625 0.4561177033333333 0.25095369666666667 0.46899630000000003 0.34369505333333333 0.48781887333333335 0.43764087999999995 0.451164375
2 0.5735117883333334 0.48612210000000006 0.5207468016666666 0.5432959866666667 0.6158970983333333 0.5749972016666667 0.6676877833333333 0.53041739 0.5735117883333334 0.48612210000000006
2 0.33909686166666664 0.6107611733333334 0.27264956500000004 0.693295175 0.46321019166666666 0.6812383433333333 0.5181795699999999 0.6058833299999999 0.33909686166666664 0.6107611733333334
2 0.7487625983333334 0.5768718366666667 0.6720938316666667 0.7023377816666667 0.9542698666666667 0.6917880966666666 1 0.5832768116666667 0.7487625983333334 0.5768718366666667
2 0.039408504999999996 0.6197983300000001 0.0051319749999999996 0.70384486 0.18286635666666667 0.6872667933333333 0.21951255500000003 0.6104046333333333 0.039408504999999996 0.6197983300000001
4 0.365 0.03916666666666667 0.2175 0.06833333333333333
4 0.355 0.9608333333333333 0.21916666666666668 0.07166666666666667
3 0.35333333333333333 0.15833333333333333 0.23166666666666666 0.1025
3 0.3566666666666667 0.31583333333333335 0.25 0.10666666666666667
1 0.8041666666666667 0.8433333333333334 0.34 0.16166666666666665
0 0.37916666666666665 0.8116666666666666 0.06916666666666667 0.2608333333333333
0 0.15583333333333332 0.5358333333333334 0.1825 0.16166666666666665
0 0.5391666666666667 0.4575 0.19666666666666666 0.0775
0 0.7766666666666666 0.55 0.22 0.06916666666666667
0 0.45916666666666667 0.5691666666666667 0.14083333333333334 0.065
0 0.1575 0.8433333333333334 0.19333333333333333 0.28833333333333333
0 0.6391666666666667 0.9475 0.3625 0.095
0 0.33916666666666667 0.38083333333333336 0.043333333333333335 0.05
0 0.33666666666666667 0.21916666666666668 0.050833333333333335 0.06166666666666667
0 0.3433333333333333 0.07833333333333334 0.030833333333333334 0.051666666666666666
5 0.3491666666666667 0.315 0.18 0.05416666666666667
5 0.345 0.15416666666666667 0.17083333333333334 0.05333333333333334
5 0.35333333333333333 0.03166666666666667 0.13916666666666666 0.03916666666666667
5 0.33416666666666667 0.445 0.1 0.035
5 0.515 0.4166666666666667 0.07666666666666666 0.04583333333333333
5 0.5966666666666667 0.5341666666666667 0.08083333333333333 0.04083333333333333
5 0.19166666666666668 0.43 0.0625 0.05
5 0.105 0.665 0.1525 0.04083333333333333
5 0.4 0.6516666666666666 0.155 0.03166666666666667
5 0.835 0.6358333333333334 0.24583333333333332 0.08166666666666667
5 0.8108333333333333 0.84 0.25083333333333335 0.10166666666666667
5 0.3383333333333333 0.96 0.09666666666666666 0.034166666666666665