3 0.13833333333333334 0.43833333333333335 0.26666666666666666 0.11083333333333334
3 0.17166666666666666 0.7541666666666667 0.2783333333333333 0.17583333333333334
5 0.4675 0.3441666666666667 0.21083333333333334 0.11416666666666667
5 0.12666666666666668 0.445 0.18333333333333332 0.07333333333333333
5 0.7708333333333334 0.44916666666666666 0.1425 0.07166666666666667
5 0.925 0.6725 0.15 0.10833333333333334
5 0.15833333333333333 0.7458333333333333 0.18583333333333332 0.14083333333333334
0 0.7541666666666667 0.24833333333333332 0.07166666666666667 0.16333333333333333
0 0.7591666666666667 0.6566666666666666 0.05333333333333334 0.19666666666666666
0 0.4116666666666667 0.9316666666666666 0.5716666666666667 0.13666666666666666
0 0.13416666666666666 0.5666666666666667 0.056666666666666664 0.0975
0 0.4791666666666667 0.42833333333333334 0.3925 0.06583333333333333
4 0.75 0.08916666666666667 0.15083333333333335 0.17583333333333334
4 0.785 0.89 0.16 0.18583333333333332
4 0.7522239666666667 0.32132132166666666 0.6711146 0.4309309316666667 0.7522239666666667 0.555555555 0.8843537416666667 0.42942943000000006 0.7522239666666667 0.32132132166666666