1 0.36609045833333337 0.370739105 0.406515975 0.08922754833333334 0.28131364833333333 0.13951675833333332 0.23645009166666667 0.3688623183333333 0.36609045833333337 0.370739105
1 0.4204558 0.5828111583333333 0.4201812316666667 0.5797373383333333 0.36121154166666664 0.9919413966666667 0.6623117533333333 0.9562832316666667 0.7264349299999999 0.56779722 0.4204558 0.5828111583333333
4 0.085 0.26 0.14 0.25166666666666665
4 0.9091666666666667 0.7833333333333333 0.175 0.37916666666666665
0 0.43333333333333335 0.20166666666666666 0.1075 0.13833333333333334
0 0.7583333333333333 0.74 0.13166666666666665 0.12416666666666666
0 0.3358333333333333 0.7683333333333333 0.14916666666666667 0.12416666666666666
0 0.20833333333333334 0.2425 0.11166666666666666 0.1225
0 0.37166666666666665 0.49666666666666665 0.5308333333333334 0.2658333333333333
3 0.6191666666666666 0.1975 0.2758333333333333 0.395
3 0.135 0.7966666666666666 0.26916666666666667 0.3825
5 0.0825 0.2783333333333333 0.10083333333333333 0.195
5 0.3233333333333333 0.25916666666666666 0.09666666666666666 0.1375
5 0.6108333333333333 0.17583333333333334 0.22333333333333333 0.19083333333333333
5 0.5533333333333333 0.7875 0.24833333333333332 0.2658333333333333
5 0.13166666666666665 0.795 0.235 0.22916666666666666
5 0.9075 0.8066666666666666 0.09333333333333334 0.20083333333333334