4 0.07916666666666666 0.18583333333333332 0.15166666666666667 0.23666666666666666
4 0.925 0.7875 0.13916666666666666 0.3375
0 0.225 0.19583333333333333 0.13666666666666666 0.11583333333333333
0 0.5083333333333333 0.19583333333333333 0.12416666666666666 0.08583333333333333
0 0.4775 0.49666666666666665 0.39916666666666667 0.22916666666666666
3 0.5858333333333333 0.7775 0.31333333333333335 0.3525
3 0.2816666666666667 0.78 0.2375 0.3575
0 0.4225 0.815 0.03666666666666667 0.13583333333333333
0 0.8016666666666666 0.7983333333333333 0.10333333333333333 0.08333333333333333
3 0.7033333333333334 0.19833333333333333 0.2733333333333333 0.3475
5 0.060833333333333336 0.20416666666666666 0.08666666666666667 0.12083333333333333
5 0.36666666666666664 0.185 0.115 0.12333333333333334
5 0.665 0.1725 0.14833333333333334 0.13333333333333333
5 0.7858333333333334 0.18333333333333332 0.07083333333333333 0.14583333333333334
5 0.7058333333333333 0.17583333333333334 0.24083333333333334 0.17583333333333334
5 0.2816666666666667 0.7858333333333334 0.21416666666666667 0.15333333333333332
5 0.5166666666666667 0.8141666666666667 0.13416666666666666 0.14833333333333334
5 0.6541666666666667 0.805 0.11666666666666667 0.12583333333333332
5 0.5808333333333333 0.8025 0.2683333333333333 0.19083333333333333
5 0.9208333333333333 0.7833333333333333 0.0875 0.14833333333333334
1 0.31589958166666665 0.035220125 0.27684797833333336 0.34465408833333333 0.4337517433333333 0.34465408833333333 0.46094839666666665 0.045283018333333334 0.31589958166666665 0.035220125