2 0.8260291266666667 0.6466666666666666 0.922557585 0.58823103 0.8469019983333332 0.5066010200000001 0.7656122683333334 0.5786242283333333 0.82400591 0.6466666666666666 0.8260291266666667 0.6466666666666666
2 0.7433333333333333 0.7662231633333334 0.7453686583333333 0.7677359733333333 0.7453686583333333 0.7741405100000001 0.8362283 0.8266666666666667 0.8404808266666667 0.8266666666666667 0.8506142849999999 0.8061630616666666 0.9189317416666667 0.7405167899999999 0.82476458 0.6828761566666667 0.7433333333333333 0.7625040916666667 0.7433333333333333 0.7662231633333334
1 0.7016666666666667 0.16642622833333334 0.7541988116666667 0.274812 0.9628438216666666 0.2780142666666667 0.9045179966666665 0.176641055 0.9037584399999999 0.17394096666666667 0.7016666666666667 0.164382215 0.7016666666666667 0.16642622833333334
1 0.29 0.5180710983333334 0.36090090500000005 0.63 0.3668020616666666 0.63 0.6266666666666667 0.6096564483333333 0.6266666666666667 0.6090725800000001 0.5562166616666667 0.5109523733333333 0.29 0.5167419216666667 0.29 0.5180710983333334
1 0.345 0.7078958366666667 0.405371465 0.80149394 0.6546375566666667 0.7966905083333333 0.600576475 0.70383154 0.345 0.7070203916666667 0.345 0.7078958366666667
1 0.12833333333333333 0.8844679583333334 0.159847595 0.9983333333333333 0.20511407 0.9983333333333333 0.48893285166666667 0.9886546016666667 0.4319133633333333 0.8826632433333333 0.45569745833333336 0.881379095 0.12833333333333333 0.879784315 0.12833333333333333 0.8844679583333334
1 0.6483333333333333 0.8729599683333333 0.6933080149999999 0.965 0.713619875 0.965 0.9909484616666666 0.95454399 0.93724404 0.8621682866666667 0.9484808483333335 0.8552741216666667 0.6483333333333333 0.8712418666666667 0.6483333333333333 0.8729599683333333
4 0.8366666666666667 0.06583333333333333 0.27 0.115
4 0.11666666666666667 0.7616666666666667 0.22 0.11
0 0.83 0.1525 0.06 0.055
0 0.8441666666666666 0.31 0.041666666666666664 0.08333333333333333
0 0.84 0.4791666666666667 0.04666666666666667 0.058333333333333334
0 0.8308333333333333 0.6625 0.03833333333333333 0.06833333333333333
0 0.8383333333333334 0.8358333333333333 0.05 0.06166666666666667
0 0.6733333333333333 0.77 0.11333333333333333 0.05
0 0.6775 0.5741666666666667 0.17833333333333334 0.018333333333333333
0 0.1975 0.6308333333333334 0.255 0.16166666666666665
0 0.2925 0.7566666666666667 0.17666666666666667 0.03666666666666667
0 0.5616666666666666 0.9341666666666667 0.25 0.058333333333333334
0 0.11333333333333333 0.8791666666666667 0.05333333333333334 0.15833333333333333
5 0.8441666666666666 0.06666666666666667 0.15833333333333333 0.07
5 0.83 0.22833333333333333 0.19666666666666666 0.05
5 0.8408333333333333 0.4033333333333333 0.17833333333333334 0.05
5 0.8425 0.5766666666666667 0.09833333333333333 0.04666666666666667
5 0.8266666666666667 0.7525 0.11333333333333333 0.043333333333333335
5 0.8241666666666667 0.9175 0.24833333333333332 0.06833333333333333
5 0.5091666666666667 0.755 0.21 0.05
5 0.4633333333333333 0.5733333333333334 0.19 0.06
5 0.2991666666666667 0.9408333333333333 0.265 0.06833333333333333
5 0.12583333333333332 0.7583333333333333 0.105 0.04666666666666667
5 0.7783333333333333 0.8325 0.09 0.043333333333333335
5 0.6866666666666666 0.7283333333333334 0.1 0.04
5 0.6858333333333333 0.5383333333333333 0.12833333333333333 0.04666666666666667
5 0.7816666666666666 0.6491666666666667 0.09666666666666666 0.045
3 0.8458333333333333 0.4 0.23833333333333334 0.13