5 0.86 0.755 0.15333333333333332 0.06666666666666667
5 0.5766666666666667 0.7916666666666666 0.12666666666666668 0.05
5 0.5716666666666667 0.7341666666666666 0.11666666666666667 0.043333333333333335
5 0.54 0.6875 0.07666666666666666 0.04
5 0.5625 0.44333333333333336 0.10833333333333334 0.04
5 0.8908333333333334 0.44083333333333335 0.13833333333333334 0.07833333333333334
5 0.1175 0.4825 0.09333333333333334 0.07166666666666667
0 0.5166666666666667 0.11166666666666666 0.29 0.08333333333333333
0 0.5625 0.6033333333333334 0.051666666666666666 0.11666666666666667
0 0.905 0.30083333333333334 0.05 0.14166666666666666
0 0.5508333333333333 0.2725 0.05 0.15833333333333333
0 0.8725 0.8683333333333333 0.045 0.06666666666666667
0 0.33166666666666667 0.48 0.22333333333333333 0.08333333333333333
0 0.7441666666666666 0.43166666666666664 0.145 0.056666666666666664
5 0.7441666666666666 0.48833333333333334 0.028333333333333332 0.03666666666666667
0 0.19833333333333333 0.2625 0.26666666666666666 0.31833333333333336
4 0.8683333333333333 0.9525 0.06333333333333334 0.095
4 0.905 0.14583333333333334 0.105 0.145
3 0.5183333333333333 0.1125 0.33666666666666667 0.18166666666666667
3 0.115 0.48 0.21 0.16833333333333333
3 0.5691666666666667 0.7525 0.17833333333333334 0.195
1 0.75 0.82334837 0.75 0.8245649266666666 0.9308728716666667 0.8325522399999999 0.974818065 0.695 0.78233121 0.695 0.75 0.82334837
1 0.775 0.53828456 0.775 0.5422329650000001 0.96076771 0.49956269166666667 0.9987932266666667 0.35855059333333333 0.8310831216666666 0.37295181 0.775 0.53828456
2 0.5551393 0.34 0.44166666666666665 0.47885607333333335 0.44166666666666665 0.4801513233333334 0.58165202 0.5374317316666667 0.6809921333333333 0.40724667999999997 0.557750745 0.34 0.5551393 0.34