4 0.5666666666666667 0.08 0.5241666666666667 0.13166666666666665
4 0.76 0.9466666666666667 0.3125 0.08
0 0.5875 0.185 0.10583333333333333 0.06166666666666667
5 0.5733333333333334 0.0825 0.3175 0.06
5 0.585 0.25666666666666665 0.3491666666666667 0.04
1 0.6033333333333334 0.25333333333333335 0.5525 0.08583333333333333
3 0.6266666666666667 0.4033333333333333 0.36833333333333335 0.11
0 0.5758333333333333 0.32666666666666666 0.10083333333333333 0.06
0 0.5941666666666666 0.4841666666666667 0.055 0.051666666666666666
5 0.5783333333333334 0.3983333333333333 0.17 0.05583333333333333
3 0.6358333333333334 0.5458333333333333 0.42333333333333334 0.06166666666666667
5 0.6425 0.5491666666666667 0.3175 0.03833333333333333
0 0.33 0.6066666666666667 0.225 0.12833333333333333
3 0.1825 0.6975 0.3358333333333333 0.05416666666666667
5 0.49333333333333335 0.6491666666666667 0.12833333333333333 0.041666666666666664
5 0.6958333333333333 0.6675 0.165 0.041666666666666664
0 0.47 0.6875 0.2025 0.034166666666666665
1 0.735 0.8016666666666666 0.43666666666666665 0.07833333333333334
0 0.7166666666666667 0.8725 0.0875 0.06
5 0.8541666666666666 0.7216666666666667 0.15166666666666667 0.05
0 0.73 0.7383333333333333 0.0775 0.04833333333333333
5 0.7483333333333333 0.8 0.2708333333333333 0.05416666666666667
5 0.7558333333333334 0.9466666666666667 0.18416666666666667 0.05583333333333333
2 0.8459944749999999 0.651260505 0.6215469616666667 0.6197478983333333 0.5697513816666666 0.6707683066666666 0.718232045 0.7052821133333333 0.8459944749999999 0.651260505