4 0.17583333333333334 0.04416666666666667 0.22666666666666666 0.0875
3 0.17583333333333334 0.38166666666666665 0.2941666666666667 0.11
4 0.9333333333333333 0.7341666666666666 0.13333333333333333 0.08333333333333333
0 0.18916666666666668 0.12083333333333333 0.07 0.0775
0 0.16166666666666665 0.29 0.03833333333333333 0.095
0 0.18583333333333332 0.4666666666666667 0.058333333333333334 0.07666666666666666
0 0.4 0.5625 0.19833333333333333 0.060833333333333336
0 0.8175 0.6125 0.28583333333333333 0.17583333333333334
0 0.4425 0.7533333333333333 0.18833333333333332 0.05416666666666667
0 0.21083333333333334 0.6725 0.07 0.08833333333333333
0 0.2225 0.8533333333333334 0.056666666666666664 0.07833333333333334
0 0.4175 0.9341666666666667 0.2 0.03166666666666667
0 0.7925 0.7358333333333333 0.1575 0.03833333333333333
5 0.16166666666666665 0.051666666666666666 0.11 0.030833333333333334
5 0.1775 0.21 0.17416666666666666 0.059166666666666666
5 0.17333333333333334 0.3775 0.22333333333333333 0.0575
5 0.1975 0.5675 0.13833333333333334 0.050833333333333335
5 0.5825 0.5491666666666667 0.11333333333333333 0.04583333333333333
5 0.22 0.7533333333333333 0.12666666666666668 0.03833333333333333
5 0.6383333333333333 0.7333333333333333 0.16416666666666666 0.0425
5 0.6666666666666666 0.9225 0.2625 0.0775
5 0.20166666666666666 0.9383333333333334 0.22333333333333333 0.07833333333333334
5 0.9191666666666667 0.7316666666666667 0.0675 0.05583333333333333
1 0.31159978499999996 0.15006324 0.08452606166666667 0.15646384166666666 0.09037137833333334 0.15636872833333332 0.02964988166666667 0.2604747116666667 0.25293895666666666 0.23967254999999998 0.31538428999999996 0.15006324 0.31159978499999996 0.15006324
1 0.5254274550000001 0.49889964833333333 0.52566828 0.49630074166666666 0.4610898716666667 0.586908845 0.6484257216666667 0.5933094783333334 0.716547955 0.506900485 0.5254274550000001 0.49889964833333333
1 0.5784113816666667 0.6845190216666667 0.57298316 0.6762647483333333 0.49704324000000005 0.77412836 0.70140965 0.7725282166666667 0.7657470883333334 0.6829188783333333 0.5784113816666667 0.6845190216666667
1 0.7941313050000001 0.970948975 0.8584690333333334 0.8829397783333334 0.5332557616666667 0.8719394433333334 0.48001268166666666 0.9773496683333334 0.7941313050000001 0.970948975
1 0.288892325 0.9853505049999999 0.37782962166666667 0.8797394933333333 0.04771062 0.8843920583333332 0 0.9885507900000001 0.288892325 0.9853505049999999
2 0.17317242 0.48030394 0.06749550166666667 0.556505645 0.199955175 0.6413144933333333 0.31159978499999996 0.5613061333333333 0.17317242 0.48030394
2 0.19049377 0.6973203466666666 0.19919560333333333 0.68626275 0.09209507 0.7453253616666667 0.20373968 0.81413254 0.35701441500000003 0.7629272383333333 0.19049377 0.6973203466666666