5 0.4633333333333333 0.2975 0.6208333333333333 0.0625
5 0.5283333333333333 0.5008333333333334 0.7141666666666666 0.06916666666666667
5 0.5175 0.7408333333333333 0.6683333333333333 0.06
0 0.5891666666666666 0.16416666666666666 0.1075 0.11166666666666666
0 0.49 0.40166666666666667 0.14 0.09833333333333333
0 0.47833333333333333 0.6091666666666666 0.15333333333333332 0.12166666666666667
0 0.4866666666666667 0.8458333333333333 0.1575 0.1025
4 0.6283333333333333 0.055 0.36833333333333335 0.10583333333333333
4 0.4533333333333333 0.9516666666666667 0.37 0.08666666666666667
3 0.5441666666666667 0.49916666666666665 0.8675 0.11416666666666667
1 0.9246409833333333 0.22180918166666666 0.15907699833333333 0.24649860166666665 0 0.35950373166666666 0.788658555 0.34509387166666666 0.9246409833333333 0.22180918166666666
1 0.9197845466666666 0.6829258850000001 0.18943522666666668 0.6966786733333333 0.04561275 0.7837952166666666 0.8177979133333333 0.7869973666666666 0.9197845466666666 0.6829258850000001