4 0.17333333333333334 0.058333333333333334 0.06333333333333334 0.08
4 0.49166666666666664 0.055 0.050833333333333335 0.08333333333333333
4 0.17666666666666667 0.15583333333333332 0.03333333333333333 0.10166666666666667
3 0.1975 0.25833333333333336 0.2175 0.15916666666666668
5 0.20166666666666666 0.2625 0.17666666666666667 0.0625
3 0.5066666666666667 0.22666666666666666 0.16833333333333333 0.12416666666666666
0 0.1825 0.39416666666666667 0.030833333333333334 0.13916666666666666
0 0.505 0.3525 0.03916666666666667 0.13083333333333333
0 0.635 0.495 0.06916666666666667 0.04583333333333333
0 0.37833333333333335 0.5333333333333333 0.13 0.0625
0 0.7608333333333334 0.84 0.035833333333333335 0.060833333333333336
0 0.5358333333333334 0.85 0.0625 0.0675
0 0.2375 0.8733333333333333 0.12166666666666667 0.05416666666666667
5 0.205 0.56 0.14833333333333334 0.14916666666666667
5 0.5241666666666667 0.5208333333333334 0.11333333333333333 0.060833333333333336
5 0.7275 0.48833333333333334 0.08583333333333333 0.050833333333333335
5 0.5375 0.365 0.03666666666666667 0.06416666666666666
5 0.5075 0.23 0.1375 0.075
3 0.7275 0.49166666666666664 0.1275 0.12166666666666667
0 0.835 0.6408333333333334 0.18333333333333332 0.19
0 0.12083333333333333 0.7325 0.1225 0.14583333333333334
3 0.0925 0.8725 0.17583333333333334 0.1675
5 0.09333333333333334 0.8725 0.13666666666666666 0.08166666666666667
5 0.41 0.835 0.17833333333333334 0.095
5 0.6575 0.8233333333333334 0.14916666666666667 0.095
5 0.8741666666666666 0.8491666666666666 0.13333333333333333 0.1675
3 0.6583333333333333 0.8258333333333333 0.18583333333333332 0.22416666666666665
2 0.5045311950000001 0.42131147500000005 0.44440571666666673 0.52295082 0.5176019516666667 0.6360655733333334 0.606483095 0.48524590166666665 0.5045311950000001 0.42131147500000005
1 0.32241199 0.7622950816666667 0.28581387166666666 0.94590164 0.48187521833333335 0.9196721316666666 0.5289299399999999 0.7409836066666667 0.32241199 0.7622950816666667
1 0.806029975 0.7459016399999999 0.7485186483333334 0.955737705 0.9402230749999999 0.94590164 0.9968630183333332 0.7409836066666667 0.806029975 0.7459016399999999
1 0.12025095833333334 0.4704918033333333 0.07406762 0.6819672133333333 0.27884280166666664 0.64262295 0.332868595 0.4393442616666667 0.12025095833333334 0.4704918033333333