1 0.6883333333333334 0.24416666666666667 0.44 0.115
2 0.7225 0.6025 0.33166666666666667 0.165
3 0.705 0.425 0.4 0.12333333333333334
3 0.21583333333333332 0.6241666666666666 0.40166666666666667 0.12
1 0.7875 0.7758333333333334 0.4083333333333333 0.10166666666666667
4 0.7933333333333333 0.9391666666666667 0.39 0.12166666666666667
5 0.6716666666666666 0.07333333333333333 0.24333333333333335 0.056666666666666664
5 0.6916666666666667 0.2475 0.29 0.055
5 0.6916666666666667 0.43 0.31666666666666665 0.05333333333333334
5 0.7258333333333333 0.6091666666666666 0.235 0.03666666666666667
5 0.7758333333333334 0.775 0.26666666666666666 0.05
5 0.7908333333333334 0.93 0.20166666666666666 0.04666666666666667
5 0.17583333333333334 0.6233333333333333 0.17833333333333334 0.07666666666666666
0 0.32416666666666666 0.49916666666666665 0.38666666666666666 0.16166666666666665
0 0.6841666666666667 0.16083333333333333 0.135 0.07333333333333333
0 0.6933333333333334 0.3358333333333333 0.14 0.105
0 0.705 0.505 0.14 0.06
0 0.7575 0.7066666666666667 0.11833333333333333 0.06666666666666667
0 0.7825 0.8533333333333334 0.10333333333333333 0.07333333333333333
4 0.6716666666666666 0.0625 0.42333333333333334 0.12
5 0.49333333333333335 0.5933333333333334 0.08666666666666667 0.03666666666666667
0 0.485 0.6266666666666667 0.22 0.03333333333333333
5 0.8675 0.6958333333333333 0.155 0.041666666666666664