4 0.055 0.8458333333333333 0.10666666666666667 0.20833333333333334
4 0.9025 0.7575 0.09166666666666666 0.21833333333333332
0 0.17166666666666666 0.8516666666666667 0.12333333333333334 0.056666666666666664
0 0.5008333333333334 0.7891666666666667 0.095 0.06
0 0.62 0.5241666666666667 0.05333333333333334 0.23166666666666666
0 0.7983333333333333 0.7733333333333333 0.11666666666666667 0.07333333333333333
0 0.8916666666666667 0.5075 0.04 0.27166666666666667
0 0.7566666666666667 0.21166666666666667 0.13333333333333333 0.056666666666666664
3 0.3375 0.7666666666666667 0.18333333333333332 0.42333333333333334
5 0.059166666666666666 0.8508333333333333 0.041666666666666664 0.135
5 0.335 0.7508333333333334 0.13 0.345
5 0.6316666666666667 0.7775 0.08333333333333333 0.145
5 0.6158333333333333 0.23166666666666666 0.12166666666666667 0.31
5 0.9025 0.19166666666666668 0.085 0.3466666666666667
5 0.9125 0.7666666666666667 0.06833333333333333 0.17666666666666667
3 0.7033333333333334 0.3946039866666667 0.7033333333333334 0.389262645 0.66342537 0.041716835 0.513365345 0.040044595 0.54337735 0.40626532833333334 0.7033333333333334 0.3946039866666667
3 0.9575057583333334 0.015 0.9445607183333334 0.015 0.79242497 0.016541248333333335 0.8419447783333334 0.37607302 0.9980072033333333 0.37440078 0.9575057583333334 0.015
2 0.7433333333333333 0.79558414 0.6378287333333333 0.6283333333333333 0.6363546533333333 0.6283333333333333 0.53205182 0.7927201783333334 0.6355932366666667 0.9198104800000001 0.7433333333333333 0.796411835 0.7433333333333333 0.79558414
5 0.58 0.54 0.06 0.08333333333333333
5 0.81 0.7341666666666666 0.06333333333333334 0.07