4 0.07333333333333333 0.54 0.13666666666666666 0.1425
0 0.20333333333333334 0.5416666666666666 0.11333333333333333 0.07333333333333333
0 0.5133333333333333 0.5166666666666667 0.11416666666666667 0.08583333333333333
0 0.8133333333333334 0.42 0.13916666666666666 0.36083333333333334
0 0.6983333333333334 0.7966666666666666 0.18083333333333335 0.24
0 0.51 0.5241666666666667 0.11333333333333333 0.08583333333333333
2 0.6371249133333333 0.3586459283333333 0.5659455683333333 0.5141811533333334 0.6294487083333333 0.6623970716666666 0.7431960916666667 0.49771271666666667 0.6371249133333333 0.3586459283333333
1 0.8360083733333333 0.01463861 0.7899511516666666 0.22689844500000003 0.9574319616666666 0.25251601166666665 0.9965108166666666 0.05672461166666667 0.8360083733333333 0.01463861
1 0.30286113 0.42817932333333336 0.25261688833333334 0.651418115 0.4207955333333333 0.62031107 0.46127006333333337 0.384263495 0.30286113 0.42817932333333336
5 0.82205164 0.761207685 0.77529658 0.9899359566666668 0.9497557566666668 0.956999085 0.9909281233333334 0.7630375116666667 0.82205164 0.761207685
5 0.36083333333333334 0.5525 0.14333333333333334 0.0875
5 0.6491666666666667 0.5158333333333334 0.11166666666666666 0.12833333333333333
5 0.8333333333333334 0.4125 0.0275 0.08583333333333333
5 0.8916666666666667 0.15583333333333332 0.12166666666666667 0.1575
5 0.8841666666666667 0.8783333333333333 0.13416666666666666 0.10583333333333333
5 0.6533333333333333 0.765 0.023333333333333334 0.10583333333333333