5 0.75 0.9266666666666666 0.24 0.08333333333333333
5 0.7375 0.7866666666666666 0.2816666666666667 0.05333333333333334
5 0.7191666666666666 0.6633333333333333 0.26 0.03666666666666667
5 0.7116666666666667 0.6166666666666667 0.19333333333333333 0.04
5 0.7408333333333333 0.49333333333333335 0.31833333333333336 0.06666666666666667
5 0.17083333333333334 0.48583333333333334 0.2816666666666667 0.058333333333333334
5 0.3975 0.38 0.13166666666666665 0.043333333333333335
5 0.7541666666666667 0.35083333333333333 0.285 0.045
5 0.86 0.2625 0.15 0.045
5 0.685 0.17916666666666667 0.29333333333333333 0.06
5 0.6683333333333333 0.051666666666666666 0.20333333333333334 0.05
4 0.7733333333333333 0.9375 0.44 0.12
4 0.6841666666666667 0.04666666666666667 0.35833333333333334 0.09333333333333334
3 0.7333333333333333 0.5025 0.39666666666666667 0.11166666666666666
3 0.19583333333333333 0.47833333333333333 0.38333333333333336 0.10333333333333333
3 0.7066666666666667 0.6358333333333334 0.4266666666666667 0.11166666666666666
0 0.7625 0.8575 0.09666666666666666 0.055
0 0.7508333333333334 0.7183333333333334 0.10833333333333334 0.06333333333333334
0 0.745 0.5625 0.12666666666666668 0.055
0 0.735 0.4266666666666667 0.13 0.056666666666666664
0 0.3641666666666667 0.5416666666666666 0.41833333333333333 0.06333333333333334
0 0.3725 0.38333333333333336 0.37666666666666665 0.11666666666666667
0 0.7283333333333334 0.25166666666666665 0.1 0.08666666666666667
0 0.7183333333333334 0.11833333333333333 0.14 0.06
1 0.9683333333333334 0.854532475 0.8787194716666666 0.735 0.86344018 0.735 0.47256076833333327 0.7365411000000001 0.59020004 0.8407344016666667 0.9683333333333334 0.85655997 0.9683333333333334 0.854532475
1 0.9566666666666667 0.23106522333333335 0.84933651 0.14899586833333334 0.5144590833333333 0.13666666666666666 0.45969042666666665 0.13666666666666666 0.5323130983333333 0.22286019999999998 0.9566666666666667 0.23222015333333332 0.9566666666666667 0.23106522333333335
2 0.9833333333333333 0.35216780666666664 0.715534415 0.2816666666666667 0.7076351683333333 0.2816666666666667 0.53703188 0.3540352016666667 0.7581569583333334 0.41350384 0.7665744316666667 0.40367025666666667 0.9833333333333333 0.3526723116666667 0.9833333333333333 0.35216780666666664