5 0.17833333333333334 0.19583333333333333 0.24333333333333335 0.06166666666666667
5 0.16416666666666666 0.04666666666666667 0.11666666666666667 0.07333333333333333
5 0.17333333333333334 0.3525 0.22333333333333333 0.06833333333333333
5 0.16416666666666666 0.52 0.12666666666666668 0.056666666666666664
5 0.35333333333333333 0.46 0.10666666666666667 0.04666666666666667
5 0.5283333333333333 0.48833333333333334 0.18666666666666668 0.06
5 0.27416666666666667 0.6041666666666666 0.095 0.06166666666666667
5 0.2275 0.7016666666666667 0.09166666666666666 0.03666666666666667
5 0.3883333333333333 0.6566666666666666 0.11333333333333333 0.05
5 0.59 0.6841666666666667 0.21333333333333335 0.058333333333333334
5 0.9216666666666666 0.6566666666666666 0.09666666666666666 0.05
5 0.30583333333333335 0.7916666666666666 0.085 0.056666666666666664
5 0.20916666666666667 0.9058333333333334 0.2816666666666667 0.105
5 0.6808333333333333 0.9033333333333333 0.275 0.09666666666666666
0 0.16666666666666666 0.12166666666666667 0.06 0.06333333333333334
0 0.1575 0.2775 0.04666666666666667 0.07166666666666667
0 0.17583333333333334 0.43916666666666665 0.04833333333333333 0.04833333333333333
0 0.37416666666666665 0.5 0.135 0.03333333333333333
0 0.21083333333333334 0.6141666666666666 0.04 0.10833333333333334
0 0.2608333333333333 0.8083333333333333 0.025 0.11
0 0.445 0.92 0.16666666666666666 0.04
0 0.7791666666666667 0.6691666666666667 0.16333333333333333 0.041666666666666664
4 0.1675 0.04583333333333333 0.175 0.09166666666666666
4 0.9258333333333333 0.6583333333333333 0.11833333333333333 0.07666666666666666
3 0.17666666666666667 0.3541666666666667 0.3 0.11166666666666666
1 0.265317645 0.236216965 0.3333333333333333 0.14706922 0.3333333333333333 0.146619435 0.07747029833333334 0.15410926833333333 0.008131838333333334 0.24833333333333332 0.02141179 0.24833333333333332 0.265317645 0.236216965
1 0.7976869016666667 0.9691272433333334 0.8733333333333333 0.8482889499999999 0.8733333333333333 0.84590692 0.5787929283333333 0.8440177516666666 0.4937621166666667 0.9833333333333333 0.5268886266666667 0.9833333333333333 0.7976869016666667 0.9691272433333334
1 0.07644295 0.9898786766666666 0.3516625583333333 0.9642764733333333 0.4166666666666667 0.8471659016666666 0.4166666666666667 0.8443953433333333 0.07353552000000001 0.8719618499999999 0.010527873333333333 0.9933333333333333 0.028504368333333332 0.9933333333333333 0.07644295 0.9898786766666666
2 0.21192028166666665 0.5766666666666667 0.3233333333333333 0.50782472 0.3233333333333333 0.50688653 0.17331048000000002 0.45861574499999996 0.05963008833333333 0.5424108616666666 0.20633090166666668 0.5766666666666667 0.21192028166666665 0.5766666666666667
1 0.6839514433333332 0.72306876 0.7433333333333333 0.628598755 0.7433333333333333 0.6256401333333333 0.49353183 0.6484199283333334 0.4281008416666667 0.7533333333333333 0.429177245 0.7533333333333333 0.6839514433333332 0.72306876
2 0.2724843383333333 0.755 0.33666666666666667 0.7041229016666667 0.33666666666666667 0.7033766883333333 0.213465545 0.6581635616666667 0.14448106833333335 0.7244145066666667 0.26510676333333333 0.755 0.2724843383333333 0.755
3 0.62394455 0.5298353683333333 0.665 0.4626916083333333 0.665 0.4610220883333333 0.4433865083333333 0.4594292783333333 0.42261767333333333 0.54 0.4410027233333333 0.54 0.62394455 0.5298353683333333
0 0.7966666666666666 0.5483333333333333 0.30666666666666664 0.16
0 0.8908333333333334 0.81 0.12833333333333333 0.22666666666666666