5 0.9083333333333333 0.76 0.08333333333333333 0.30666666666666664
5 0.6383333333333333 0.74 0.08333333333333333 0.4033333333333333
5 0.3408333333333333 0.7733333333333333 0.065 0.2
5 0.21333333333333335 0.85 0.06333333333333334 0.13
5 0.23 0.06833333333333333 0.06 0.12
5 0.075 0.19916666666666666 0.056666666666666664 0.24833333333333332
5 0.08166666666666667 0.7808333333333334 0.05 0.26166666666666666
4 0.9116666666666666 0.7633333333333333 0.16 0.44
1 0.5583333333333333 0.6236827699999999 0.5648479383333334 0.9857520816666666 0.7164085633333334 0.9253169499999999 0.719409765 0.5103290366666667 0.5583333333333333 0.56839337 0.5583333333333333 0.6236827699999999
1 0.13002326 0.5633333333333334 0.02 0.6342305133333332 0.02 0.6774051183333333 0.02782613 0.9593244700000001 0.14037114666666667 0.8727007783333333 0.13139268666666667 0.5633333333333334 0.13002326 0.5633333333333334
1 0.12146220166666666 0.013333333333333334 0.013333333333333334 0.08002814666666667 0.013333333333333334 0.12746803 0.019652861666666667 0.376890275 0.12769607833333335 0.28825207999999997 0.123211705 0.013333333333333334 0.12146220166666666 0.013333333333333334
0 0.25666666666666665 0.36666666666666664 0.25666666666666665 0.4666666666666667
0 0.7566666666666667 0.7508333333333334 0.10666666666666667 0.07166666666666667
0 0.5108333333333334 0.7533333333333333 0.095 0.07333333333333333
0 0.19333333333333333 0.745 0.1 0.043333333333333335
2 0.3508721933333333 0.5933333333333334 0.24 0.7461445800000001 0.24 0.7499549933333334 0.34981592666666667 0.9392156866666667 0.472865145 0.7579102883333333 0.3517671466666667 0.5933333333333334 0.3508721933333333 0.5933333333333334