1 0.49333333333333335 0.14055003833333332 0.5701373916666667 0.22395238833333334 0.8054241083333333 0.23333333333333334 0.8107886066666666 0.23333333333333334 0.7433460733333334 0.137572645 0.49333333333333335 0.13913544166666666 0.49333333333333335 0.14055003833333332
1 0.7816666666666666 0.6084099883333334 0.839277465 0.6682156966666667 0.85044122 0.6683333333333333 0.9902168600000001 0.6683333333333333 0.9502641216666666 0.6039774933333334 0.9477487399999999 0.6074094766666667 0.7816666666666666 0.6074094766666667 0.7816666666666666 0.6084099883333334
1 0.465 0.6693417 0.5357674133333333 0.7468477883333333 0.704171985 0.76 0.719607205 0.76 0.6792504283333333 0.6701881700000001 0.68328825 0.6700397733333333 0.465 0.668445585 0.465 0.6693417
1 0.016666666666666666 0.7863187516666666 0.050415133333333334 0.875 0.05367965833333333 0.875 0.341158875 0.8655054983333333 0.27034313000000004 0.7944086883333333 0.27173715666666665 0.7902975666666666 0.016666666666666666 0.7839200383333332 0.016666666666666666 0.7863187516666666
1 0.02666666666666667 0.6647233066666667 0.03458297 0.7333333333333333 0.30899292 0.7333333333333333 0.26432289999999997 0.6442689749999999 0.25812487 0.6573139933333333 0.02666666666666667 0.6589095766666667 0.02666666666666667 0.6647233066666667
2 0.49333333333333335 0.48069217999999997 0.6155962716666666 0.5366666666666666 0.6212573883333333 0.5366666666666666 0.7482401983333333 0.49139651500000003 0.6547095233333333 0.42881203999999995 0.6636327366666667 0.42418948 0.49333333333333335 0.47984068999999996 0.49333333333333335 0.48069217999999997
4 0.625 0.05 0.24 0.08
4 0.5475 0.9416666666666667 0.25833333333333336 0.1
3 0.6566666666666666 0.3275 0.2733333333333333 0.11833333333333333
5 0.8108333333333333 0.47583333333333333 0.06333333333333334 0.03166666666666667
5 0.4225 0.4483333333333333 0.08166666666666667 0.03666666666666667
5 0.6633333333333333 0.32166666666666666 0.21333333333333335 0.043333333333333335
5 0.6675 0.19166666666666668 0.20166666666666666 0.03
5 0.6625 0.0425 0.12666666666666668 0.055
5 0.6391666666666667 0.4841666666666667 0.125 0.03166666666666667
5 0.365 0.5983333333333334 0.09 0.03666666666666667
5 0.24666666666666667 0.5575 0.06666666666666667 0.035
5 0.15 0.7025 0.23 0.06833333333333333
5 0.16333333333333333 0.8241666666666667 0.26666666666666666 0.06833333333333333
5 0.5608333333333333 0.945 0.11 0.04666666666666667
5 0.5966666666666667 0.715 0.18 0.056666666666666664
5 0.8883333333333333 0.6416666666666667 0.15666666666666668 0.043333333333333335
5 0.5308333333333334 0.565 0.058333333333333334 0.04666666666666667
0 0.63 0.10916666666666666 0.06666666666666667 0.065
0 0.6658333333333334 0.25666666666666665 0.06 0.06
0 0.6441666666666667 0.41333333333333333 0.06 0.05333333333333334
0 0.41833333333333333 0.5025 0.18666666666666668 0.08833333333333333
0 0.8091666666666667 0.5391666666666667 0.16833333333333333 0.13
0 0.5366666666666666 0.6233333333333333 0.18333333333333332 0.09333333333333334
0 0.5825 0.82 0.10666666666666667 0.16
0 0.7725 0.8108333333333333 0.2916666666666667 0.3016666666666667
0 0.20666666666666667 0.6091666666666666 0.16666666666666666 0.105
0 0.14333333333333334 0.76 0.08 0.06333333333333334
0 0.2991666666666667 0.9175 0.3416666666666667 0.08833333333333333
2 0.27666666666666667 0.5942685033333334 0.372147465 0.66 0.3746574733333334 0.66 0.4667309433333333 0.5920867116666667 0.3582596666666667 0.5472819216666667 0.3539208816666667 0.5472819216666667 0.27666666666666667 0.5931846133333334 0.27666666666666667 0.5942685033333334