2 0.278525505 0.5004005766666666 0.27869181666666665 0.5066026433333334 0.09005387833333334 0.5964682383333333 0.29802264666666667 0.6877324666666667 0.46862198833333335 0.58045696 0.278525505 0.5004005766666666
1 0.20216204 0.14975358666666666 0.20353439333333334 0.15246098666666666 0.16804219666666667 0.2602314233333333 0.37763557333333336 0.25863025833333336 0.42150405 0.14655131999999998 0.20216204 0.14975358666666666
1 0.606726215 0.6445020683333333 0.9251782933333333 0.6829290966666667 0.9966674416666667 0.5036027833333333 0.697712505 0.48919267 0.606726215 0.6445020683333333
4 0.2975 0.0525 0.2125 0.105
4 0.8316666666666667 0.7975 0.2941666666666667 0.10083333333333333
3 0.2941666666666667 0.4075 0.25833333333333336 0.15416666666666667
3 0.3025 0.8483333333333334 0.33916666666666667 0.175
0 0.2825 0.12583333333333332 0.0475 0.058333333333333334
0 0.2891666666666667 0.2966666666666667 0.04583333333333333 0.08083333333333333
0 0.28583333333333333 0.49416666666666664 0.05416666666666667 0.06666666666666667
0 0.295 0.7233333333333334 0.04833333333333333 0.09833333333333333
0 0.5541666666666667 0.5841666666666666 0.15666666666666668 0.059166666666666666
0 0.8125 0.7083333333333334 0.04 0.0875
0 0.16416666666666666 0.7975 0.31166666666666665 0.405
5 0.2925 0.06166666666666667 0.14083333333333334 0.050833333333333335
5 0.28833333333333333 0.2175 0.15333333333333332 0.07
5 0.30666666666666664 0.41583333333333333 0.1975 0.09
5 0.5341666666666667 0.5483333333333333 0.0725 0.055
5 0.8125 0.5891666666666666 0.2475 0.14916666666666667
5 0.8025 0.8041666666666667 0.11833333333333333 0.0625
5 0.3016666666666667 0.8483333333333334 0.305 0.10416666666666667
5 0.35083333333333333 0.7175 0.08333333333333333 0.05333333333333334
5 0.2991666666666667 0.5991666666666666 0.2683333333333333 0.0725