0 0.7758333333333334 0.46416666666666667 0.105 0.10833333333333334
0 0.48833333333333334 0.49666666666666665 0.09666666666666666 0.09666666666666666
0 0.1925 0.3566666666666667 0.16166666666666665 0.30666666666666664
0 0.3125 0.7433333333333333 0.14833333333333334 0.30666666666666664
4 0.9008333333333334 0.4683333333333333 0.18833333333333332 0.23
1 0.49 0.3454967133333333 0.5596390566666667 0.5931597283333333 0.7514453683333333 0.5785686133333333 0.6913059733333333 0.32573739833333337 0.49 0.34509970333333334 0.49 0.3454967133333333
1 0.174323385 0 0.174290685 0.012454966666666666 0.0016666666666666668 0.018888026666666665 0.0016666666666666668 0.025413635 0.04455993333333333 0.224837355 0.21881997833333333 0.235 0.23883078666666668 0.235 0.17436775666666668 0 0.174323385 0
1 0.015 0.7121275616666667 0.07427067833333334 0.975 0.2667575466666667 0.975 0.20475802833333334 0.7218720016666667 0.21186905 0.716468035 0.015 0.7068002116666666 0.015 0.7121275616666667
2 0.369473335 0.6283333333333333 0.44939611500000004 0.48579896166666664 0.368379705 0.3223103033333333 0.3747659916666667 0.3107051516666667 0.26177465833333335 0.4809352583333333 0.3672324316666667 0.6283333333333333 0.369473335 0.6283333333333333
5 0.9125 0.46166666666666667 0.125 0.15
5 0.6258333333333334 0.4866666666666667 0.15166666666666667 0.14
5 0.36083333333333334 0.4925 0.09833333333333333 0.08833333333333333
5 0.195 0.4091666666666667 0.03666666666666667 0.095
5 0.1025 0.11 0.12833333333333333 0.17333333333333334
5 0.35 0.6841666666666667 0.016666666666666666 0.095
5 0.1375 0.8258333333333333 0.15833333333333333 0.195