4 0.12916666666666668 0.6491666666666667 0.25166666666666665 0.20166666666666666
4 0.8325 0.060833333333333336 0.25166666666666665 0.10166666666666667
5 0.12166666666666667 0.65 0.12333333333333334 0.09333333333333334
5 0.5483333333333333 0.6483333333333333 0.13333333333333333 0.07
5 0.7408333333333333 0.9175 0.085 0.055
5 0.9125 0.66 0.09 0.07333333333333333
5 0.8558333333333333 0.44916666666666666 0.08 0.07666666666666666
5 0.8675 0.2775 0.12166666666666667 0.08166666666666667
5 0.8333333333333334 0.05583333333333333 0.08666666666666667 0.051666666666666666
0 0.355 0.6508333333333334 0.19 0.04833333333333333
0 0.7358333333333333 0.6516666666666666 0.17166666666666666 0.05
0 0.9141666666666667 0.45416666666666666 0.03 0.18333333333333332
0 0.8458333333333333 0.155 0.03833333333333333 0.08666666666666667
0 0.59 0.845 0.04 0.22
1 0.6616666666666666 0.7382774950000001 0.6290262616666666 0.5832358533333333 0.447535965 0.565 0.4354607366666666 0.565 0.50227119 0.74520346 0.6616666666666666 0.740718735 0.6616666666666666 0.7382774950000001
1 0.9865934516666666 0.3516666666666667 0.9129507800000001 0.19666666666666666 0.90258498 0.19666666666666666 0.7401183033333334 0.20513747166666665 0.8083710333333334 0.34310987833333334 0.9780501166666666 0.3516666666666667 0.9865934516666666 0.3516666666666667
2 0.9983333333333333 0.64336625 0.909172505 0.5466666666666666 0.9078810466666666 0.5466666666666666 0.8275455 0.6493881233333334 0.9035985433333333 0.7753629283333333 0.9983333333333333 0.6467945216666666 0.9983333333333333 0.64336625