4 0.8608333333333333 0.965 0.185 0.05333333333333334
4 0.8283333333333334 0.03833333333333333 0.21166666666666667 0.056666666666666664
5 0.8641666666666666 0.9666666666666667 0.115 0.02666666666666667
5 0.845 0.8525 0.14 0.021666666666666667
5 0.8175 0.7158333333333333 0.16166666666666665 0.035
5 0.8458333333333333 0.58 0.215 0.03
5 0.20166666666666666 0.4925 0.23 0.035
5 0.8283333333333334 0.405 0.13333333333333333 0.03
5 0.43416666666666665 0.4275 0.14666666666666667 0.025
5 0.9025 0.2991666666666667 0.08 0.041666666666666664
5 0.8325 0.20416666666666666 0.175 0.023333333333333334
0 0.8575 0.9033333333333333 0.045 0.06333333333333334
0 0.8291666666666667 0.7916666666666666 0.051666666666666666 0.09666666666666666
0 0.8233333333333334 0.6483333333333333 0.04666666666666667 0.07666666666666666
0 0.8291666666666667 0.49583333333333335 0.058333333333333334 0.12166666666666667
0 0.8483333333333334 0.29583333333333334 0.04666666666666667 0.135
0 0.4175 0.5633333333333334 0.5966666666666667 0.08333333333333333
0 0.4633333333333333 0.58 0.5233333333333333 0.03
0 0.1775 0.4425 0.075 0.011666666666666667
0 0.39916666666666667 0.4125 0.62 0.085
3 0.1975 0.49166666666666664 0.35 0.07
3 0.8283333333333334 0.7166666666666667 0.25666666666666665 0.056666666666666664
2 0.9733333333333334 0.40442078833333334 0.852428985 0.36343283 0.7037696816666668 0.39820392 0.834132455 0.43718968666666663 0.8272712566666667 0.43824335666666664 0.84328072 0.439297025 0.9733333333333334 0.404608665 0.9733333333333334 0.40442078833333334
1 0.9533333333333334 0.8688588116666667 0.9172029066666666 0.8386887133333334 0.7183333333333334 0.8386887133333334 0.7183333333333334 0.8387449283333334 0.7754048 0.869245125 0.9533333333333334 0.869245125 0.9533333333333334 0.8688588116666667
1 0.9633333333333334 0.23022422333333334 0.92396684 0.19294373499999998 0.760515705 0.18833333333333332 0.7012031033333334 0.18833333333333332 0.7318532766666667 0.22666115499999998 0.7387144766666667 0.22771482333333334 0.9633333333333334 0.2318959833333333 0.9633333333333334 0.23022422333333334
3 0.9566666666666667 0.5554485983333334 0.7975003883333333 0.5533333333333333 0.7199077100000001 0.5533333333333333 0.7154179483333333 0.6081477516666667 0.9555598983333334 0.6070940816666667 0.9566666666666667 0.58210914 0.9566666666666667 0.5554485983333334