4 0.685 0.08583333333333333 0.12 0.13833333333333334
5 0.05583333333333333 0.8591666666666666 0.10166666666666667 0.15833333333333333
5 0.68 0.08666666666666667 0.06333333333333334 0.10333333333333333
5 0.6775 0.46416666666666667 0.055 0.15
5 0.6775 0.8933333333333333 0.07166666666666667 0.09333333333333334
5 0.325 0.855 0.06666666666666667 0.15
5 0.0575 0.86 0.045 0.09
5 0.9775 0.69 0.03333333333333333 0.10333333333333333
5 0.4841666666666667 0.9408333333333333 0.065 0.06833333333333333
0 0.6716666666666666 0.25 0.043333333333333335 0.18666666666666668
0 0.8541666666666666 0.6908333333333333 0.23833333333333334 0.43166666666666664
0 0.6666666666666666 0.6766666666666666 0.04 0.23333333333333334
0 0.49166666666666664 0.8916666666666667 0.22333333333333333 0.04
0 0.19 0.8766666666666667 0.16666666666666666 0.03333333333333333
1 0.6294717866666666 0.531839545 0.7212489066666666 0.58 0.7240096016666666 0.58 0.7240096016666666 0.3905286633333333 0.6283333333333333 0.3300701466666667 0.6283333333333333 0.4548553066666667 0.6294717866666666 0.531839545
2 0.6116666666666667 0.888370165 0.67058695 0.9916666666666667 0.6720576116666667 0.9916666666666667 0.7432683066666667 0.892089095 0.6697388950000001 0.7913675083333334 0.6116666666666667 0.8868374416666668 0.6116666666666667 0.888370165