2 0.291205355 0.765 0.36 0.6615239399999999 0.36 0.6584740966666667 0.2873683533333333 0.55060589 0.21840520500000002 0.6542469516666667 0.21531763666666667 0.65828024 0.28990337 0.765 0.291205355 0.765
2 0.5601214083333332 0.28833333333333333 0.6383333333333333 0.15809350833333333 0.6383333333333333 0.15468859333333335 0.5656236299999999 0.012959033333333335 0.48417055833333333 0.14001498 0.482364855 0.14285197 0.5584332216666666 0.28833333333333333 0.5601214083333332 0.28833333333333333
3 0.056666666666666664 0.6533333333333333 0.11333333333333333 0.22666666666666666
3 0.8308333333333333 0.6491666666666667 0.105 0.25833333333333336
3 0.8791666666666667 0.165 0.12 0.25
3 0.2783333333333333 0.16333333333333333 0.12333333333333334 0.32
0 0.16 0.845 0.26666666666666666 0.19333333333333333
0 0.725 0.14666666666666667 0.2 0.04
0 0.7025 0.4025 0.3283333333333333 0.23166666666666666
0 0.9383333333333334 0.39 0.12333333333333334 0.53
0 0.42083333333333334 0.15166666666666667 0.19166666666666668 0.06
0 0.2833333333333333 0.44 0.06666666666666667 0.24666666666666667
0 0.165 0.6558333333333334 0.16333333333333333 0.058333333333333334
0 0.5625 0.6591666666666667 0.44333333333333336 0.06166666666666667
5 0.0525 0.6475 0.056666666666666664 0.13166666666666665
5 0.15583333333333332 0.975 0.07166666666666667 0.04666666666666667
5 0.25666666666666665 0.46416666666666667 0.04666666666666667 0.10833333333333334
5 0.2875 0.6625 0.058333333333333334 0.12833333333333333
5 0.2833333333333333 0.16666666666666666 0.06333333333333334 0.3
5 0.5683333333333334 0.155 0.06333333333333334 0.18666666666666668
5 0.6683333333333333 0.435 0.07 0.07
5 0.8266666666666667 0.6491666666666667 0.06666666666666667 0.21666666666666667
5 0.8816666666666667 0.1675 0.07666666666666666 0.20166666666666666
5 0.7166666666666667 0.1775 0.03666666666666667 0.041666666666666664