4 0.5491666666666667 0.050833333333333335 0.5683333333333334 0.10166666666666667
4 0.47833333333333333 0.935 0.93 0.13
3 0.5675 0.5733333333333334 0.5683333333333334 0.11
3 0.5241666666666667 0.38333333333333336 0.6266666666666667 0.12666666666666668
5 0.55 0.05583333333333333 0.30666666666666664 0.055
5 0.5808333333333333 0.22 0.36833333333333335 0.05333333333333334
5 0.5641666666666667 0.38416666666666666 0.49 0.06
5 0.5766666666666667 0.58 0.4533333333333333 0.06
5 0.4091666666666667 0.935 0.34833333333333333 0.06333333333333334
5 0.5991666666666666 0.7508333333333334 0.6216666666666667 0.045
0 0.5633333333333334 0.13666666666666666 0.16666666666666666 0.08666666666666667
0 0.5433333333333333 0.2916666666666667 0.13666666666666666 0.09333333333333334
0 0.5383333333333333 0.48333333333333334 0.13666666666666666 0.09333333333333334
0 0.5625 0.6508333333333334 0.12833333333333333 0.07666666666666666
0 0.43666666666666665 0.845 0.09333333333333334 0.09333333333333334
1 0.8616666666666667 0.15672734166666666 0.8616666666666667 0.15670003166666668 0.32941338166666667 0.16470037666666668 0.32518856833333337 0.15860402666666665 0.17735722666666667 0.255 0.23095320166666666 0.255 0.7562011066666666 0.2463089416666667 0.8616666666666667 0.15672734166666666
1 0.99 0.678465685 0.19841992500000002 0.6769118683333334 0.00421611 0.8133333333333334 0.049287135 0.8133333333333334 0.78422738 0.7952787183333334 0.99 0.6787091566666668 0.99 0.678465685