5 0.9441666666666667 0.5816666666666667 0.04833333333333333 0.21333333333333335
5 0.8341666666666666 0.6341666666666667 0.06833333333333333 0.365
5 0.7158333333333333 0.6133333333333333 0.095 0.38666666666666666
5 0.5833333333333334 0.6508333333333334 0.03 0.45666666666666667
5 0.49916666666666665 0.19916666666666666 0.06166666666666667 0.2633333333333333
5 0.3975 0.38416666666666666 0.028333333333333332 0.18833333333333332
5 0.4008333333333333 0.7225 0.05333333333333334 0.30833333333333335
5 0.29833333333333334 0.8066666666666666 0.06666666666666667 0.115
5 0.1975 0.7108333333333333 0.06833333333333333 0.38666666666666666
5 0.04583333333333333 0.7025 0.058333333333333334 0.22166666666666668
0 0.895 0.5916666666666667 0.02666666666666667 0.07
0 0.7866666666666666 0.6025 0.043333333333333335 0.058333333333333334
0 0.6425 0.6116666666666667 0.05 0.07
0 0.5091666666666667 0.6791666666666667 0.09333333333333334 0.08833333333333333
0 0.2808333333333333 0.6858333333333333 0.09 0.06166666666666667
0 0.1275 0.6866666666666666 0.07166666666666667 0.04666666666666667
4 0.9541666666666667 0.565 0.09166666666666666 0.30666666666666664
4 0.04833333333333333 0.6958333333333333 0.08666666666666667 0.34833333333333333
3 0.7091666666666666 0.6116666666666667 0.115 0.48333333333333334
1 0.8736450833333333 0.885 0.874120065 0.885 0.88179862 0.44355244166666663 0.8053679283333334 0.325 0.8053002733333333 0.325 0.8 0.6934125066666667 0.8 0.77148406 0.8736450833333333 0.885
0 0.375 0.42786001166666665 0.375 0.47819892166666667 0.39658450333333334 0.46914287666666665 0.3901839833333333 0.23729726499999998 0.459201295 0.22432777666666667 0.46379036333333334 0.18403530333333334 0.3789829966666667 0.18090230333333332 0.375 0.42786001166666665
0 0.57474304 0.35833333333333334 0.5751281516666666 0.35833333333333334 0.6035431849999999 0.349060535 0.606743475 0.14854540500000002 0.5433333333333333 0.15651106666666667 0.5433333333333333 0.20154240333333334 0.57794092 0.18614212500000002 0.57474304 0.35833333333333334
1 0.23072592999999997 0.99 0.23976337666666667 0.5138147016666667 0.16166666666666665 0.4356961283333334 0.16166666666666665 0.6417193433333334 0.16348228833333334 0.9136677100000001 0.22897726000000002 0.99 0.23072592999999997 0.99
2 0.39884025 0.9783333333333334 0.469601585 0.682175955 0.39058627333333334 0.4749726833333333 0.325 0.6785603716666666 0.325 0.6787003783333334 0.39832754833333334 0.9783333333333334 0.39884025 0.9783333333333334
3 0.5841666666666666 0.6458333333333334 0.06333333333333334 0.5616666666666666
3 0.5041666666666667 0.18833333333333332 0.08333333333333333 0.33666666666666667