2 0.4985083666666667 0.195 0.38704904833333337 0.2823097816666667 0.4866591516666667 0.4049167666666667 0.6074418116666667 0.30231790166666667 0.5694933083333333 0.23829208 0.5005895983333334 0.195 0.4985083666666667 0.195
1 0.7644311566666667 0.205 0.6733333333333333 0.35168440833333336 0.6733333333333333 0.35190318666666665 0.83959611 0.37189601333333333 0.9269545433333334 0.356476325 0.9999578566666666 0.21783400999999997 0.8819231433333334 0.21583314333333334 0.7765552366666666 0.205 0.7644311566666667 0.205
1 0.6616666666666666 0.790212715 0.6616666666666666 0.7921188416666667 0.91410588 0.8003983416666667 0.9864265683333334 0.6933333333333334 0.813909645 0.6933333333333334 0.76691024 0.7020398083333333 0.72896187 0.694036615 0.6616666666666666 0.790212715
4 0.85 0.9166666666666666 0.25 0.15333333333333332
3 0.8291666666666667 0.5208333333333334 0.20166666666666666 0.18833333333333332
3 0.4875 0.5441666666666667 0.265 0.15833333333333333
3 0.13 0.2816666666666667 0.26 0.18666666666666668
4 0.8583333333333333 0.06333333333333334 0.22333333333333333 0.1
0 0.8308333333333333 0.8166666666666667 0.043333333333333335 0.06333333333333334
0 0.8208333333333333 0.6541666666666667 0.03833333333333333 0.09
0 0.6483333333333333 0.30083333333333334 0.12333333333333334 0.07666666666666666
0 0.6741666666666667 0.5283333333333333 0.155 0.07
0 0.23666666666666666 0.4725 0.2633333333333333 0.18833333333333332
0 0.325 0.27666666666666667 0.14333333333333334 0.06666666666666667
5 0.8508333333333333 0.9208333333333333 0.16 0.09666666666666666
5 0.8216666666666667 0.7491666666666666 0.21 0.08
5 0.8191666666666667 0.5358333333333334 0.155 0.14666666666666667
5 0.4791666666666667 0.5441666666666667 0.18666666666666668 0.11166666666666666
5 0.1275 0.27666666666666667 0.19666666666666666 0.12
5 0.5025 0.2975 0.13166666666666665 0.08166666666666667
5 0.315 0.31083333333333335 0.06333333333333334 0.056666666666666664
5 0.6291666666666667 0.335 0.07 0.07
5 0.835 0.2966666666666667 0.18 0.10333333333333333
5 0.8616666666666667 0.056666666666666664 0.11333333333333333 0.08