5 0.49416666666666664 0.0575 0.2 0.09416666666666666
5 0.5 0.28 0.21166666666666667 0.075
5 0.28 0.475 0.15416666666666667 0.060833333333333336
5 0.4816666666666667 0.5183333333333333 0.1575 0.07083333333333333
5 0.9208333333333333 0.5658333333333333 0.15833333333333333 0.07083333333333333
5 0.8141666666666667 0.6783333333333333 0.22416666666666665 0.07916666666666666
5 0.1825 0.6425 0.24416666666666667 0.08416666666666667
5 0.18916666666666668 0.8116666666666666 0.2575 0.08166666666666667
5 0.4558333333333333 0.9483333333333334 0.13583333333333333 0.07083333333333333
0 0.5083333333333333 0.17583333333333334 0.05416666666666667 0.12666666666666668
0 0.48583333333333334 0.39416666666666667 0.059166666666666666 0.12666666666666668
0 0.18 0.7208333333333333 0.045 0.06833333333333333
4 0.49083333333333334 0.0625 0.2875 0.12333333333333334
4 0.45166666666666666 0.9491666666666667 0.21333333333333335 0.09916666666666667
3 0.81 0.685 0.295 0.12416666666666666
3 0.18833333333333332 0.815 0.305 0.11666666666666667
0 0.7225 0.5633333333333334 0.22666666666666666 0.105
0 0.25333333333333335 0.5516666666666666 0.18083333333333335 0.09333333333333334
0 0.25333333333333335 0.9125 0.17166666666666666 0.09166666666666666
0 0.8272970633333333 0.959916185 0.8173978683333333 0.7485709483333333 0.7759900616666667 0.7466986816666666 0.7811000616666667 0.9182876166666667 0.561664625 0.9150853433333332 0.5666143483333334 0.9823316049999999 0.8272970633333333 0.959916185
1 0.6474589116666667 0.24902788833333334 0.3882012816666667 0.23249299833333334 0.33397960666666665 0.33708837166666666 0.5946624466666667 0.33868944833333336 0.6474589116666667 0.24902788833333334
1 0.36037796333333333 0.6044720366666667 0.06641910333333333 0.586634655 0.0056513833333333326 0.6941337183333334 0.300981785 0.6909313833333334 0.36037796333333333 0.6044720366666667
2 0.4940191166666667 0.45717084999999996 0.34694715666666665 0.5006002416666666 0.5138177583333333 0.5932643266666666 0.6161110816666667 0.5180126266666666 0.4940191166666667 0.45717084999999996