0 0.31333333333333335 0.16916666666666666 0.08 0.085
0 0.30416666666666664 0.3408333333333333 0.09166666666666666 0.09166666666666666
0 0.2783333333333333 0.5075 0.07 0.07333333333333333
0 0.24416666666666667 0.705 0.08 0.08
0 0.23333333333333334 0.8566666666666667 0.07 0.07666666666666666
0 0.5091666666666667 0.635 0.20166666666666666 0.06
0 0.6525 0.5016666666666667 0.405 0.15666666666666668
4 0.3175 0.065 0.4083333333333333 0.13
4 0.21083333333333334 0.9391666666666667 0.4116666666666667 0.12166666666666667
3 0.7858333333333334 0.6283333333333333 0.4116666666666667 0.11666666666666667
3 0.2925 0.4275 0.39666666666666667 0.11833333333333333
5 0.3383333333333333 0.06916666666666667 0.27 0.058333333333333334
5 0.30583333333333335 0.2525 0.305 0.045
5 0.29833333333333334 0.4241666666666667 0.32666666666666666 0.06333333333333334
5 0.27166666666666667 0.6091666666666666 0.21666666666666667 0.03833333333333333
5 0.8408333333333333 0.5966666666666667 0.175 0.02666666666666667
5 0.8191666666666667 0.6458333333333334 0.175 0.041666666666666664
5 0.49666666666666665 0.5916666666666667 0.09333333333333334 0.05333333333333334
5 0.13 0.7016666666666667 0.13 0.03666666666666667
5 0.23083333333333333 0.7825 0.26166666666666666 0.04
5 0.20583333333333334 0.93 0.19333333333333333 0.05333333333333334
2 0.10333333333333333 0.6040299 0.23297160999999997 0.6883333333333334 0.23481959 0.6883333333333334 0.47959928 0.6341999366666667 0.28715958 0.5219137166666666 0.28682446666666667 0.5237221633333333 0.10333333333333333 0.6036102633333333 0.10333333333333333 0.6040299
1 0.03 0.7274866666666667 0.047136415 0.82 0.12843230166666667 0.82 0.40909287666666666 0.8175161 0.36674558166666665 0.745233905 0.035198118333333334 0.725 0.03 0.725 0.03 0.7274866666666667
1 0.08833333333333333 0.19364138166666667 0.15292305166666667 0.2966666666666667 0.16054660333333334 0.2966666666666667 0.4972100283333333 0.277864485 0.44086042166666667 0.20101033666666665 0.42603159 0.22022394166666667 0.4289975366666667 0.19780810000000001 0.11126875666666666 0.19333333333333333 0.08833333333333333 0.19333333333333333 0.08833333333333333 0.19364138166666667