5 0.17833333333333334 0.19583333333333333 0.2425 0.0625
5 0.16416666666666666 0.04666666666666667 0.11666666666666667 0.0725
5 0.17333333333333334 0.3525 0.22416666666666665 0.06833333333333333
5 0.16416666666666666 0.52 0.12666666666666668 0.05583333333333333
5 0.35333333333333333 0.46 0.10583333333333333 0.04666666666666667
5 0.5283333333333333 0.48833333333333334 0.1875 0.06
5 0.27416666666666667 0.6041666666666666 0.09583333333333334 0.060833333333333336
5 0.2275 0.7016666666666667 0.09083333333333334 0.035833333333333335
5 0.3883333333333333 0.6566666666666666 0.11333333333333333 0.049166666666666664
5 0.59 0.6841666666666667 0.215 0.059166666666666666
5 0.9216666666666666 0.6566666666666666 0.09833333333333333 0.049166666666666664
5 0.30583333333333335 0.7916666666666666 0.085 0.058333333333333334
5 0.20916666666666667 0.9058333333333334 0.2816666666666667 0.10416666666666667
5 0.6808333333333333 0.9033333333333333 0.2758333333333333 0.09666666666666666
5 0.6883333333333334 0.8166666666666667 0.004166666666666667 0.0008333333333333334
0 0.16666666666666666 0.12166666666666667 0.06 0.0625
0 0.1575 0.2775 0.04666666666666667 0.07083333333333333
0 0.17583333333333334 0.43916666666666665 0.04833333333333333 0.049166666666666664
0 0.37416666666666665 0.5 0.13416666666666666 0.0325
0 0.21083333333333334 0.6141666666666666 0.04 0.10833333333333334
0 0.2608333333333333 0.8083333333333333 0.025 0.11166666666666666
0 0.445 0.92 0.16583333333333333 0.04
0 0.7791666666666667 0.6691666666666667 0.16333333333333333 0.04083333333333333
4 0.1675 0.04583333333333333 0.175 0.09166666666666666
4 0.9258333333333333 0.6583333333333333 0.11916666666666667 0.07583333333333334
3 0.17666666666666667 0.3541666666666667 0.2991666666666667 0.11083333333333334
1 0.3333562666666667 0.14686902000000002 0.07714222500000001 0.15436912833333333 0.007299878333333334 0.249277925 0.26498957333333334 0.23647682500000003 0.3333562666666667 0.14686902000000002
1 0.8750306583333334 0.84612985 0.5790050333333334 0.844231155 0.492878465 0.9853420383333334 0.7978990066666666 0.9693406466666666 0.8750306583333334 0.84612985
1 0.3508861816666667 0.96454018 0.41749991 0.8445297366666668 0.07275914333333335 0.8722255566666667 0.009052845 0.9949428499999999 0.07566657333333333 0.9901423833333333 0.3508861816666667 0.96454018
2 0.17357001333333333 0.45830834 0.059889623333333336 0.5421034566666666 0.21064686333333335 0.57730647 0.32459130833333333 0.5069003799999999 0.17357001333333333 0.45830834
1 0.7453092633333334 0.6253106483333334 0.49353494833333333 0.6482703466666666 0.4280178333333333 0.7533218483333334 0.6839545616666666 0.7229191783333333 0.7453092633333334 0.6253106483333334
2 0.213017745 0.6582683483333334 0.14403326833333333 0.7245192933333333 0.2702486 0.7565220783333334 0.33686233 0.7037176166666667 0.213017745 0.6582683483333334
3 0.6664246466666667 0.4604963183333334 0.4437947833333333 0.4588962033333333 0.422758805 0.54050328 0.624352825 0.5293022933333333 0.6664246466666667 0.4604963183333334
0 0.7966666666666666 0.5483333333333333 0.3075 0.16
0 0.8908333333333334 0.81 0.12916666666666668 0.22666666666666666