4 0.2075 0.0525 0.15416666666666667 0.095
0 0.21166666666666667 0.14416666666666667 0.03833333333333333 0.095
0 0.21333333333333335 0.33166666666666667 0.03833333333333333 0.07916666666666666
0 0.25166666666666665 0.49833333333333335 0.043333333333333335 0.07416666666666667
0 0.5333333333333333 0.5975 0.1925 0.04833333333333333
0 0.35083333333333333 0.7608333333333334 0.060833333333333336 0.10166666666666667
0 0.050833333333333335 0.81 0.10166666666666667 0.37416666666666665
5 0.20583333333333334 0.24833333333333332 0.15083333333333335 0.07083333333333333
5 0.25333333333333335 0.41083333333333333 0.1975 0.06666666666666667
5 0.2708333333333333 0.6225 0.285 0.06583333333333333
5 0.5216666666666666 0.5541666666666667 0.095 0.07
5 0.7883333333333333 0.5866666666666667 0.285 0.11416666666666667
5 0.41083333333333333 0.76 0.06833333333333333 0.0575
5 0.3875 0.8633333333333333 0.3 0.10666666666666667
1 0.21416666666666667 0.24 0.24333333333333335 0.105
2 0.26166666666666666 0.6266666666666667 0.36 0.16833333333333333
1 0.7916666666666666 0.5708333333333333 0.4166666666666667 0.175
3 0.39 0.8725 0.38083333333333336 0.16333333333333333
5 0.2075 0.0575 0.11083333333333334 0.0525