2 0.42220039 0.6616666666666666 0.2633333333333333 0.7464809133333333 0.2633333333333333 0.7472421866666666 0.5351294333333333 0.8040551883333333 0.7522462566666667 0.7246256233333334 0.42953333166666663 0.6616666666666666 0.42220039 0.6616666666666666
2 0.3333333333333333 0.14407808166666666 0.3333333333333333 0.14459929833333335 0.5601965016666667 0.22833333333333333 0.5632870683333333 0.22833333333333333 0.7742167816666667 0.14745445833333332 0.5648775483333334 0.10166666666666667 0.5587761166666667 0.10166666666666667 0.3333333333333333 0.14407808166666666
4 0.5441666666666667 0.97 0.095 0.05333333333333334
4 0.5708333333333333 0.028333333333333332 0.15166666666666667 0.056666666666666664
3 0.5225 0.8691666666666666 0.5333333333333333 0.10333333333333333
3 0.5125 0.5566666666666666 0.465 0.12
3 0.5275 0.42916666666666664 0.41333333333333333 0.105
3 0.525 0.30416666666666664 0.4033333333333333 0.10166666666666667
0 0.5516666666666666 0.9316666666666666 0.06 0.04
0 0.5316666666666666 0.8108333333333333 0.07666666666666666 0.065
0 0.5333333333333333 0.6433333333333333 0.07333333333333333 0.1
0 0.5483333333333333 0.49583333333333335 0.05 0.055
0 0.5458333333333333 0.37333333333333335 0.06 0.05333333333333334
0 0.55 0.2375 0.09333333333333334 0.045
0 0.57 0.085 0.06666666666666667 0.05333333333333334
0 0.835 0.4483333333333333 0.25 0.64
0 0.15833333333333333 0.5666666666666667 0.31666666666666665 0.4033333333333333
5 0.5266666666666666 0.8658333333333333 0.44333333333333336 0.035
5 0.49416666666666664 0.7341666666666666 0.3383333333333333 0.04666666666666667
5 0.5266666666666666 0.5616666666666666 0.3233333333333333 0.07333333333333333
5 0.5183333333333333 0.43 0.37666666666666665 0.07666666666666666
5 0.5266666666666666 0.3175 0.37333333333333335 0.06166666666666667
5 0.55 0.14833333333333334 0.33 0.04
5 0.075 0.5691666666666667 0.08333333333333333 0.06166666666666667
5 0.9533333333333334 0.4775 0.08666666666666667 0.06166666666666667
5 0.4891666666666667 0.0825 0.095 0.041666666666666664