4 0.4741666666666667 0.9666666666666667 0.085 0.04666666666666667
4 0.48 0.041666666666666664 0.10666666666666667 0.06333333333333334
3 0.4841666666666667 0.33166666666666667 0.43333333333333335 0.08333333333333333
3 0.48833333333333334 0.4925 0.47333333333333333 0.10666666666666667
3 0.44166666666666665 0.63 0.4 0.10666666666666667
3 0.51 0.8825 0.56 0.065
0 0.8116666666666666 0.6291666666666667 0.17 0.3383333333333333
0 0.17166666666666666 0.49333333333333335 0.10333333333333333 0.6133333333333333
0 0.46416666666666667 0.4083333333333333 0.058333333333333334 0.07666666666666666
0 0.46 0.27166666666666667 0.056666666666666664 0.06333333333333334
0 0.47583333333333333 0.1075 0.051666666666666666 0.06666666666666667
0 0.5058333333333334 0.6983333333333334 0.03666666666666667 0.05333333333333334
0 0.48 0.5616666666666666 0.03666666666666667 0.043333333333333335
0 0.47 0.8466666666666667 0.05 0.03
5 0.4841666666666667 0.7808333333333334 0.39166666666666666 0.04833333333333333
5 0.4375 0.6341666666666667 0.33 0.07833333333333334
5 0.4666666666666667 0.515 0.4 0.03333333333333333
5 0.48333333333333334 0.4741666666666667 0.43 0.03833333333333333
5 0.47333333333333333 0.3383333333333333 0.36333333333333334 0.043333333333333335
5 0.4866666666666667 0.20666666666666667 0.4 0.02666666666666667
5 0.5716666666666667 0.11833333333333333 0.11333333333333333 0.03666666666666667
5 0.030833333333333334 0.3975 0.06166666666666667 0.041666666666666664
5 0.9566666666666667 0.7041666666666667 0.07666666666666666 0.058333333333333334
5 0.5775 0.7 0.09666666666666666 0.03666666666666667
5 0.3016666666666667 0.8841666666666667 0.09333333333333334 0.035
5 0.5566666666666666 0.8816666666666667 0.37333333333333335 0.03
2 0.775 0.7766655383333333 0.52804079 0.725 0.52233273 0.725 0.317054065 0.750115985 0.205 0.7735052916666667 0.205 0.773626065 0.2624956583333333 0.8001643966666666 0.4639494433333333 0.8364874633333333 0.635051085 0.814007615 0.775 0.7768288383333334 0.775 0.7766655383333333
2 0.745 0.20846886499999998 0.7414862750000001 0.19982784666666667 0.47487399999999996 0.15 0.473671735 0.15 0.28523731333333335 0.183182195 0.22642073999999998 0.19867983833333333 0.21666666666666667 0.21450071166666665 0.21666666666666667 0.21562561833333332 0.3667403766666667 0.23713697166666667 0.41295346499999996 0.23713697166666667 0.4507641516666666 0.24058089166666666 0.669225875 0.22393529166666667 0.745 0.210283475 0.745 0.20846886499999998