3 0.3283333333333333 0.06833333333333333 0.32 0.12333333333333334
3 0.7991666666666667 0.3258333333333333 0.365 0.11833333333333333
3 0.7291666666666666 0.8308333333333333 0.3283333333333333 0.13166666666666665
3 0.185 0.835 0.23333333333333334 0.08666666666666667
0 0.23166666666666666 0.5808333333333333 0.14666666666666667 0.4216666666666667
0 0.3383333333333333 0.18916666666666668 0.06333333333333334 0.12333333333333334
0 0.5241666666666667 0.33416666666666667 0.18833333333333332 0.06
0 0.7933333333333333 0.44416666666666665 0.05 0.105
0 0.75 0.7008333333333333 0.04666666666666667 0.11833333333333333
0 0.4225 0.94 0.595 0.11333333333333333
0 0.0875 0.205 0.16 0.29
5 0.31 0.07333333333333333 0.16 0.056666666666666664
5 0.8008333333333333 0.33166666666666667 0.3466666666666667 0.07666666666666666
5 0.2941666666666667 0.31083333333333335 0.135 0.051666666666666666
5 0.7591666666666667 0.5658333333333333 0.24833333333333332 0.04833333333333333
5 0.3525 0.6675 0.10166666666666667 0.06333333333333334
5 0.18083333333333335 0.835 0.19833333333333333 0.06
5 0.7608333333333334 0.8283333333333334 0.23833333333333334 0.056666666666666664
5 0.6608333333333334 0.7108333333333333 0.09833333333333333 0.06833333333333333
5 0.5391666666666667 0.29083333333333333 0.07166666666666667 0.04833333333333333
5 0.115 0.18083333333333335 0.06333333333333334 0.055