2 0.43666666666666665 0.54910357 0.3449872116666666 0.5133333333333333 0.33901458333333334 0.5133333333333333 0.250202115 0.5313585083333333 0.24177104333333332 0.544237105 0.334198565 0.5988832983333333 0.43666666666666665 0.5492981666666666 0.43666666666666665 0.54910357
2 0.6117751183333333 0.4266666666666667 0.5207974266666666 0.456977695 0.573562415 0.5141515816666666 0.6677384083333333 0.46985629166666665 0.617562775 0.4266666666666667 0.6117751183333333 0.4266666666666667
2 0.5166666666666667 0.39302751666666663 0.462791425 0.319172405 0.29147774 0.30833333333333335 0.2732112066666667 0.30833333333333335 0.338678095 0.389649575 0.5166666666666667 0.39449761666666666 0.5166666666666667 0.39302751666666663
2 1 0.41577824166666666 0.9544834483333333 0.30777376 0.7019771266666667 0.29833333333333334 0.6729852516666667 0.29833333333333334 0.7489761816666667 0.42269002 1 0.41629049 1 0.41577824166666666
2 0.21833333333333332 0.3870367566666667 0.18268862166666666 0.3122751266666666 0.015349446666666667 0.2966666666666667 0.005349673333333333 0.2966666666666667 0.03923077 0.37974359 0.21833333333333332 0.3890850516666667 0.21833333333333332 0.3870367566666667
4 0.365 0.9608333333333333 0.21666666666666667 0.06833333333333333
4 0.355 0.03916666666666667 0.22 0.07166666666666667
3 0.35333333333333333 0.8416666666666667 0.23333333333333334 0.10333333333333333
3 0.3566666666666667 0.6841666666666667 0.25 0.10666666666666667
1 0.8041666666666667 0.15666666666666668 0.34 0.16
0 0.37916666666666665 0.18833333333333332 0.06833333333333333 0.26
0 0.15583333333333332 0.46416666666666667 0.18166666666666667 0.16166666666666665
0 0.5391666666666667 0.5425 0.19666666666666666 0.07833333333333334
0 0.7766666666666666 0.45 0.22 0.07
0 0.45916666666666667 0.43083333333333335 0.14166666666666666 0.065
0 0.1575 0.15666666666666668 0.19333333333333333 0.2866666666666667
0 0.6391666666666667 0.0525 0.3616666666666667 0.095
0 0.33916666666666667 0.6191666666666666 0.043333333333333335 0.05
0 0.33666666666666667 0.7808333333333334 0.05 0.06166666666666667
0 0.3433333333333333 0.9216666666666666 0.03 0.05
5 0.3491666666666667 0.685 0.18 0.05333333333333334
5 0.345 0.8458333333333333 0.17 0.05333333333333334
5 0.35333333333333333 0.9683333333333334 0.14 0.04
5 0.33416666666666667 0.555 0.1 0.03666666666666667
5 0.515 0.5833333333333334 0.07666666666666666 0.04666666666666667
5 0.5966666666666667 0.4658333333333333 0.08 0.041666666666666664
5 0.19166666666666668 0.57 0.06333333333333334 0.05
5 0.105 0.335 0.15333333333333332 0.04
5 0.4 0.34833333333333333 0.15333333333333332 0.03
5 0.835 0.3641666666666667 0.24666666666666667 0.08166666666666667
5 0.8108333333333333 0.16 0.25166666666666665 0.1
5 0.3383333333333333 0.04 0.09666666666666666 0.03333333333333333