4 0.9508333333333333 0.12583333333333332 0.07833333333333334 0.15333333333333332
4 0.3233333333333333 0.9175 0.09 0.10833333333333334
1 0.5212537616666666 0.62 0.52240266 0.62 0.51642457 0.4183906883333333 0.40067176833333334 0.35833333333333334 0.4 0.35833333333333334 0.4 0.367280155 0.41138255333333335 0.5432219983333333 0.5212537616666666 0.62
1 0.13731972333333334 0.33 0.146290515 0.05603576333333333 0.015 0.009074961666666666 0.015 0.04350877166666667 0.020240096666666665 0.2820816466666667 0.13488947 0.33 0.13731972333333334 0.33
1 0.13583023 0.7533333333333333 0.146290515 0.4929554666666667 0.024741895 0.42041835333333333 0.015 0.683252355 0.015 0.70413655 0.13316086666666666 0.7533333333333333 0.13583023 0.7533333333333333
1 0.35330090833333333 0.5916666666666667 0.3458743483333333 0.39630904333333333 0.245 0.3596212733333333 0.245 0.3968967016666667 0.24983593333333332 0.553191635 0.3482347883333334 0.5916666666666667 0.35330090833333333 0.5916666666666667
2 0.44109229333333333 0.215 0.5129221683333334 0.14434547833333333 0.430389155 0.078556005 0.4083333333333333 0.16781511333333335 0.4083333333333333 0.17027435333333335 0.4407515216666667 0.215 0.44109229333333333 0.215
2 0.3097038833333333 0.24666666666666667 0.34387255 0.16316464333333333 0.2808473383333333 0.09062752833333333 0.24666666666666667 0.21091269166666665 0.24666666666666667 0.21227226666666665 0.307858145 0.24666666666666667 0.3097038833333333 0.24666666666666667
1 0.8483621083333334 0.2783333333333333 0.8513595433333333 0.09300607166666666 0.7433333333333333 0.03734681833333333 0.7433333333333333 0.03944125666666667 0.7448169266666667 0.22289811166666668 0.8479253499999999 0.2783333333333333 0.8483621083333334 0.2783333333333333
5 0.9416666666666667 0.12666666666666668 0.043333333333333335 0.10666666666666667
5 0.7825 0.1475 0.045 0.16666666666666666
5 0.62 0.15083333333333335 0.043333333333333335 0.17833333333333334
5 0.49 0.27166666666666667 0.04666666666666667 0.09333333333333334
5 0.4575 0.4691666666666667 0.06166666666666667 0.12833333333333333
5 0.2925 0.4725 0.043333333333333335 0.16833333333333333
5 0.33166666666666667 0.31666666666666665 0.056666666666666664 0.08333333333333333
5 0.3775 0.225 0.051666666666666666 0.09333333333333334
5 0.4525 0.15666666666666668 0.045 0.08666666666666667
5 0.19833333333333333 0.2475 0.05333333333333334 0.085
5 0.32416666666666666 0.9208333333333333 0.051666666666666666 0.08166666666666667
5 0.07833333333333334 0.6025 0.11 0.26666666666666666
5 0.07583333333333334 0.16833333333333333 0.095 0.26
3 0.6266666666666667 0.15583333333333332 0.11666666666666667 0.235
0 0.30083333333333334 0.7191666666666666 0.051666666666666666 0.27166666666666667
0 0.43166666666666664 0.7883333333333333 0.10666666666666667 0.35
0 0.14333333333333334 0.8575 0.20333333333333334 0.22833333333333333
0 0.24416666666666667 0.9383333333333334 0.041666666666666664 0.06333333333333334
0 0.20916666666666667 0.16916666666666666 0.085 0.04833333333333333
0 0.31083333333333335 0.30583333333333335 0.04833333333333333 0.11
0 0.37333333333333335 0.16833333333333333 0.04666666666666667 0.04
0 0.44166666666666665 0.2783333333333333 0.06333333333333334 0.1
0 0.5375 0.155 0.035 0.05333333333333334
0 0.7025 0.14 0.06833333333333333 0.07666666666666666
0 0.87 0.1425 0.04666666666666667 0.07833333333333334