5 0.9083333333333333 0.24 0.08333333333333333 0.30666666666666664
5 0.6383333333333333 0.26 0.08333333333333333 0.4033333333333333
5 0.3408333333333333 0.22666666666666666 0.065 0.2
5 0.21333333333333335 0.15 0.06333333333333334 0.13
5 0.23 0.9316666666666666 0.06 0.12
5 0.075 0.8008333333333333 0.056666666666666664 0.24833333333333332
5 0.08166666666666667 0.21916666666666668 0.05 0.26166666666666666
4 0.9116666666666666 0.23666666666666666 0.16 0.44
1 0.719409765 0.4896709633333333 0.7164085633333334 0.07468305 0.5648479383333334 0.014247918333333331 0.5583333333333333 0.37631723 0.5583333333333333 0.43160663 0.719409765 0.4896709633333333
1 0.13139268666666667 0.43666666666666665 0.14037114666666667 0.12729922166666666 0.02782613 0.04067553 0.02 0.32259488166666667 0.02 0.36576948666666664 0.13002326 0.43666666666666665 0.13139268666666667 0.43666666666666665
1 0.123211705 0.9866666666666667 0.12769607833333335 0.71174792 0.019652861666666667 0.6231097250000001 0.013333333333333334 0.87253197 0.013333333333333334 0.9199718533333333 0.12146220166666666 0.9866666666666667 0.123211705 0.9866666666666667
0 0.25666666666666665 0.6333333333333333 0.25666666666666665 0.4666666666666667
0 0.7566666666666667 0.24916666666666668 0.10666666666666667 0.07166666666666667
0 0.5108333333333334 0.24666666666666667 0.095 0.07333333333333333
0 0.19333333333333333 0.255 0.1 0.043333333333333335
2 0.3517671466666667 0.4066666666666667 0.472865145 0.24208971166666668 0.34981592666666667 0.06078431333333333 0.24 0.2500450066666667 0.24 0.25385542 0.3508721933333333 0.4066666666666667 0.3517671466666667 0.4066666666666667