4 0.6425 0.055 0.30333333333333334 0.0975
4 0.6533333333333333 0.9341666666666667 0.32 0.11583333333333333
0 0.6483333333333333 0.12583333333333332 0.04 0.041666666666666664
0 0.6825 0.2425 0.04666666666666667 0.0375
0 0.7 0.3575 0.0675 0.050833333333333335
0 0.7041666666666667 0.5991666666666666 0.09083333333333334 0.13666666666666666
0 0.6808333333333333 0.8075 0.058333333333333334 0.13166666666666665
0 0.4066666666666667 0.4825 0.23333333333333334 0.04666666666666667
0 0.2941666666666667 0.33916666666666667 0.30333333333333334 0.13166666666666665
3 0.6975 0.29583333333333334 0.48333333333333334 0.07833333333333334
3 0.14333333333333334 0.4891666666666667 0.26416666666666666 0.14083333333333334
5 0.6375 0.05416666666666667 0.21 0.06
5 0.7025 0.18083333333333335 0.37583333333333335 0.049166666666666664
5 0.7158333333333333 0.29 0.41333333333333333 0.04083333333333333
5 0.17833333333333334 0.45416666666666666 0.1475 0.0375
5 0.16916666666666666 0.5083333333333333 0.16083333333333333 0.05416666666666667
5 0.17083333333333334 0.4816666666666667 0.1825 0.11083333333333334
5 0.7241666666666666 0.4583333333333333 0.24333333333333335 0.0525
5 0.39 0.45666666666666667 0.08916666666666667 0.043333333333333335
5 0.7941666666666667 0.61 0.12166666666666667 0.0675
5 0.7175 0.7116666666666667 0.2991666666666667 0.04666666666666667
5 0.66 0.9266666666666666 0.20333333333333334 0.07083333333333333
1 0.5280373833333333 0.14105642333333332 0.4205607483333333 0.21158463333333333 0.9112149533333334 0.22058823499999997 0.9883177566666665 0.15006002333333332 0.5280373833333333 0.14105642333333332
1 0.54906542 0.6707683066666666 0.4485981316666667 0.75480192 0.8691588783333333 0.75030012 0.941588785 0.6932773116666666 0.54906542 0.6707683066666666
2 0.7032710283333333 0.37064826 0.5140186916666667 0.472689075 0.7032710283333333 0.5387154866666667 0.9392523366666667 0.46518607500000003 0.7032710283333333 0.37064826