4 0.5991666666666666 0.045 0.25166666666666665 0.06666666666666667
3 0.5182749766666667 0.14826734666666666 0.44922417333333337 0.21333333333333335 0.65928649 0.21333333333333335 0.7233333333333334 0.15161092666666667 0.7233333333333334 0.15126153166666667 0.5182749766666667 0.14826734666666666
3 0.32166666666666666 0.455747985 0.079603175 0.463224855 0.036408616666666664 0.5333333333333333 0.07104323166666666 0.5333333333333333 0.26401027 0.5232128583333333 0.32166666666666666 0.45653619333333334 0.32166666666666666 0.455747985
2 0.6583333333333333 0.3597835716666667 0.5697899166666667 0.31936412833333333 0.4857563033333333 0.35685663 0.5681234616666667 0.3983333333333333 0.576421255 0.3983333333333333 0.6583333333333333 0.3599304466666667 0.6583333333333333 0.3597835716666667
3 0.17166666666666666 0.6925 0.30666666666666664 0.07833333333333334
3 0.8766666666666667 0.67 0.22666666666666666 0.08
0 0.32416666666666666 0.4025 0.33166666666666667 0.10166666666666667
0 0.7783333333333333 0.4825 0.24 0.295
0 0.2475 0.8683333333333333 0.27166666666666667 0.24333333333333335
0 0.7666666666666667 0.8508333333333333 0.36666666666666664 0.275
0 0.16833333333333333 0.5891666666666666 0.051666666666666666 0.11666666666666667
0 0.5741666666666667 0.27 0.03166666666666667 0.1
0 0.5916666666666667 0.10833333333333334 0.03666666666666667 0.07666666666666666
4 0.48 0.9633333333333334 0.18333333333333332 0.04666666666666667
5 0.16583333333333333 0.6941666666666667 0.20166666666666666 0.04833333333333333
5 0.8908333333333334 0.675 0.15666666666666668 0.05
5 0.5858333333333333 0.03333333333333333 0.10833333333333334 0.03333333333333333
5 0.5866666666666667 0.18166666666666667 0.15333333333333332 0.04
5 0.5683333333333334 0.3641666666666667 0.12 0.035
5 0.18666666666666668 0.49083333333333334 0.15333333333333332 0.04833333333333333
5 0.2991666666666667 0.33666666666666667 0.125 0.043333333333333335
5 0.48 0.9616666666666667 0.10666666666666667 0.03
5 0.945 0.47833333333333333 0.09 0.04