5 0.4866666666666667 0.058333333333333334 0.13333333333333333 0.06333333333333334
5 0.45666666666666667 0.20083333333333334 0.16333333333333333 0.06833333333333333
5 0.7425 0.43083333333333335 0.14 0.06
5 0.4216666666666667 0.47 0.11666666666666667 0.07
5 0.07333333333333333 0.5075 0.1 0.055
5 0.8491666666666666 0.6166666666666667 0.17166666666666666 0.07666666666666666
5 0.865 0.82 0.17666666666666667 0.07
5 0.12833333333333333 0.645 0.2 0.07666666666666666
5 0.5275 0.9375 0.125 0.07333333333333333
0 0.4675 0.12583333333333332 0.03 0.055
0 0.445 0.335 0.043333333333333335 0.11
0 0.865 0.7341666666666666 0.043333333333333335 0.055
4 0.48583333333333334 0.055 0.19833333333333333 0.11
4 0.5225 0.94 0.19833333333333333 0.10333333333333333
3 0.8591666666666666 0.8191666666666667 0.23833333333333334 0.12166666666666667
3 0.12916666666666668 0.6425 0.25333333333333335 0.13833333333333334
1 0.28833333333333333 0.14442789166666667 0.361837415 0.2916666666666667 0.3885405766666667 0.2916666666666667 0.5965091333333333 0.28455854166666666 0.5374334150000001 0.14676503166666668 0.28833333333333333 0.14366650666666667 0.28833333333333333 0.14442789166666667
1 0.6983333333333334 0.5443241750000001 0.7556314883333334 0.6942888866666667 0.9977870733333333 0.7133333333333334 0.9998679366666666 0.7133333333333334 0.9364560450000001 0.5447730166666667 0.6983333333333334 0.54378622 0.6983333333333334 0.5443241750000001
2 0.30666666666666664 0.4707093733333334 0.42781790999999997 0.566090815 0.5721159650000001 0.48663983666666666 0.4530636283333333 0.37075663833333333 0.30666666666666664 0.4694387366666667 0.30666666666666664 0.4707093733333334
0 0.12166666666666667 0.9103407 0.41442266666666666 0.965 0.4212354316666667 0.965 0.42937186 0.9293945933333333 0.14605920333333333 0.890968175 0.15494318666666668 0.7205876033333333 0.13624148 0.7100440433333334 0.12166666666666667 0.899116265 0.12166666666666667 0.9103407
0 0.6116666666666667 0.9500577500000001 0.8562348566666667 0.97 0.86529423 0.97 0.8787420016666666 0.8843594383333334 0.8553618716666667 0.8858711566666667 0.8441416366666666 0.9435107216666667 0.6183329966666666 0.9146908783333333 0.6116666666666667 0.942594725 0.6116666666666667 0.9500577500000001
0 0.5733333333333334 0.49924450499999995 0.8100795733333334 0.48165343166666663 0.8100795733333334 0.5383333333333333 0.8421865583333333 0.5383333333333333 0.8297151216666666 0.4592380116666666 0.5733333333333334 0.4630497066666666 0.5733333333333334 0.49924450499999995