5 0.5083333333333333 0.88 0.6266666666666667 0.04
5 0.5933333333333334 0.7825 0.31 0.041666666666666664
5 0.57 0.6016666666666667 0.29333333333333333 0.07333333333333333
5 0.4583333333333333 0.47 0.5166666666666667 0.09
5 0.9333333333333333 0.37416666666666665 0.1 0.04666666666666667
5 0.04083333333333333 0.6708333333333333 0.08166666666666667 0.03166666666666667
5 0.5316666666666666 0.68 0.09 0.04666666666666667
5 0.4575 0.3308333333333333 0.4116666666666667 0.056666666666666664
5 0.38416666666666666 0.20583333333333334 0.5133333333333333 0.06166666666666667
5 0.3625 0.105 0.095 0.056666666666666664
0 0.6241666666666666 0.8458333333333333 0.09333333333333334 0.04833333333333333
0 0.5816666666666667 0.6641666666666667 0.05 0.085
0 0.58 0.5291666666666667 0.04666666666666667 0.06
0 0.5525 0.38666666666666666 0.065 0.06
0 0.505 0.2725 0.06666666666666667 0.058333333333333334
0 0.43166666666666664 0.10166666666666667 0.06333333333333334 0.07
4 0.6766666666666666 0.97 0.14 0.06
4 0.43166666666666664 0.035833333333333335 0.13 0.065
3 0.5741666666666667 0.605 0.3383333333333333 0.09
3 0.4533333333333333 0.465 0.5533333333333333 0.09666666666666666
2 0.3616666666666667 0.788553985 0.6483303916666667 0.83571554 0.8253244066666666 0.7703666483333333 0.57828422 0.7083333333333334 0.567397 0.7083333333333334 0.3616666666666667 0.7878124033333332 0.3616666666666667 0.788553985
2 0.04666666666666667 0.21856589333333332 0.5196515066666667 0.24891766499999998 0.7155777416666667 0.183610415 0.43924298333333334 0.12333333333333334 0.43144562166666667 0.12333333333333334 0.04666666666666667 0.21823099333333332 0.04666666666666667 0.21856589333333332
0 0.20003456666666666 0.4566789166666666 0.061137326666666665 0.4566789166666666 0.058333333333333334 0.7763265216666666 0.058333333333333334 0.800915745 0.36872754666666663 0.8014760033333334 0.37818524833333333 0.7768988583333334 0.09737131 0.78010107 0.0883127 0.4935041983333333 0.18795649666666667 0.4983075466666667 0.20003456666666666 0.4566789166666666
0 0.8883247033333334 0.166811315 0.7016666666666667 0.1763896 0.7016666666666667 0.19241264666666666 0.8641687916666666 0.18762553833333334 0.8702077116666668 0.7576170716666667 0.8218956583333333 0.7592182083333334 0.8177965283333333 0.7894026233333333 0.9245589166666668 0.7832347033333333 0.8883247033333334 0.166811315
0 0.67 0.9258333333333333 0.04 0.028333333333333332