4 0.0625 0.7908333333333334 0.125 0.15833333333333333
4 0.8408333333333333 0.7733333333333333 0.18833333333333332 0.18333333333333332
3 0.7533333333333333 0.17583333333333334 0.19 0.3516666666666667
3 0.4741666666666667 0.17416666666666666 0.16166666666666665 0.32166666666666666
5 0.41583333333333333 0.44666666666666666 0.09 0.16
5 0.49083333333333334 0.17166666666666666 0.09666666666666666 0.17666666666666667
5 0.7266666666666667 0.155 0.05333333333333334 0.15666666666666668
5 0.8008333333333333 0.15 0.06333333333333334 0.17333333333333334
5 0.6658333333333334 0.9116666666666666 0.09333333333333334 0.15833333333333333
5 0.45916666666666667 0.7775 0.085 0.19166666666666668
0 0.21 0.7758333333333334 0.17333333333333334 0.075
0 0.4725 0.4608333333333333 0.075 0.29833333333333334
0 0.6125 0.16833333333333333 0.115 0.11
0 0.925 0.43166666666666664 0.14666666666666667 0.5933333333333334
0 0.6583333333333333 0.7791666666666667 0.24 0.09666666666666666
2 0.44989443 0.975 0.5816666666666667 0.779933505 0.5816666666666667 0.77325246 0.4526215533333333 0.5936475066666667 0.29868181666666666 0.7593061566666667 0.2876063033333333 0.76148048 0.44888393666666665 0.975 0.44989443 0.975