1 0.28160750500000004 0.121156965 0.23801083999999997 0.21925997 0.52216687 0.20041592333333333 0.5680555383333333 0.11624586499999999 0.28160750500000004 0.121156965
2 0.440086715 0.689098145 0.48421038499999997 0.6589476116666666 0.5512782266666666 0.6212595183333334 0.501859885 0.5860839816666666 0.4087281566666667 0.5580753583333333 0.33419003833333333 0.60367172 0.29006653 0.6501537433333333 0.36948903833333335 0.6815605266666667 0.440086715 0.689098145
3 0.2418823 0.283118095 0.24770786 0.36498047333333333 0.544218555 0.353674045 0.5459833933333333 0.27327279666666665 0.2418823 0.283118095
3 0.24453064666666668 0.43189634000000005 0.24417786333333336 0.5132202933333334 0.55657306 0.5031701733333334 0.553043225 0.41648755499999995 0.24453064666666668 0.43189634000000005
3 0.739771525 0.41494692 0.7524819133333334 0.5094514833333333 0.9854546033333332 0.49940136333333335 0.9872196016666667 0.40266856833333337 0.739771525 0.41494692
1 0.06709140166666666 0.7106201416666668 0.011205173333333334 0.8147250516666666 0.2653571983333333 0.81221255 0.3306602033333333 0.7104546949999999 0.06709140166666666 0.7106201416666668
5 0.40166666666666667 0.16833333333333333 0.21833333333333332 0.07166666666666667
4 0.39916666666666667 0.03916666666666667 0.29833333333333334 0.06583333333333333
5 0.4008333333333333 0.03833333333333333 0.17416666666666666 0.0575
5 0.405 0.31666666666666665 0.21083333333333334 0.07416666666666667
5 0.4325 0.6316666666666667 0.18083333333333335 0.05416666666666667
5 0.6866666666666666 0.6016666666666667 0.06416666666666666 0.034166666666666665
5 0.8633333333333333 0.4583333333333333 0.18416666666666667 0.060833333333333336
5 0.16833333333333333 0.7683333333333333 0.24416666666666667 0.0475
5 0.165 0.9433333333333334 0.19666666666666666 0.0475
4 0.17166666666666666 0.9458333333333333 0.32083333333333336 0.09416666666666666
0 0.21166666666666667 0.6791666666666667 0.17833333333333334 0.07583333333333334
0 0.15833333333333333 0.8441666666666666 0.10416666666666667 0.07416666666666667
0 0.7308333333333333 0.5725 0.31083333333333335 0.1225
0 0.6541666666666667 0.4625 0.1925 0.06583333333333333
0 0.4033333333333333 0.38916666666666666 0.08 0.06916666666666667
0 0.39916666666666667 0.24166666666666667 0.060833333333333336 0.0675
0 0.4033333333333333 0.53 0.08 0.056666666666666664
0 0.4041666666666667 0.09 0.05416666666666667 0.06583333333333333