5 0.44916666666666666 0.8566666666666667 0.2783333333333333 0.07333333333333333
5 0.495 0.7258333333333333 0.29 0.04666666666666667
5 0.6058333333333333 0.6516666666666666 0.09833333333333333 0.04
5 0.4633333333333333 0.5991666666666666 0.31333333333333335 0.09333333333333334
5 0.9566666666666667 0.5766666666666667 0.06 0.04
5 0.5233333333333333 0.455 0.4266666666666667 0.08
5 0.48333333333333334 0.32 0.36333333333333334 0.04
5 0.5191666666666667 0.2 0.37166666666666665 0.04
5 0.6183333333333333 0.11916666666666667 0.14 0.03666666666666667
0 0.4675 0.9133333333333333 0.051666666666666666 0.05
0 0.4766666666666667 0.7941666666666667 0.05333333333333334 0.021666666666666667
0 0.5225 0.6458333333333334 0.035 0.04666666666666667
0 0.48583333333333334 0.5191666666666667 0.041666666666666664 0.035
0 0.505 0.38666666666666666 0.04666666666666667 0.04
0 0.5058333333333334 0.2758333333333333 0.05333333333333334 0.041666666666666664
0 0.5133333333333333 0.10916666666666666 0.056666666666666664 0.07166666666666667
4 0.4675 0.9666666666666667 0.10833333333333334 0.06666666666666667
4 0.5316666666666666 0.045 0.14 0.08
3 0.4766666666666667 0.855 0.36666666666666664 0.10333333333333333
3 0.4741666666666667 0.5916666666666667 0.39166666666666666 0.12
3 0.5191666666666667 0.4508333333333333 0.505 0.105
3 0.5008333333333334 0.32166666666666666 0.3983333333333333 0.07
0 0.325 0.7104891416666667 0.14305166 0.7152543266666667 0.10866356 0.212509055 0.29894444833333333 0.21090798 0.3012369516666667 0.18849256 0.058124344999999994 0.17166666666666666 0.04683968333333333 0.17166666666666666 0.101786045 0.7504785333333334 0.3244198566666667 0.74700542 0.325 0.7365843983333333 0.325 0.7104891416666667
0 0.9283333333333333 0.7107171633333333 0.9222326483333334 0.4437165866666667 0.7700490766666667 0.42333333333333334 0.7552739399999999 0.42333333333333334 0.7617548533333334 0.45652543333333334 0.89013688 0.46292979500000003 0.89472224 0.7159035366666667 0.6929784783333333 0.720706885 0.699602835 0.74765463 0.9283333333333333 0.744733305 0.9283333333333333 0.7107171633333333
2 0.7133333333333334 0.7295030066666667 0.5251562183333334 0.6566666666666666 0.5223217649999999 0.6566666666666666 0.31333333333333335 0.7350275199999999 0.31333333333333335 0.735187955 0.48020321833333335 0.7890180933333334 0.7133333333333334 0.7299569816666667 0.7133333333333334 0.7295030066666667
2 0.7633333333333333 0.202682575 0.51191299 0.12833333333333333 0.5076583466666666 0.12833333333333333 0.273644575 0.19814987833333333 0.284785425 0.21003993166666668 0.5143612716666667 0.26219386666666666 0.7633333333333333 0.20316998333333333 0.7633333333333333 0.202682575