4 0.475 0.9416666666666667 0.20666666666666667 0.09666666666666666
4 0.5 0.04833333333333333 0.2866666666666667 0.07333333333333333
0 0.4775 0.8375 0.105 0.095
0 0.5175 0.5975 0.13833333333333334 0.125
0 0.435 0.3516666666666667 0.10333333333333333 0.12333333333333334
0 0.5158333333333334 0.12666666666666668 0.09333333333333334 0.08333333333333333
5 0.485 0.7233333333333334 0.41333333333333333 0.05
5 0.4141666666666667 0.47333333333333333 0.555 0.07
5 0.5316666666666666 0.22666666666666666 0.54 0.07666666666666666
1 0.21025526833333333 0.68245151 0.025 0.7987186266666667 0.025 0.7994044316666666 0.6681158833333334 0.7859308150000001 0.8608020383333334 0.6566666666666666 0.8333704333333334 0.6566666666666666 0.21025526833333333 0.68245151
1 0.25432603833333334 0.18123325166666668 0.07666666666666666 0.311251485 0.07666666666666666 0.31167996833333333 0.797275795 0.28021345666666664 0.9894484033333333 0.16166666666666665 0.9415666866666667 0.16166666666666665 0.25432603833333334 0.18123325166666668
1 0.12433279333333334 0.43096730666666666 0.09666666666666666 0.5538467333333333 0.09666666666666666 0.556909675 0.77263101 0.5254484116666667 0.788677135 0.4066666666666667 0.757710965 0.4066666666666667 0.12433279333333334 0.43096730666666666