4 0.945 0.46166666666666667 0.1 0.4633333333333333
4 0.06 0.44 0.10333333333333333 0.6566666666666666
0 0.8483333333333334 0.475 0.08666666666666667 0.07333333333333333
0 0.6308333333333334 0.49166666666666664 0.105 0.09333333333333334
0 0.335 0.5125 0.17 0.115
0 0.13666666666666666 0.475 0.06666666666666667 0.06
5 0.9475 0.48333333333333334 0.045 0.32666666666666666
5 0.7458333333333333 0.5208333333333334 0.043333333333333335 0.515
5 0.4975 0.5208333333333334 0.04833333333333333 0.3466666666666667
5 0.345 0.7616666666666667 0.07666666666666666 0.42333333333333334
5 0.215 0.5258333333333334 0.05 0.66
5 0.065 0.42583333333333334 0.07 0.435
1 0.8 0.23166224166666666 0.8 0.21499148499999998 0.6996948783333333 0.08389712666666667 0.6916666666666667 0.717797635 0.6916666666666667 0.7963067683333334 0.7887962516666667 0.945 0.78975145 0.945 0.8 0.23166224166666666
2 0.482717665 0.8 0.5782132866666667 0.498479335 0.5001820733333333 0.259261005 0.415 0.5142714899999999 0.415 0.5168191533333334 0.4817707683333333 0.8 0.482717665 0.8