5 0.7375 0.5058333333333334 0.06333333333333334 0.5383333333333333
5 0.495 0.5991666666666666 0.056666666666666664 0.505
5 0.2966666666666667 0.4875 0.056666666666666664 0.575
0 0.8458333333333333 0.6241666666666666 0.12333333333333334 0.11166666666666666
0 0.6091666666666666 0.5841666666666666 0.13166666666666665 0.135
0 0.38666666666666666 0.6033333333333334 0.10666666666666667 0.19
0 0.17083333333333334 0.49833333333333335 0.11833333333333333 0.14
3 0.49166666666666664 0.6158333333333333 0.1 0.6716666666666666
4 0.945 0.6508333333333334 0.09 0.40166666666666667
4 0.05416666666666667 0.5158333333333334 0.095 0.365
4 0.6816666666666666 0.7596429566666667 0.7791247316666666 0.985 0.7798326816666666 0.985 0.786223025 0.25677706499999997 0.685353755 0.033120576666666665 0.6816666666666666 0.5888308333333333 0.6816666666666666 0.7596429566666667
1 0.3360667683333333 0.9683333333333334 0.33640397333333333 0.9683333333333334 0.3354518133333333 0.18559504833333332 0.23166666666666666 0.011379425 0.23166666666666666 0.7066660633333334 0.3360667683333333 0.9683333333333334