4 0.6933333333333334 0.0625 0.41583333333333333 0.10583333333333333
1 0.7358333333333333 0.20916666666666667 0.42833333333333334 0.0925
3 0.7233333333333334 0.3541666666666667 0.4141666666666667 0.11
3 0.7358333333333333 0.495 0.3883333333333333 0.09083333333333334
2 0.7616666666666667 0.6608333333333334 0.3308333333333333 0.1525
1 0.7408333333333333 0.8133333333333334 0.45916666666666667 0.08333333333333333
4 0.7816666666666666 0.9416666666666667 0.41833333333333333 0.10833333333333334
1 0.20583333333333334 0.44166666666666665 0.365 0.12083333333333333
0 0.7091666666666666 0.14083333333333334 0.09583333333333334 0.07416666666666667
0 0.7066666666666667 0.2725 0.09416666666666666 0.0775
0 0.32916666666666666 0.3616666666666667 0.43 0.060833333333333336
0 0.34 0.5116666666666667 0.4533333333333333 0.05333333333333334
0 0.7441666666666666 0.5575 0.0775 0.06333333333333334
0 0.7216666666666667 0.7483333333333333 0.08833333333333333 0.07
0 0.7433333333333333 0.8683333333333333 0.08 0.04833333333333333
5 0.6858333333333333 0.060833333333333336 0.28583333333333333 0.06333333333333334
5 0.7075 0.21 0.3175 0.04583333333333333
5 0.7066666666666667 0.35083333333333333 0.2675 0.0675
0 0.7183333333333334 0.42916666666666664 0.08833333333333333 0.0725
5 0.18833333333333332 0.44083333333333335 0.29583333333333334 0.06666666666666667
5 0.7516666666666667 0.66 0.20083333333333334 0.06333333333333334
5 0.7358333333333333 0.49666666666666665 0.31916666666666665 0.03833333333333333
5 0.7383333333333333 0.8108333333333333 0.33166666666666667 0.05333333333333334
5 0.7591666666666667 0.95 0.22666666666666666 0.04666666666666667
5 0.8566666666666667 0.7433333333333333 0.16333333333333333 0.051666666666666666
5 0.425 0.49916666666666665 0.15166666666666667 0.050833333333333335