5 0.7125 0.04416666666666667 0.095 0.065
5 0.6666666666666666 0.15 0.18666666666666668 0.06333333333333334
5 0.6833333333333333 0.2633333333333333 0.19333333333333333 0.06
5 0.71 0.38166666666666665 0.09 0.05
5 0.6125 0.3541666666666667 0.03166666666666667 0.043333333333333335
5 0.5966666666666667 0.5016666666666667 0.03666666666666667 0.04
5 0.505 0.5258333333333334 0.08666666666666667 0.03833333333333333
5 0.3375 0.49 0.045 0.043333333333333335
5 0.8691666666666666 0.67 0.17833333333333334 0.05333333333333334
5 0.5966666666666667 0.6966666666666667 0.23666666666666666 0.06666666666666667
5 0.165 0.6216666666666667 0.23 0.12333333333333334
5 0.1725 0.7858333333333334 0.21333333333333335 0.12
5 0.6666666666666666 0.9558333333333333 0.10666666666666667 0.05333333333333334
0 0.6908333333333333 0.095 0.028333333333333332 0.03333333333333333
0 0.6891666666666667 0.20583333333333334 0.03 0.03833333333333333
0 0.7141666666666666 0.32 0.028333333333333332 0.04
0 0.6483333333333333 0.8183333333333334 0.04 0.19333333333333333
0 0.1675 0.6883333333333334 0.028333333333333332 0.04
0 0.29083333333333333 0.52 0.2783333333333333 0.03333333333333333
4 0.7075 0.045 0.15166666666666667 0.09
4 0.6691666666666667 0.9525 0.16333333333333333 0.08166666666666667
3 0.6883333333333334 0.2608333333333333 0.23333333333333334 0.10166666666666667
0 0.7733333333333333 0.4109249133333333 0.8719886750000001 0.40934190833333334 0.8605343416666666 0.63 0.8645668566666665 0.63 0.900645425 0.6285609966666666 0.8857439683333332 0.38854011 0.7778972216666666 0.388372395 0.7733333333333333 0.40665523833333334 0.7733333333333333 0.4109249133333333
0 0.5149298616666667 0.4666666666666667 0.5104466466666667 0.39000210333333335 0.6466666666666666 0.3931979683333333 0.6466666666666666 0.38923658 0.6455873016666667 0.36623861166666666 0.48833333333333334 0.370776985 0.48833333333333334 0.4666666666666667 0.5149298616666667 0.4666666666666667
0 0.75 0.9645949633333334 0.8952493866666666 0.9614019183333333 0.9029100916666666 0.7003219183333333 0.8860792799999999 0.6989790583333333 0.8780553366666667 0.9325993616666667 0.7531118916666667 0.9309992483333334 0.75 0.9614080833333333 0.75 0.9645949633333334
0 0.57 0.5415559083333333 0.6208154466666667 0.5447085700000001 0.6082360433333333 0.6516666666666666 0.6391601216666667 0.6516666666666666 0.6414483416666666 0.5175062516666668 0.5742604333333333 0.5157016266666666 0.57 0.5375724916666667 0.57 0.5415559083333333
1 0.088137935 0.6783333333333333 0.340908635 0.6711904966666666 0.2675474266666667 0.54477935 0.12655618333333335 0.5303781333333333 0.0039053316666666665 0.5479796416666667 0.05742775333333333 0.6783333333333333 0.088137935 0.6783333333333333
1 0.016666666666666666 0.7174784200000001 0.07823818666666667 0.855 0.09688655 0.855 0.3523189466666667 0.8367902883333332 0.2736808916666667 0.70427515 0.016666666666666666 0.71543708 0.016666666666666666 0.7174784200000001
0 0.16 0.8404546133333333 0.17127309999999998 0.9726430816666668 0.5764565316666667 0.9866666666666667 0.5873786599999999 0.9866666666666667 0.5883333333333334 0.94845028 0.5883333333333334 0.9463120033333333 0.18502848 0.9390401833333334 0.17815079 0.8350311316666666 0.16 0.8381982783333334 0.16 0.8404546133333333
1 0.5433333333333333 0.109972465 0.5768738566666667 0.18850869666666667 0.8072806766666667 0.19650939333333334 0.7704927866666668 0.10841437500000001 0.5433333333333333 0.10532857166666666 0.5433333333333333 0.109972465
1 0.4533333333333333 0.6796679783333334 0.49859272000000004 0.7383333333333333 0.5309977833333334 0.7383333333333333 0.7604106016666666 0.722815095 0.7161642383333333 0.644167065 0.4533333333333333 0.6778474183333334 0.4533333333333333 0.6796679783333334
1 0.7283333333333334 0.6381973116666667 0.79715466 0.7216666666666667 0.8020956716666667 0.7216666666666667 0.9925892183333334 0.6919470050000001 0.9549670083333333 0.6237056433333333 0.7283333333333334 0.6375094116666666 0.7283333333333334 0.6381973116666667
2 0.7086770466666666 0.33166666666666667 0.6416666666666667 0.38311403166666663 0.6416666666666667 0.38439235833333335 0.7190008649999999 0.45166666666666666 0.7209310016666667 0.45166666666666666 0.78 0.3986524083333333 0.78 0.3980161683333333 0.7104586416666667 0.33166666666666667 0.7086770466666666 0.33166666666666667
2 0.425 0.5284747716666667 0.5162614883333333 0.5866666666666667 0.5175754566666667 0.5866666666666667 0.565 0.5310757899999999 0.565 0.5301937066666667 0.49762532333333337 0.4639985833333334 0.425 0.5273602316666667 0.425 0.5284747716666667