5 0.06333333333333334 0.7066666666666667 0.06 0.10666666666666667
5 0.24333333333333335 0.7108333333333333 0.05 0.12166666666666667
5 0.3983333333333333 0.7025 0.07 0.175
5 0.5916666666666667 0.6958333333333333 0.08333333333333333 0.26166666666666666
5 0.5533333333333333 0.46166666666666667 0.05333333333333334 0.056666666666666664
5 0.7175 0.6625 0.04666666666666667 0.04833333333333333
5 0.8466666666666667 0.7325 0.12333333333333334 0.31
5 0.5766666666666667 0.20333333333333334 0.1 0.2966666666666667
5 0.8266666666666667 0.25333333333333335 0.04666666666666667 0.08666666666666667
4 0.059166666666666666 0.7058333333333333 0.10166666666666667 0.145
1 0.24666666666666667 0.71 0.08666666666666667 0.18666666666666668
3 0.4066666666666667 0.7058333333333333 0.11333333333333333 0.21166666666666667
2 0.5883333333333334 0.6908333333333333 0.17333333333333334 0.3516666666666667
3 0.8466666666666667 0.7283333333333334 0.17 0.37
1 0.5758333333333333 0.2025 0.16 0.395
4 0.8283333333333334 0.255 0.07666666666666666 0.11666666666666667
0 0.15666666666666668 0.715 0.08333333333333333 0.03333333333333333
0 0.3175 0.7241666666666666 0.065 0.03166666666666667
0 0.4741666666666667 0.6866666666666666 0.055 0.03333333333333333
0 0.5875 0.45 0.045 0.13333333333333333
0 0.725 0.7025 0.07 0.02666666666666667
0 0.6433333333333333 0.9166666666666666 0.16333333333333333 0.09
0 0.7141666666666666 0.24166666666666667 0.15166666666666667 0.043333333333333335