2 0.016666666666666666 0.48306945500000004 0.12992388000000002 0.5666666666666667 0.13379669166666666 0.5666666666666667 0.266388045 0.4988095233333333 0.1429078 0.4012705066666667 0.016666666666666666 0.48164176 0.016666666666666666 0.48306945500000004
0 0.1575 0.27416666666666667 0.035 0.245
0 0.45416666666666666 0.49416666666666664 0.405 0.043333333333333335
0 0.8166666666666667 0.625 0.05333333333333334 0.12666666666666668
0 0.5425 0.8816666666666667 0.6233333333333333 0.14666666666666667
0 0.12916666666666668 0.7208333333333333 0.055 0.31333333333333335
4 0.14666666666666667 0.0825 0.17 0.13166666666666665
4 0.1425 0.9333333333333333 0.165 0.12666666666666668
3 0.8175 0.5083333333333333 0.34833333333333333 0.10666666666666667
3 0.8283333333333334 0.7441666666666666 0.30333333333333334 0.125
5 0.8208333333333333 0.49916666666666665 0.165 0.06833333333333333
5 0.8425 0.7491666666666666 0.155 0.09833333333333333
5 0.06416666666666666 0.6733333333333333 0.10833333333333334 0.06166666666666667
5 0.1325 0.4866666666666667 0.155 0.07