2 0.5416666666666666 0.718634515 0.3577348416666667 0.6233333333333333 0.35769117666666667 0.6233333333333333 0.23986270166666665 0.69234894 0.3714416483333334 0.8198999616666667 0.5416666666666666 0.7201797066666666 0.5416666666666666 0.718634515
2 0.25766590500000003 0.37110044000000003 0.370938215 0.5241616633333334 0.6432494283333333 0.44613045166666665 0.45903890166666667 0.3185794316666667 0.25766590500000003 0.37110044000000003
2 0.7266666666666667 0.15631503833333332 0.5882946866666666 0.015 0.5858302433333333 0.015 0.3097807016666667 0.08353541333333334 0.46881960333333333 0.24710084 0.7266666666666667 0.15732045833333333 0.7266666666666667 0.15631503833333332
0 0.4633333333333333 0.2808333333333333 0.05333333333333334 0.09333333333333334
0 0.37833333333333335 0.8558333333333333 0.043333333333333335 0.075
0 0.1325 0.615 0.18166666666666667 0.18333333333333332
0 0.10166666666666667 0.24416666666666667 0.09333333333333334 0.37166666666666665
0 0.19083333333333333 0.09666666666666666 0.245 0.12
0 0.8016666666666666 0.3358333333333333 0.30666666666666664 0.3016666666666667
0 0.8958333333333334 0.31083333333333335 0.058333333333333334 0.26166666666666666
0 0.7966666666666666 0.15333333333333332 0.11666666666666667 0.06333333333333334
0 0.3675 0.5675 0.065 0.10833333333333334
4 0.37833333333333335 0.9508333333333333 0.17333333333333334 0.095
4 0.9258333333333333 0.1375 0.13166666666666665 0.09333333333333334
5 0.415 0.9160050283333334 0.34636156 0.9116666666666666 0.32034988166666667 0.9116666666666666 0.31833333333333336 0.9724959883333334 0.31833333333333336 0.9790644483333334 0.40850495833333333 0.9835554216666667 0.415 0.9196673683333334 0.415 0.9160050283333334
5 0.38 0.7158333333333333 0.18 0.09833333333333333
5 0.15916666666666668 0.7308333333333333 0.04833333333333333 0.04666666666666667
5 0.4975 0.2675 0.07166666666666667 0.08166666666666667
5 0.9241666666666667 0.14083333333333334 0.09166666666666666 0.06833333333333333
5 0.5391666666666667 0.1375 0.29833333333333334 0.09166666666666666
5 0.19583333333333333 0.14666666666666667 0.055 0.06666666666666667
5 0.105 0.4691666666666667 0.16333333333333333 0.06
4 0.11 0.4766666666666667 0.2 0.09333333333333334
5 0.41333333333333333 0.4191666666666667 0.26 0.10166666666666667