5 0.75 0.07333333333333333 0.24 0.0825
5 0.7375 0.21333333333333335 0.2825 0.05333333333333334
5 0.7191666666666666 0.33666666666666667 0.26 0.035833333333333335
5 0.7116666666666667 0.38333333333333336 0.19333333333333333 0.03833333333333333
5 0.7408333333333333 0.5066666666666667 0.3175 0.0675
5 0.17083333333333334 0.5141666666666667 0.2808333333333333 0.059166666666666666
5 0.3975 0.62 0.1325 0.0425
5 0.7541666666666667 0.6491666666666667 0.285 0.045
5 0.86 0.7375 0.15 0.045
5 0.685 0.8208333333333333 0.2941666666666667 0.06
5 0.6683333333333333 0.9483333333333334 0.2025 0.051666666666666666
4 0.7733333333333333 0.0625 0.44083333333333335 0.12
4 0.6841666666666667 0.9533333333333334 0.3591666666666667 0.09333333333333334
3 0.7333333333333333 0.4975 0.3975 0.11083333333333334
3 0.19583333333333333 0.5216666666666666 0.38333333333333336 0.10166666666666667
3 0.7066666666666667 0.3641666666666667 0.4266666666666667 0.11166666666666666
0 0.7625 0.1425 0.09666666666666666 0.05583333333333333
0 0.7508333333333334 0.2816666666666667 0.10916666666666666 0.0625
0 0.745 0.4375 0.12666666666666668 0.055
0 0.735 0.5733333333333334 0.12916666666666668 0.056666666666666664
0 0.3641666666666667 0.4583333333333333 0.4175 0.06416666666666666
0 0.3725 0.6166666666666667 0.37666666666666665 0.11666666666666667
0 0.7283333333333334 0.7483333333333333 0.10083333333333333 0.0875
0 0.7183333333333334 0.8816666666666667 0.13916666666666666 0.060833333333333336
1 0.8788919366666667 0.2650347933333333 0.9701200833333333 0.14334908166666668 0.5904175349999999 0.15924032833333332 0.4727782616666667 0.26343362833333334 0.8788919366666667 0.2650347933333333
1 0.8494634166666667 0.8510475033333333 0.9583488533333334 0.7677889133333333 0.532440005 0.7771831716666667 0.4580640016666666 0.8654576783333332 0.8494634166666667 0.8510475033333333
2 0.7670634683333334 0.5964682383333333 0.758645995 0.586634655 0.5375209166666667 0.6461032933333333 0.711149235 0.7197550216666666 0.9848343433333334 0.647704275 0.7670634683333334 0.5964682383333333