5 0.705 0.04583333333333333 0.20666666666666667 0.055
5 0.6991666666666667 0.20583333333333334 0.18833333333333332 0.075
5 0.7175 0.3908333333333333 0.21666666666666667 0.08833333333333333
5 0.45916666666666667 0.5516666666666666 0.10666666666666667 0.06333333333333334
5 0.19916666666666666 0.5791666666666667 0.33166666666666667 0.07833333333333334
5 0.22666666666666666 0.8358333333333333 0.12 0.04666666666666667
5 0.7066666666666667 0.5916666666666667 0.30666666666666664 0.06666666666666667
5 0.665 0.74 0.07 0.04
5 0.6991666666666667 0.85 0.30833333333333335 0.07333333333333333
0 0.6941666666666667 0.1225 0.03166666666666667 0.06833333333333333
0 0.6991666666666667 0.3025 0.041666666666666664 0.08833333333333333
0 0.7041666666666667 0.4816666666666667 0.045 0.06333333333333334
0 0.7166666666666667 0.7466666666666667 0.04 0.11333333333333333
0 0.455 0.5866666666666667 0.15666666666666668 0.02666666666666667
0 0.21333333333333335 0.7175 0.03 0.165
4 0.705 0.051666666666666666 0.31333333333333335 0.10333333333333333
4 0.2025 0.84 0.30833333333333335 0.08333333333333333
3 0.6908333333333333 0.8508333333333333 0.345 0.145
3 0.7025 0.3908333333333333 0.27 0.12
1 0.5166666666666667 0.15802126666666666 0.5916738216666667 0.2633333333333333 0.5948202616666667 0.2633333333333333 0.8533333333333334 0.24434270333333336 0.8533333333333334 0.24429148666666667 0.77603742 0.14857461833333335 0.5166666666666667 0.15787682833333333 0.5166666666666667 0.15802126666666666
1 0.32316239333333335 0.5233333333333333 0.006666666666666667 0.5324349766666666 0.006666666666666667 0.5333369683333333 0.062331873333333336 0.6533333333333333 0.08506889666666667 0.6533333333333333 0.4220869633333333 0.64132162 0.34794323 0.5233333333333333 0.32316239333333335 0.5233333333333333
2 0.5233333333333333 0.58769684 0.7090747566666668 0.6983333333333334 0.7130421283333334 0.6983333333333334 0.9177405883333334 0.5911383083333333 0.712812455 0.5009026066666666 0.5233333333333333 0.5871061733333334 0.5233333333333333 0.58769684
0 0.6883333333333334 0.9265004583333333 0.693163385 0.995 0.6987170333333332 0.995 0.9885995233333333 0.9761464066666667 0.9997368516666667 0.5854780533333334 0.9075232983333332 0.57885068 0.9001644883333334 0.6094945483333334 0.9735468283333334 0.6046912616666666 0.96225727 0.9585343333333333 0.713886285 0.9745453300000001 0.7120047150000001 0.9121024183333333 0.6883333333333334 0.9152012216666666 0.6883333333333334 0.9265004583333333