5 0.4583333333333333 0.0475 0.15916666666666668 0.0575
5 0.4891666666666667 0.2125 0.16916666666666666 0.051666666666666666
5 0.49583333333333335 0.4191666666666667 0.1175 0.056666666666666664
5 0.2966666666666667 0.38166666666666665 0.16 0.04583333333333333
5 0.9325 0.525 0.12583333333333332 0.06
5 0.8441666666666666 0.6991666666666667 0.1725 0.07333333333333333
5 0.14916666666666667 0.82 0.21333333333333335 0.06583333333333333
5 0.48 0.9583333333333334 0.12 0.035
4 0.4683333333333333 0.04083333333333333 0.2708333333333333 0.07666666666666666
4 0.49916666666666665 0.9566666666666667 0.30916666666666665 0.08333333333333333
3 0.16583333333333333 0.8208333333333333 0.31333333333333335 0.1725
3 0.855 0.6883333333333334 0.255 0.16833333333333333
0 0.49 0.12083333333333333 0.03666666666666667 0.08916666666666667
0 0.5033333333333333 0.29833333333333334 0.06666666666666667 0.09083333333333334
0 0.2866666666666667 0.48583333333333334 0.22583333333333333 0.17
0 0.7433333333333333 0.515 0.325 0.22416666666666665
0 0.17166666666666666 0.7175 0.06833333333333333 0.10666666666666667
0 0.2375 0.9308333333333333 0.21833333333333332 0.08
0 0.745 0.8783333333333333 0.23416666666666666 0.24333333333333335
5 0.1675 0.62 0.18083333333333335 0.058333333333333334
1 0.4192933333333333 0.15936035999999998 0.4092914783333333 0.15246098666666666 0.34311553333333333 0.2650347933333333 0.5958029333333333 0.279444905 0.6756966683333333 0.157759225 0.4192933333333333 0.15936035999999998
1 0.09786000166666667 0.5548388816666666 0.09802551 0.5506202499999999 0.02168220333333333 0.6525077066666666 0.2632216566666667 0.6765246216666667 0.34497350000000004 0.55804127 0.09786000166666667 0.5548388816666666
2 0.5010451766666667 0.3370855383333334 0.4952380533333333 0.33653461500000004 0.3858493516666667 0.4251475616666667 0.4861811533333333 0.49719830833333334 0.6088088483333333 0.42834983000000004 0.5010451766666667 0.3370855383333334