1 0.11766241666666666 0.5666666666666667 0.19983550666666666 0.521866725 0.21833333333333332 0.24293146833333334 0.21833333333333332 0.2378645533333333 0.12057654833333332 0.28130736 0.115684115 0.5666666666666667 0.11766241666666666 0.5666666666666667
2 0.5583333333333333 0.40858235333333337 0.5863374 0.50169893 0.6207176733333334 0.55 0.6221407766666667 0.55 0.6592010300000001 0.48404943 0.6883333333333334 0.441415885 0.6883333333333334 0.4303889716666667 0.681813945 0.36932808333333333 0.6504071616666667 0.28990557499999997 0.6039251383333333 0.3340290833333333 0.5583333333333333 0.40855975333333333 0.5583333333333333 0.40858235333333337
3 0.3073812933333333 0.545 0.35363401333333333 0.543984735 0.36333333333333334 0.2896204016666667 0.36333333333333334 0.24735967333333334 0.2830780633333333 0.24164848000000003 0.27325703166666665 0.545 0.3073812933333333 0.545
3 0.503059975 0.555 0.5116666666666667 0.287471945 0.5116666666666667 0.24372609833333334 0.431750265 0.24407277500000002 0.41634147833333335 0.5525853533333334 0.47563827333333336 0.555 0.503059975 0.555
3 0.44125738000000003 0.9866666666666667 0.49879472333333336 0.9856168333333333 0.5083333333333333 0.7645014633333334 0.5083333333333333 0.7525753483333333 0.414832825 0.74 0.41433699166666665 0.74 0.4020974133333333 0.9866666666666667 0.44125738000000003 0.9866666666666667
1 0.7117281433333333 0.33 0.8123024233333334 0.26545655333333334 0.814811345 0.011666666666666667 0.8141403333333334 0.011666666666666667 0.7107100150000001 0.06719075666666666 0.7105450449999999 0.33 0.7117281433333333 0.33
5 0.16833333333333333 0.40166666666666667 0.07 0.21666666666666667
4 0.03916666666666667 0.39916666666666667 0.065 0.29833333333333334
5 0.03833333333333333 0.4008333333333333 0.056666666666666664 0.175
5 0.31666666666666665 0.405 0.07333333333333333 0.21
5 0.6316666666666667 0.4325 0.05333333333333334 0.18166666666666667
5 0.6016666666666667 0.6866666666666666 0.03333333333333333 0.06333333333333334
5 0.4583333333333333 0.8633333333333333 0.06 0.18333333333333332
5 0.7683333333333333 0.16833333333333333 0.04666666666666667 0.24333333333333335
5 0.9433333333333334 0.165 0.04666666666666667 0.19666666666666666
4 0.9458333333333333 0.17166666666666666 0.095 0.32
0 0.6791666666666667 0.21166666666666667 0.075 0.17666666666666667
0 0.8441666666666666 0.15833333333333333 0.075 0.10333333333333333
0 0.5725 0.7308333333333333 0.12166666666666667 0.31166666666666665
0 0.4625 0.6541666666666667 0.065 0.19166666666666668
0 0.38916666666666666 0.4033333333333333 0.06833333333333333 0.08
0 0.24166666666666667 0.39916666666666667 0.06666666666666667 0.06166666666666667
0 0.53 0.4033333333333333 0.056666666666666664 0.08
0 0.09 0.4041666666666667 0.06666666666666667 0.055