5 0.92 0.6758333333333333 0.07333333333333333 0.155
5 0.7091666666666666 0.5066666666666667 0.05333333333333334 0.07333333333333333
5 0.6558333333333334 0.23 0.09166666666666666 0.4
5 0.6541666666666667 0.6925 0.07833333333333334 0.18166666666666667
5 0.815 0.9641666666666666 0.06333333333333334 0.06833333333333333
5 0.3883333333333333 0.20416666666666666 0.07 0.275
5 0.245 0.21833333333333332 0.05 0.06666666666666667
5 0.15166666666666667 0.16583333333333333 0.06333333333333334 0.26
5 0.25166666666666665 0.5108333333333334 0.06666666666666667 0.07
5 0.11 0.7458333333333333 0.07 0.28833333333333333
0 0.8041666666666667 0.6833333333333333 0.13166666666666665 0.02666666666666667
0 0.6541666666666667 0.505 0.03833333333333333 0.11333333333333333
0 0.38416666666666666 0.6908333333333333 0.395 0.051666666666666666
0 0.5358333333333334 0.19333333333333333 0.12 0.02666666666666667
0 0.2525 0.1775 0.09833333333333333 0.018333333333333333
3 0.6575 0.23 0.135 0.43333333333333335
3 0.9258333333333333 0.6725 0.11833333333333333 0.19333333333333333
3 0.15666666666666668 0.16416666666666666 0.1 0.2783333333333333
3 0.11916666666666667 0.7408333333333333 0.12 0.31166666666666665
0 0.8 0.86 0.2966666666666667 0.12
0 0.011482045 0.17498853166666664 0.006666666666666667 0.5996088783333333 0.006666666666666667 0.7398454416666667 0.055080269999999994 0.7433333333333333 0.056312763333333335 0.7433333333333333 0.056312763333333335 0.7200448766666667 0.027493041666666666 0.7200448766666667 0.029094116666666666 0.19098335833333333 0.10594682999999999 0.18729228833333333 0.107460845 0.16339776 0.011482045 0.17498853166666664
0 0.3359225216666667 0.43849091166666665 0.14859384333333334 0.45202511833333336 0.085 0.5387677683333334 0.085 0.539548765 0.13098177166666666 0.5566070466666666 0.18862133666666667 0.4729414666666667 0.364742305 0.468019945 0.38899093833333337 0.394333565 0.35833788 0.38435446 0.3359225216666667 0.43849091166666665
2 0.38807683333333337 0.41333333333333333 0.4776480083333333 0.183808555 0.3861783216666667 0.004380173333333333 0.29333333333333333 0.18819043000000002 0.29333333333333333 0.195152205 0.38745087 0.41333333333333333 0.38807683333333337 0.41333333333333333
2 0.63987673 0.83 0.6408236416666667 0.83 0.7459438316666667 0.683126685 0.6816205366666667 0.5716666666666667 0.6806571333333333 0.5716666666666667 0.57 0.6927758583333333 0.57 0.6933162183333333 0.63987673 0.83