2 0.25 0.5567226883333334 0.24832214833333335 0.5537214883333333 0.088926175 0.6272509000000001 0.23993288666666668 0.723289315 0.4513422816666666 0.651260505 0.25 0.5567226883333334
1 0.16946308666666668 0.17406962833333334 0.10906040333333332 0.25510204000000003 0.30033557 0.24009603833333334 0.367449665 0.1710684266666667 0.16946308666666668 0.17406962833333334
1 0.7114093966666667 0.597238895 0.6342281883333334 0.7067827133333334 0.9463087249999999 0.6992797116666667 0.9882550333333334 0.6047418966666667 0.7114093966666667 0.597238895
4 0.2725 0.04666666666666667 0.1625 0.07833333333333334
4 0.7991666666666667 0.9025 0.26666666666666666 0.08833333333333333
0 0.25916666666666666 0.13583333333333333 0.025 0.08583333333333333
0 0.225 0.2891666666666667 0.043333333333333335 0.08833333333333333
0 0.2425 0.5175 0.025 0.08083333333333333
0 0.5558333333333333 0.66 0.18583333333333332 0.041666666666666664
0 0.2475 0.7933333333333333 0.035 0.13083333333333333
0 0.7825 0.7775 0.028333333333333332 0.14416666666666667
0 0.041666666666666664 0.7866666666666666 0.0675 0.3525
3 0.24333333333333335 0.4025 0.24833333333333332 0.13083333333333333
3 0.2425 0.9266666666666666 0.3441666666666667 0.11833333333333333
5 0.2725 0.049166666666666664 0.10583333333333333 0.0525
5 0.2325 0.215 0.1325 0.05583333333333333
5 0.2425 0.395 0.20333333333333334 0.06583333333333333
5 0.5316666666666666 0.6208333333333333 0.0675 0.03
5 0.755 0.9066666666666666 0.08416666666666667 0.06333333333333334
5 0.23583333333333334 0.9291666666666667 0.30666666666666664 0.09
5 0.8058333333333333 0.6625 0.24 0.08833333333333333
5 0.2725 0.6375 0.24666666666666667 0.06916666666666667
5 0.31166666666666665 0.8216666666666667 0.0775 0.04083333333333333