4 0.9641666666666666 0.8575 0.051666666666666666 0.11333333333333333
4 0.19666666666666666 0.0675 0.06 0.12166666666666667
0 0.86 0.8583333333333333 0.14333333333333334 0.03333333333333333
0 0.67 0.8725 0.09666666666666666 0.028333333333333332
0 0.4975 0.8716666666666667 0.115 0.03
0 0.39166666666666666 0.7 0.04 0.17333333333333334
0 0.32416666666666666 0.22 0.17833333333333334 0.37333333333333335
0 0.3 0.8691666666666666 0.08666666666666667 0.03833333333333333
0 0.12833333333333333 0.8641666666666666 0.11666666666666667 0.03833333333333333
0 0.21833333333333332 0.7066666666666667 0.03333333333333333 0.17333333333333334
0 0.19916666666666666 0.25583333333333336 0.041666666666666664 0.21833333333333332
0 0.03916666666666667 0.6008333333333333 0.028333333333333332 0.30333333333333334
0 0.0975 0.1125 0.13166666666666665 0.19
1 0.7920550883333333 0.7666666666666667 0.73 0.7996532216666666 0.73 0.8170422016666666 0.73135123 0.9745833333333334 0.7943386316666667 0.9336607149999999 0.792842665 0.7666666666666667 0.7920550883333333 0.7666666666666667
1 0.44507488000000006 0.4 0.360830335 0.44143601166666663 0.36 0.5361856416666667 0.36 0.6122556283333334 0.44331383833333327 0.5735044650000001 0.447778285 0.4 0.44507488000000006 0.4
1 0.254468605 0.34 0.16166666666666665 0.422217705 0.16166666666666665 0.44622364333333336 0.16965756833333331 0.6295833333333334 0.2596395716666666 0.5644791666666666 0.25515237 0.34 0.254468605 0.34
1 0.07937002166666667 0.22166666666666668 0.015 0.24888481666666668 0.015 0.4583229316666667 0.08520645833333333 0.42385416666666664 0.08071990666666667 0.22166666666666668 0.07937002166666667 0.22166666666666668
1 0.06994276166666667 0.745 0.019054188333333333 0.78828125 0.015 0.97098418 0.015 0.99079077 0.06554489166666666 0.96313244 0.07150647833333333 0.745 0.06994276166666667 0.745
2 0.39883507833333337 0.7866666666666666 0.35 0.8582511466666667 0.35 0.859180395 0.39300601999999996 0.9566666666666667 0.39354560833333335 0.9566666666666667 0.442732455 0.8697767850000001 0.39955042333333335 0.7866666666666666 0.39883507833333337 0.7866666666666666
2 0.21660488833333333 0.7816666666666666 0.18166666666666667 0.8502801516666667 0.18166666666666667 0.8535614616666667 0.21989602 0.9429241066666666 0.2513897216666667 0.8703794633333333 0.21711795 0.7816666666666666 0.21660488833333333 0.7816666666666666
5 0.9575 0.8508333333333333 0.035 0.08833333333333333
5 0.7658333333333334 0.8691666666666666 0.035 0.125
5 0.5908333333333333 0.8633333333333333 0.051666666666666666 0.18666666666666668
5 0.4008333333333333 0.8658333333333333 0.035 0.09666666666666666
5 0.39916666666666667 0.5225 0.04833333333333333 0.125
5 0.415 0.7141666666666666 0.03333333333333333 0.10166666666666667
5 0.23666666666666666 0.7225 0.03333333333333333 0.08166666666666667
5 0.22333333333333333 0.8541666666666666 0.03666666666666667 0.065
5 0.215 0.49666666666666665 0.05 0.17333333333333334
5 0.2 0.06833333333333333 0.03666666666666667 0.07
5 0.05 0.3375 0.05333333333333334 0.175
5 0.03833333333333333 0.8683333333333333 0.043333333333333335 0.19
5 0.12916666666666668 0.8125 0.041666666666666664 0.07166666666666667
5 0.3225 0.83 0.03833333333333333 0.05333333333333334