3 0.7608333333333334 0.0575 0.18 0.1075
3 0.23 0.2941666666666667 0.4533333333333333 0.19083333333333333
3 0.795 0.6483333333333333 0.1825 0.11833333333333333
3 0.23166666666666666 0.8616666666666667 0.2733333333333333 0.14916666666666667
2 0.36494183 0.52972995 0.193524995 0.47819127333333333 0.07204417833333333 0.5957961816666667 0.24199702666666667 0.6978985383333334 0.37217376 0.5557561033333334 0.36494183 0.52972995
0 0.5758333333333333 0.2816666666666667 0.2608333333333333 0.07583333333333334
0 0.19916666666666666 0.42583333333333334 0.065 0.12333333333333334
0 0.63 0.655 0.15666666666666668 0.10166666666666667
0 0.7733333333333333 0.4741666666666667 0.058333333333333334 0.23833333333333334
0 0.8766666666666667 0.1625 0.10166666666666667 0.2941666666666667
0 0.23666666666666666 0.7483333333333333 0.043333333333333335 0.1075
0 0.6158333333333333 0.8316666666666667 0.38416666666666666 0.305
5 0.22083333333333333 0.30333333333333334 0.39666666666666667 0.1125
5 0.22416666666666665 0.5791666666666667 0.20833333333333334 0.08166666666666667
5 0.23416666666666666 0.8575 0.2325 0.0925
5 0.29583333333333334 0.745 0.0625 0.0825
5 0.5291666666666667 0.5925 0.0625 0.06666666666666667
5 0.5575 0.25 0.0775 0.06666666666666667
5 0.7633333333333333 0.0525 0.10833333333333334 0.07833333333333334
5 0.9791666666666666 0.15416666666666667 0.041666666666666664 0.09
5 0.7775 0.28583333333333333 0.10416666666666667 0.07166666666666667
5 0.7866666666666666 0.6458333333333334 0.12833333333333333 0.07666666666666666
2 0.77952608 0.19307722666666666 0.69942366 0.2874871333333333 0.7717441216666666 0.37157142833333334 0.8585286116666666 0.28348309 0.77952608 0.19307722666666666