2 0.1752614816666667 0.647704275 0.23434686166666666 0.5788557966666666 0.15305713166666665 0.5068325883333333 0.077401545 0.5884625983333334 0.1752614816666667 0.647704275
2 0.1752614816666667 0.6829290966666667 0.08109432000000001 0.74056973 0.14941177666666666 0.8062160016666666 0.16049024166666667 0.8286316916666666 0.25465740333333337 0.7741934483333334 0.25465740333333337 0.7677889133333333 0.25885355666666665 0.7646700083333333 0.1752614816666667 0.6829290966666667
1 0.0958657 0.17377050166666666 0.09510614333333332 0.17647059 0.03678031833333333 0.2778438033333333 0.2454253266666667 0.274641535 0.29897140333333333 0.16416379166666667 0.0958657 0.17377050166666666
1 0.44367493500000005 0.5106042433333333 0.3728280233333333 0.6092772466666667 0.6387118833333333 0.6300920166666667 0.7107221166666666 0.5164118533333333 0.44367493500000005 0.5106042433333333
1 0.5943978833333333 0.80141257 0.65532951 0.7069460116666666 0.39919287333333336 0.7037501700000001 0.34513179166666663 0.7966091383333334 0.5943978833333333 0.80141257
1 0.54454458 0.8814689550000001 0.5683286750000001 0.8827531033333335 0.5113091866666667 0.9887444616666666 0.8399711999999999 0.9999524283333333 0.8732067366666666 0.8798678516666666 0.54454458 0.8814689550000001
1 0.0515517 0.8558509350000001 0.06278850833333333 0.8627451 0.009084086666666668 0.9551208033333334 0.306357095 0.9663287700000001 0.3525174816666667 0.8718622116666668 0.0515517 0.8558509350000001
4 0.16333333333333333 0.06583333333333333 0.2708333333333333 0.11416666666666667
4 0.8833333333333333 0.7616666666666667 0.21916666666666668 0.10916666666666666
0 0.17 0.1525 0.058333333333333334 0.05583333333333333
0 0.15583333333333332 0.31 0.0425 0.08333333333333333
0 0.16 0.4791666666666667 0.04583333333333333 0.0575
0 0.16916666666666666 0.6625 0.0375 0.0675
0 0.16166666666666665 0.8358333333333333 0.05 0.0625
0 0.32666666666666666 0.77 0.11166666666666666 0.05
0 0.3225 0.5741666666666667 0.17833333333333334 0.019166666666666665
0 0.8025 0.6308333333333334 0.25583333333333336 0.16083333333333333
0 0.7075 0.7566666666666667 0.17666666666666667 0.035833333333333335
0 0.43833333333333335 0.9341666666666667 0.24833333333333332 0.058333333333333334
0 0.8866666666666667 0.8791666666666667 0.055 0.1575
5 0.15583333333333332 0.06666666666666667 0.1575 0.06916666666666667
5 0.17 0.22833333333333333 0.19583333333333333 0.051666666666666666
5 0.15916666666666668 0.4033333333333333 0.17916666666666667 0.05
5 0.1575 0.5766666666666667 0.0975 0.04833333333333333
5 0.17333333333333334 0.7525 0.115 0.043333333333333335
5 0.17583333333333334 0.9175 0.24916666666666668 0.06916666666666667
5 0.49083333333333334 0.755 0.21 0.04833333333333333
5 0.5366666666666666 0.5733333333333334 0.19 0.058333333333333334
5 0.7008333333333333 0.9408333333333333 0.26416666666666666 0.0675
5 0.8741666666666666 0.7583333333333333 0.10416666666666667 0.0475
5 0.22166666666666668 0.8325 0.09166666666666666 0.043333333333333335
5 0.31333333333333335 0.7283333333333334 0.1 0.04
5 0.31416666666666665 0.5383333333333333 0.12833333333333333 0.04666666666666667
5 0.21833333333333332 0.6491666666666667 0.09833333333333333 0.045
3 0.15416666666666667 0.4 0.23833333333333334 0.13083333333333333