4 0.83 0.0875 0.20416666666666666 0.15
4 0.8008333333333333 0.9258333333333333 0.1825 0.14583333333333334
3 0.16166666666666665 0.4608333333333333 0.2841666666666667 0.14
3 0.16166666666666665 0.7391666666666666 0.3233333333333333 0.2175
5 0.51 0.4091666666666667 0.18083333333333335 0.060833333333333336
5 0.18416666666666667 0.46 0.17 0.07833333333333334
5 0.16 0.6825 0.18 0.06416666666666666
5 0.15333333333333332 0.7758333333333334 0.18083333333333335 0.058333333333333334
5 0.8275 0.4558333333333333 0.2025 0.07416666666666667
5 0.9125 0.7041666666666667 0.175 0.07916666666666666
0 0.41333333333333333 0.8916666666666667 0.58 0.13
0 0.145 0.5775 0.08666666666666667 0.10916666666666666
0 0.51 0.45416666666666666 0.2966666666666667 0.050833333333333335
0 0.8083333333333333 0.6908333333333333 0.0675 0.32416666666666666
0 0.8308333333333333 0.2675 0.08 0.20583333333333334
2 0.8225543666666667 0.37391146333333336 0.8295974483333333 0.36854742 0.6394079583333333 0.44596221 0.8167707416666667 0.5292208633333333 0.9844940983333333 0.44115883833333336 0.8225543666666667 0.37391146333333336