5 0.755 0.86 0.06666666666666667 0.15333333333333332
5 0.7916666666666666 0.5766666666666667 0.05 0.12666666666666668
5 0.7341666666666666 0.5716666666666667 0.043333333333333335 0.11666666666666667
5 0.6875 0.54 0.04 0.07666666666666666
5 0.44333333333333336 0.5625 0.04 0.10833333333333334
5 0.44083333333333335 0.8908333333333334 0.07833333333333334 0.13833333333333334
5 0.4825 0.1175 0.07166666666666667 0.09333333333333334
0 0.11166666666666666 0.5166666666666667 0.08333333333333333 0.29
0 0.6033333333333334 0.5625 0.11666666666666667 0.051666666666666666
0 0.30083333333333334 0.905 0.14166666666666666 0.05
0 0.2725 0.5508333333333333 0.15833333333333333 0.05
0 0.8683333333333333 0.8725 0.06666666666666667 0.045
0 0.48 0.33166666666666667 0.08333333333333333 0.22333333333333333
0 0.43166666666666664 0.7441666666666666 0.056666666666666664 0.145
5 0.48833333333333334 0.7441666666666666 0.03666666666666667 0.028333333333333332
0 0.2625 0.19833333333333333 0.31833333333333336 0.26666666666666666
4 0.9525 0.8683333333333333 0.095 0.06333333333333334
4 0.14583333333333334 0.905 0.145 0.10333333333333333
3 0.1125 0.5183333333333333 0.18166666666666667 0.33666666666666667
3 0.48 0.115 0.16666666666666666 0.21
3 0.7525 0.5691666666666667 0.195 0.17833333333333334
1 0.82334837 0.75 0.695 0.78233121 0.695 0.974818065 0.8325522399999999 0.9308728716666667 0.8245649266666666 0.75 0.82334837 0.75
1 0.53828456 0.775 0.37295181 0.8310831216666666 0.35855059333333333 0.9987932266666667 0.49956269166666667 0.96076771 0.5422329650000001 0.775 0.53828456 0.775
2 0.47885607333333335 0.44166666666666665 0.34 0.5551393 0.34 0.557750745 0.40724667999999997 0.6809921333333333 0.5374317316666667 0.58165202 0.4801513233333334 0.44166666666666665 0.47885607333333335 0.44166666666666665