4 0.8166666666666667 0.9541666666666667 0.25333333333333335 0.06833333333333333
4 0.8366666666666667 0.11333333333333333 0.21666666666666667 0.06333333333333334
0 0.8141666666666667 0.835 0.028333333333333332 0.17
0 0.8291666666666667 0.5375 0.058333333333333334 0.14166666666666666
0 0.515 0.3975 0.31666666666666665 0.041666666666666664
0 0.8366666666666667 0.23916666666666667 0.02666666666666667 0.18333333333333332
0 0.205 0.23666666666666666 0.05 0.20333333333333334
0 0.5691666666666667 0.09916666666666667 0.3 0.051666666666666666
3 0.8216666666666667 0.6791666666666667 0.32 0.13166666666666665
3 0.19583333333333333 0.39416666666666667 0.30833333333333335 0.115
3 0.2075 0.07333333333333333 0.37333333333333335 0.12666666666666668
2 0.8320416066666667 0.33166666666666667 0.6783333333333333 0.39809521166666667 0.6783333333333333 0.39891275833333334 0.8293834466666666 0.4600420166666667 0.9792989866666666 0.389513805 0.8352899766666667 0.33166666666666667 0.8320416066666667 0.33166666666666667
5 0.8058333333333333 0.9591666666666666 0.13833333333333334 0.041666666666666664
5 0.8191666666666667 0.6875 0.29333333333333333 0.09833333333333333
5 0.8375 0.38916666666666666 0.17833333333333334 0.055
5 0.5316666666666666 0.4275 0.09333333333333334 0.043333333333333335
5 0.7616666666666667 0.24333333333333335 0.12333333333333334 0.07333333333333333
5 0.825 0.11166666666666666 0.20666666666666667 0.043333333333333335
5 0.20583333333333334 0.0775 0.38 0.06333333333333334
5 0.19 0.39 0.2733333333333333 0.07666666666666666