4 0.4741666666666667 0.03333333333333333 0.085 0.04666666666666667
4 0.48 0.9583333333333334 0.105 0.0625
3 0.4841666666666667 0.6683333333333333 0.43333333333333335 0.08333333333333333
3 0.48833333333333334 0.5075 0.4741666666666667 0.10666666666666667
3 0.44166666666666665 0.37 0.39916666666666667 0.1075
3 0.51 0.1175 0.5591666666666667 0.06416666666666666
0 0.8116666666666666 0.37083333333333335 0.17083333333333334 0.33916666666666667
0 0.17166666666666666 0.5066666666666667 0.10333333333333333 0.6133333333333333
0 0.46416666666666667 0.5916666666666667 0.0575 0.07666666666666666
0 0.46 0.7283333333333334 0.0575 0.06333333333333334
0 0.47583333333333333 0.8925 0.0525 0.06666666666666667
0 0.5058333333333334 0.3016666666666667 0.03666666666666667 0.0525
0 0.48 0.43833333333333335 0.03666666666666667 0.045
0 0.47 0.15333333333333332 0.049166666666666664 0.029166666666666667
5 0.4841666666666667 0.21916666666666668 0.39166666666666666 0.04833333333333333
5 0.4375 0.36583333333333334 0.33 0.07916666666666666
5 0.4666666666666667 0.485 0.39916666666666667 0.034166666666666665
5 0.48333333333333334 0.5258333333333334 0.42916666666666664 0.03833333333333333
5 0.47333333333333333 0.6616666666666666 0.3641666666666667 0.045
5 0.4866666666666667 0.7933333333333333 0.40166666666666667 0.028333333333333332
5 0.5716666666666667 0.8816666666666667 0.11333333333333333 0.0375
5 0.030833333333333334 0.6025 0.06166666666666667 0.041666666666666664
5 0.9566666666666667 0.29583333333333334 0.0775 0.058333333333333334
5 0.5775 0.3 0.09666666666666666 0.0375
5 0.3016666666666667 0.11583333333333333 0.0925 0.035833333333333335
5 0.5566666666666666 0.11833333333333333 0.3725 0.030833333333333334
2 0.525893485 0.2752857 0.77530296 0.22310755000000002 0.6350101566666667 0.18583741666666667 0.4639085166666666 0.16335756833333331 0.26245472999999997 0.199680635 0.20477889500000002 0.22630213166666668 0.3170131366666667 0.24972904833333331 0.525893485 0.2752857
2 0.7414737033333334 0.7998734583333333 0.7456749416666667 0.7895416949999999 0.6692133033333334 0.7757660133333334 0.45075158 0.7591204133333332 0.41294089333333334 0.7625643333333333 0.366727805 0.7625643333333333 0.21601686833333333 0.7841670266666667 0.22640816833333333 0.8010214666666667 0.28522474166666667 0.81651911 0.47427817833333336 0.8498103100000001 0.7414737033333334 0.7998734583333333