1 0.5888053733333334 0.31166666666666665 0.5898689066666666 0.31166666666666665 0.577042795 0.11071559333333333 0.37545964 0.058333333333333334 0.3746297533333333 0.058333333333333334 0.365 0.23462101333333332 0.365 0.2423838766666667 0.5888053733333334 0.31166666666666665
1 0.2220619533333333 0.475 0.19859601 0.3140882016666667 0.04 0.2746254733333333 0.04 0.28764044333333333 0.04923665 0.43623580333333334 0.21694306666666668 0.475 0.2220619533333333 0.475
1 0.18992843333333334 0.99 0.19192425333333332 0.99 0.19393126166666666 0.8146470866666666 0.19025407 0.8206289016666667 0.018333333333333333 0.7814936116666666 0.018333333333333333 0.8429490583333333 0.020927316666666668 0.9550726133333334 0.18992843333333334 0.99
2 0.45181461666666667 0.6264534983333333 0.5878277783333333 0.511952885 0.43974453166666666 0.3958209816666667 0.3516666666666667 0.5077934183333332 0.3516666666666667 0.508858955 0.45181461666666667 0.6264534983333333
4 0.9341666666666667 0.5291666666666667 0.11666666666666667 0.075
4 0.8908333333333334 0.17833333333333334 0.12666666666666668 0.07666666666666666
3 0.7091666666666666 0.19583333333333333 0.16833333333333333 0.185
3 0.7333333333333333 0.5233333333333333 0.18666666666666668 0.19333333333333333
3 0.44916666666666666 0.8016666666666666 0.225 0.19666666666666666
3 0.11666666666666667 0.6325 0.19666666666666666 0.16166666666666665
3 0.11416666666666667 0.1175 0.22833333333333333 0.215
0 0.8008333333333333 0.1775 0.08 0.025
0 0.6041666666666666 0.185 0.09166666666666666 0.03
0 0.285 0.12083333333333333 0.19 0.09666666666666666
0 0.12833333333333333 0.2675 0.07333333333333333 0.09666666666666666
0 0.43916666666666665 0.3416666666666667 0.065 0.13
0 0.1175 0.49916666666666665 0.10166666666666667 0.105
0 0.44333333333333336 0.6616666666666666 0.07666666666666666 0.08
0 0.6241666666666666 0.5075 0.12833333333333333 0.045
0 0.8583333333333333 0.5266666666666666 0.07 0.03333333333333333
0 0.11083333333333334 0.7533333333333333 0.10333333333333333 0.10333333333333333
0 0.27416666666666667 0.8525 0.185 0.10166666666666667
5 0.8866666666666667 0.17333333333333334 0.06666666666666667 0.02
5 0.9408333333333333 0.525 0.07833333333333334 0.03
5 0.7075 0.19583333333333333 0.08166666666666667 0.16666666666666666
5 0.7508333333333334 0.5216666666666666 0.085 0.17333333333333334
5 0.44333333333333336 0.5108333333333334 0.08 0.125
5 0.5833333333333334 0.5525 0.08666666666666667 0.035
5 0.5133333333333333 0.6508333333333334 0.05333333333333334 0.051666666666666666
5 0.4625 0.7816666666666666 0.10833333333333334 0.12333333333333334
5 0.10916666666666666 0.8891666666666667 0.17166666666666666 0.125
5 0.13333333333333333 0.635 0.11333333333333333 0.14333333333333334
5 0.14 0.39 0.10666666666666667 0.15333333333333332
5 0.12083333333333333 0.1075 0.13833333333333334 0.16833333333333333
5 0.4675 0.17833333333333334 0.17333333333333334 0.13