4 0.43333333333333335 0.08 0.5233333333333333 0.13333333333333333
4 0.24 0.9466666666666667 0.31333333333333335 0.08
0 0.4125 0.185 0.105 0.06333333333333334
5 0.4266666666666667 0.0825 0.31666666666666665 0.06
5 0.415 0.25666666666666665 0.35 0.04
1 0.39666666666666667 0.25333333333333335 0.5533333333333333 0.08666666666666667
3 0.37333333333333335 0.4033333333333333 0.36666666666666664 0.11
0 0.4241666666666667 0.32666666666666666 0.10166666666666667 0.06
0 0.4058333333333333 0.4841666666666667 0.055 0.051666666666666666
5 0.4216666666666667 0.3983333333333333 0.17 0.056666666666666664
3 0.3641666666666667 0.5458333333333333 0.42333333333333334 0.06166666666666667
5 0.3575 0.5491666666666667 0.31833333333333336 0.03833333333333333
0 0.67 0.6066666666666667 0.22666666666666666 0.12666666666666668
3 0.8175 0.6975 0.335 0.055
5 0.5066666666666667 0.6491666666666667 0.12666666666666668 0.041666666666666664
5 0.30416666666666664 0.6675 0.165 0.041666666666666664
0 0.53 0.6875 0.20333333333333334 0.035
1 0.265 0.8016666666666666 0.43666666666666665 0.07833333333333334
0 0.2833333333333333 0.8725 0.08666666666666667 0.06
5 0.14583333333333334 0.7216666666666667 0.15166666666666667 0.05
0 0.27 0.7383333333333333 0.07666666666666666 0.05
5 0.25166666666666665 0.8 0.27 0.05333333333333334
5 0.24416666666666667 0.9466666666666667 0.185 0.056666666666666664
2 0.3772247416666667 0.62 0.155 0.6512005283333334 0.155 0.6515013316666667 0.2815256683333333 0.705 0.28350658333333334 0.705 0.43070902333333333 0.6707833133333333 0.37915414 0.62 0.3772247416666667 0.62