5 0.22083333333333333 0.2791666666666667 0.365 0.15
5 0.215 0.6216666666666667 0.2225 0.12166666666666667
5 0.7291666666666666 0.6341666666666667 0.2708333333333333 0.16916666666666666
5 0.7675 0.9258333333333333 0.4116666666666667 0.09583333333333334
5 0.19666666666666666 0.8875 0.21833333333333332 0.06166666666666667
5 0.25833333333333336 0.8016666666666666 0.06 0.05583333333333333
5 0.4716666666666667 0.5891666666666666 0.06333333333333334 0.06416666666666666
5 0.20833333333333334 0.075 0.13083333333333333 0.06333333333333334
3 0.2175 0.275 0.4125 0.19666666666666666
3 0.7308333333333333 0.63 0.3491666666666667 0.21583333333333332
2 0.20833333333333334 0.7638055216666667 0.3230676333333333 0.68877551 0.37238325333333333 0.6212485 0.28784219 0.5462184866666666 0.19223027333333334 0.48469387833333333 0.10567632833333333 0.5537214883333333 0.052334943333333335 0.6317527016666666 0.12177938833333334 0.6917767100000001 0.20833333333333334 0.7638055216666667
4 0.20666666666666667 0.075 0.1825 0.12583333333333332
4 0.18833333333333332 0.8916666666666667 0.2708333333333333 0.11083333333333334
0 0.2025 0.15666666666666668 0.018333333333333333 0.0375
0 0.19166666666666668 0.42333333333333334 0.030833333333333334 0.12
0 0.4666666666666667 0.6208333333333333 0.18333333333333332 0.06333333333333334
0 0.43 0.9175 0.19916666666666666 0.07333333333333333
3 0.7591666666666667 0.9116666666666666 0.4683333333333333 0.13083333333333333
0 0.20916666666666667 0.8016666666666666 0.019166666666666665 0.0675