4 0.17 0.9516666666666667 0.18 0.09333333333333334
3 0.15416666666666667 0.5108333333333334 0.215 0.125
3 0.5241666666666667 0.5266666666666666 0.215 0.15333333333333332
3 0.8975 0.22666666666666666 0.205 0.13
1 0.2866666666666667 0.7944392650000001 0.21385882666666664 0.6803510683333334 0.022028561666666665 0.6783490000000001 0.08360561666666667 0.7917870533333333 0.2866666666666667 0.7944652466666666 0.2866666666666667 0.7944392650000001
2 0.62 0.227268335 0.5395435383333332 0.16166666666666665 0.5354121983333333 0.16166666666666665 0.45575012 0.22803257500000002 0.529028765 0.29672412499999995 0.62 0.22873309833333333 0.62 0.227268335
1 0.19431632166666668 0.18166666666666667 0.002447338333333333 0.19417765 0.05957540000000001 0.30890806 0.27775923999999996 0.3022860283333333 0.21811165166666668 0.18166666666666667 0.19431632166666668 0.18166666666666667
5 0.17333333333333334 0.9575 0.11666666666666667 0.07
5 0.15333333333333332 0.7433333333333333 0.13333333333333333 0.09
5 0.14416666666666667 0.5191666666666667 0.125 0.08833333333333333
5 0.5116666666666667 0.5266666666666666 0.12666666666666668 0.08
5 0.9033333333333333 0.22916666666666666 0.13666666666666666 0.075
5 0.5391666666666667 0.22833333333333333 0.105 0.06333333333333334
5 0.6875 0.265 0.06166666666666667 0.07666666666666666
5 0.3541666666666667 0.2625 0.06833333333333333 0.05
5 0.14416666666666667 0.043333333333333335 0.105 0.056666666666666664
0 0.1525 0.6333333333333333 0.04833333333333333 0.13
0 0.165 0.8625 0.06333333333333334 0.135
0 0.33666666666666667 0.5141666666666667 0.15 0.06833333333333333
0 0.7825 0.4275 0.32666666666666666 0.2783333333333333
0 0.365 0.2275 0.19666666666666666 0.04833333333333333
0 0.1225 0.1325 0.058333333333333334 0.10166666666666667
0 0.5233333333333333 0.3858333333333333 0.05333333333333334 0.18166666666666667