1 0.6883333333333334 0.24416666666666667 0.44083333333333335 0.115
2 0.7225 0.6025 0.3308333333333333 0.16416666666666666
3 0.705 0.425 0.4008333333333333 0.12166666666666667
3 0.21583333333333332 0.6241666666666666 0.4008333333333333 0.12
1 0.7875 0.7758333333333334 0.4091666666666667 0.1025
4 0.7933333333333333 0.9391666666666667 0.3908333333333333 0.12083333333333333
5 0.6716666666666666 0.07333333333333333 0.24333333333333335 0.0575
5 0.6916666666666667 0.2475 0.2916666666666667 0.05416666666666667
5 0.6916666666666667 0.43 0.315 0.055
5 0.7258333333333333 0.6091666666666666 0.235 0.03666666666666667
5 0.7758333333333334 0.775 0.26666666666666666 0.049166666666666664
5 0.7908333333333334 0.93 0.20083333333333334 0.04666666666666667
5 0.17583333333333334 0.6233333333333333 0.17916666666666667 0.0775
0 0.32416666666666666 0.49916666666666665 0.38666666666666666 0.16166666666666665
0 0.6841666666666667 0.16083333333333333 0.135 0.07333333333333333
0 0.6933333333333334 0.3358333333333333 0.14 0.10583333333333333
0 0.705 0.505 0.14083333333333334 0.060833333333333336
0 0.7575 0.7066666666666667 0.11916666666666667 0.0675
0 0.7825 0.8533333333333334 0.10333333333333333 0.0725
4 0.6716666666666666 0.0625 0.4216666666666667 0.12
5 0.49333333333333335 0.5933333333333334 0.08833333333333333 0.0375
0 0.485 0.6266666666666667 0.21916666666666668 0.0325
5 0.8675 0.6958333333333333 0.15416666666666667 0.041666666666666664