4 0.07666666666666666 0.5075 0.14666666666666667 0.165
1 0.31666666666666665 0.5425 0.22333333333333333 0.24166666666666667
5 0.07083333333333333 0.5133333333333333 0.08833333333333333 0.09666666666666666
5 0.31916666666666665 0.5183333333333333 0.15666666666666668 0.10666666666666667
0 0.4708333333333333 0.53 0.085 0.08666666666666667
0 0.19 0.53 0.06 0.07333333333333333
2 0.59 0.5383333333333333 0.14333333333333334 0.24333333333333335
5 0.5841666666666666 0.5225 0.10833333333333334 0.125
0 0.6691666666666667 0.24833333333333332 0.17833333333333334 0.3433333333333333
0 0.7375 0.13833333333333334 0.025 0.09
0 0.7458333333333333 0.6516666666666666 0.175 0.25
0 0.8083333333333333 0.7391666666666666 0.03 0.045
5 0.8325 0.8766666666666667 0.15333333333333332 0.11333333333333333
4 0.8708333333333333 0.1625 0.15166666666666667 0.145
1 0.8291666666666667 0.8783333333333333 0.2783333333333333 0.21666666666666667
1 0.8725 0.16833333333333333 0.25 0.23