0 0.12916666666666668 0.5141666666666667 0.12 0.028333333333333332
0 0.30083333333333334 0.5208333333333334 0.13833333333333334 0.03166666666666667
0 0.49916666666666665 0.5233333333333333 0.10333333333333333 0.03666666666666667
0 0.5983333333333334 0.31416666666666665 0.04 0.20833333333333334
0 0.7175 0.2816666666666667 0.16166666666666665 0.37
0 0.6816666666666666 0.5308333333333334 0.09333333333333334 0.03166666666666667
0 0.7716666666666666 0.745 0.07 0.2866666666666667
0 0.9058333333333334 0.8883333333333333 0.08166666666666667 0.03
4 0.03666666666666667 0.5133333333333333 0.06 0.14666666666666667
4 0.9633333333333334 0.8966666666666666 0.04666666666666667 0.13
3 0.415 0.52 0.08 0.19333333333333333
3 0.595 0.5208333333333334 0.09 0.205
3 0.595 0.10583333333333333 0.09 0.19833333333333333
2 0.7725340133333333 0.46206495999999997 0.7290166066666667 0.523793355 0.7650310116666666 0.5928703683333333 0.81 0.5303567316666666 0.81 0.5255756783333334 0.7725340133333333 0.46206495999999997
1 0.811723025 0.795 0.8102420983333334 0.954550265 0.8612625050000001 0.994232805 0.8616666666666667 0.9483147616666667 0.8616666666666667 0.8230815783333334 0.815246095 0.795 0.811723025 0.795
1 0.19541416666666667 0.5780746616666668 0.235 0.6125380466666667 0.235 0.465814905 0.19769995999999998 0.44333333333333336 0.196909515 0.44333333333333336 0.19541416666666667 0.5780746616666668
5 0.0375 0.5116666666666667 0.035 0.07666666666666666
5 0.2125 0.525 0.025 0.09
5 0.41 0.5116666666666667 0.06 0.11
5 0.5883333333333334 0.11416666666666667 0.05333333333333334 0.13166666666666665
5 0.5983333333333334 0.5141666666666667 0.05333333333333334 0.18666666666666668
5 0.7691666666666667 0.5258333333333334 0.041666666666666664 0.08166666666666667
5 0.8291666666666667 0.8858333333333334 0.028333333333333332 0.11833333333333333
5 0.965 0.8908333333333334 0.03 0.08166666666666667