4 0.9325 0.8666666666666667 0.105 0.15333333333333332
0 0.7766666666666666 0.8583333333333333 0.18 0.051666666666666666
0 0.4875 0.455 0.08 0.4866666666666667
0 0.2941666666666667 0.8275 0.17 0.06166666666666667
0 0.10833333333333334 0.5516666666666666 0.056666666666666664 0.33666666666666667
0 0.24916666666666668 0.225 0.155 0.04
3 0.3908333333333333 0.1725 0.09833333333333333 0.285
3 0.0975 0.195 0.155 0.3566666666666667
4 0.115 0.805 0.14 0.17166666666666666
5 0.2891666666666667 0.925 0.06 0.07666666666666666
5 0.5258333333333334 0.8591666666666666 0.065 0.17666666666666667
5 0.5575 0.535 0.085 0.12333333333333334
5 0.38416666666666666 0.1825 0.075 0.17166666666666666
2 0.50702852 0.6983333333333334 0.3787314916666667 0.824977 0.5017807116666666 0.9912898083333332 0.6878551416666666 0.870978415 0.5085566866666666 0.6983333333333334 0.50702852 0.6983333333333334