5 0.4608333333333333 0.95 0.37833333333333335 0.07333333333333333
5 0.455 0.7791666666666667 0.49 0.09166666666666666
5 0.475 0.5891666666666666 0.32 0.07666666666666666
5 0.7508333333333334 0.445 0.33 0.07
5 0.5 0.30833333333333335 0.6533333333333333 0.07666666666666666
5 0.49166666666666664 0.065 0.31666666666666665 0.06333333333333334
0 0.455 0.8658333333333333 0.13333333333333333 0.10833333333333334
0 0.4216666666666667 0.6908333333333333 0.15 0.085
0 0.5141666666666667 0.4191666666666667 0.165 0.12166666666666667
0 0.5325 0.17833333333333334 0.215 0.10333333333333333
4 0.4825 0.9508333333333333 0.57 0.09833333333333333
4 0.48583333333333334 0.07083333333333333 0.625 0.10666666666666667
1 0.8066666666666666 0.8365533333333334 0.65116954 0.7448789733333334 0.059579270000000004 0.7133333333333334 0.051736866666666666 0.7133333333333334 0.22253118333333333 0.8201935516666666 0.8066666666666666 0.837629665 0.8066666666666666 0.8365533333333334
1 0.99 0.37836996 0.7746512766666667 0.2478275533333333 0.03220768833333333 0.21666666666666667 0.013421613333333334 0.21666666666666667 0.22302860333333333 0.3552781383333334 0.99 0.3790049 0.99 0.37836996
2 0.8466666666666667 0.5774173683333333 0.5182360566666667 0.4753711566666666 0.13631975500000001 0.5815567066666667 0.42968719833333335 0.66578769 0.8466666666666667 0.5780256966666667 0.8466666666666667 0.5774173683333333