4 0.115 0.3775 0.22833333333333333 0.1525
4 0.7633333333333333 0.9366666666666666 0.2608333333333333 0.12416666666666666
0 0.265 0.3975 0.09416666666666666 0.07916666666666666
0 0.84360235 0.057256360000000006 0.41383071 0.12132052166666665 0.41383071 0.27747706833333335 0.41774143 0.27110844 0.43245406166666667 0.30950924166666666 0.504082755 0.24544498666666664 0.8536302683333334 0.30350322 0.84360235 0.057256360000000006
2 0.8616666666666667 0.3925 0.2733333333333333 0.1825
0 0.65 0.3875 0.15166666666666667 0.08333333333333333
0 0.8383333333333334 0.5383333333333333 0.05583333333333333 0.15083333333333335
0 0.8008333333333333 0.8116666666666666 0.07416666666666667 0.1325
1 0.4483333333333333 0.385 0.26916666666666667 0.18916666666666668
1 0.8133333333333334 0.6808333333333333 0.2975 0.15333333333333332
5 0.6041666666666666 0.05333333333333334 0.14166666666666666 0.10666666666666667
5 0.125 0.38166666666666665 0.15916666666666668 0.1125
5 0.4483333333333333 0.3875 0.18083333333333335 0.1075
5 0.845 0.3925 0.13166666666666665 0.09333333333333334
5 0.9316666666666666 0.5591666666666667 0.12166666666666667 0.085
5 0.805 0.6808333333333333 0.1775 0.09833333333333333
5 0.7641666666666667 0.925 0.13833333333333334 0.095