5 0.16333333333333333 0.034166666666666665 0.1075 0.055
5 0.14833333333333334 0.23916666666666667 0.14166666666666666 0.05416666666666667
5 0.14 0.4666666666666667 0.16083333333333333 0.051666666666666666
5 0.5858333333333333 0.4625 0.11083333333333334 0.05583333333333333
5 0.7975 0.4475 0.10833333333333334 0.05416666666666667
5 0.10833333333333334 0.6716666666666666 0.11583333333333333 0.07
5 0.3975 0.6525 0.10166666666666667 0.06
5 0.88 0.7533333333333333 0.16416666666666666 0.060833333333333336
5 0.8708333333333333 0.945 0.1275 0.065
0 0.16083333333333333 0.14166666666666666 0.04 0.13416666666666666
0 0.145 0.34 0.0525 0.155
0 0.13 0.5608333333333333 0.035 0.1125
0 0.365 0.465 0.2125 0.045
0 0.8583333333333333 0.8375 0.0425 0.1225
4 0.1625 0.04083333333333333 0.17583333333333334 0.08083333333333333
4 0.8716666666666667 0.9516666666666667 0.2475 0.09666666666666666
3 0.14 0.46 0.21333333333333335 0.10333333333333333
3 0.12583333333333332 0.6616666666666666 0.22833333333333333 0.1025
1 0.248781635 0.20259597166666665 0.092482975 0.206482595 0.05420515833333333 0.27464546 0.20671101333333333 0.27464546 0.248781635 0.20259597166666665
1 0.9885228833333334 0.716548955 0.7850098216666667 0.714685875 0.7501230033333334 0.78219414 0.9482051766666666 0.78219414 0.9885228833333334 0.716548955
2 0.5800876016666667 0.3931268633333333 0.47600259000000006 0.46658663666666667 0.5783345516666666 0.53242255 0.6782522966666666 0.47478292333333333 0.5800876016666667 0.3931268633333333
0 0.5888523083333332 0.716548955 0.5941110516666667 0.5276192016666666 0.5680472966666666 0.5326130466666666 0.5643111 0.6957346716666667 0.21547572166666668 0.6733193116666666 0.22599334333333332 0.7069423816666667 0.5888523083333332 0.716548955
0 0.8991230283333335 0.4731818483333333 0.6835110400000001 0.4587719266666666 0.67762433 0.48659464 0.883346395 0.4955972066666666 0.8570522733333333 0.7069423816666667 0.883346395 0.7069423816666667 0.8991230283333335 0.4731818483333333