4 0.055 0.6425 0.09666666666666666 0.30333333333333334
4 0.9341666666666667 0.6533333333333333 0.115 0.32
0 0.12583333333333332 0.6483333333333333 0.041666666666666664 0.04
0 0.2425 0.6825 0.03833333333333333 0.04666666666666667
0 0.3575 0.7 0.051666666666666666 0.06666666666666667
0 0.5991666666666666 0.7041666666666667 0.13666666666666666 0.09166666666666666
0 0.8075 0.6808333333333333 0.13166666666666665 0.058333333333333334
0 0.4825 0.4066666666666667 0.04666666666666667 0.23333333333333334
0 0.33916666666666667 0.2941666666666667 0.13166666666666665 0.30333333333333334
3 0.29583333333333334 0.6975 0.07833333333333334 0.48333333333333334
3 0.4891666666666667 0.14333333333333334 0.14166666666666666 0.2633333333333333
5 0.05416666666666667 0.6375 0.06 0.21
5 0.18083333333333335 0.7025 0.04833333333333333 0.375
5 0.29 0.7158333333333333 0.04 0.41333333333333333
5 0.45416666666666666 0.17833333333333334 0.03833333333333333 0.14666666666666667
5 0.5083333333333333 0.16916666666666666 0.05333333333333334 0.16166666666666665
5 0.4816666666666667 0.17083333333333334 0.11 0.18166666666666667
5 0.4583333333333333 0.7241666666666666 0.05333333333333334 0.24333333333333335
5 0.45666666666666667 0.39 0.043333333333333335 0.09
5 0.61 0.7941666666666667 0.06666666666666667 0.12166666666666667
5 0.7116666666666667 0.7175 0.04666666666666667 0.29833333333333334
5 0.9266666666666666 0.66 0.07 0.20333333333333334
1 0.15028411166666666 0.9883333333333333 0.21833333333333332 0.91394061 0.21833333333333332 0.7892056583333333 0.21157362833333332 0.42083333333333334 0.14104541833333334 0.5283099683333333 0.15004399166666665 0.9883333333333333 0.15028411166666666 0.9883333333333333
1 0.6935746883333334 0.9416666666666667 0.7505852333333333 0.8692523366666668 0.755 0.4568222933333333 0.755 0.44879564333333327 0.67105342 0.5491588783333333 0.6935615316666667 0.9416666666666667 0.6935746883333334 0.9416666666666667
2 0.46597792666666665 0.9383333333333334 0.5383333333333333 0.706119815 0.5383333333333333 0.7006677616666667 0.47320428166666667 0.51398754 0.37116346666666666 0.7032398766666667 0.465345595 0.9383333333333334 0.46597792666666665 0.9383333333333334