1 0.0575374 0.25494901 0.01438435 0.34793041333333335 0.23158803166666667 0.3344331133333333 0.2761795166666667 0.24295141 0.0575374 0.25494901
1 0.07192174833333334 0.6868626266666666 0.0287687 0.7873425316666667 0.24021864166666665 0.7783443316666666 0.28481012666666666 0.6718656266666666 0.07192174833333334 0.6868626266666666
2 0.5537974683333333 0.6913617283333334 0.48187572 0.74835033 0.5523590333333334 0.7978404316666666 0.6559263516666667 0.73035393 0.5537974683333333 0.6913617283333334
3 0.26467203666666667 0.5578884216666666 0.26467203666666667 0.4274145166666667 0.04814342333333334 0.43787979 0.056098965 0.5788842233333333 0.26467203666666667 0.5578884216666666
3 0.5625 0.4716666666666667 0.25583333333333336 0.1425
3 0.8991666666666667 0.7033333333333334 0.1925 0.12583333333333332
5 0.12666666666666668 0.07166666666666667 0.13833333333333334 0.07166666666666667
5 0.14333333333333334 0.295 0.17666666666666667 0.06416666666666666
5 0.5483333333333333 0.4708333333333333 0.1925 0.06583333333333333
5 0.89 0.7008333333333333 0.16 0.07333333333333333
5 0.39166666666666666 0.6958333333333333 0.13916666666666666 0.08083333333333333
5 0.7225 0.6658333333333334 0.10333333333333333 0.08083333333333333
5 0.14333333333333334 0.49833333333333335 0.1625 0.10333333333333333
5 0.145 0.7358333333333333 0.14666666666666667 0.07083333333333333
5 0.15916666666666668 0.9341666666666667 0.13083333333333333 0.056666666666666664
0 0.3516666666666667 0.495 0.1625 0.06916666666666667
0 0.1375 0.17416666666666666 0.0475 0.11416666666666667
0 0.12916666666666668 0.39 0.043333333333333335 0.08083333333333333
0 0.7983333333333333 0.5316666666666666 0.2125 0.2175
0 0.5558333333333333 0.6183333333333333 0.05 0.1575
0 0.7341666666666666 0.7225 0.16 0.0525
0 0.37416666666666665 0.7391666666666666 0.22416666666666665 0.05416666666666667
0 0.14916666666666667 0.8416666666666667 0.05583333333333333 0.08416666666666667
4 0.13583333333333333 0.0575 0.21166666666666667 0.10333333333333333
4 0.165 0.9375 0.20833333333333334 0.09916666666666667