4 0.9416666666666667 0.5125 0.09 0.20166666666666666
4 0.04583333333333333 0.5283333333333333 0.09166666666666666 0.24333333333333335
3 0.19416666666666665 0.19416666666666665 0.13166666666666665 0.3233333333333333
3 0.34833333333333333 0.85 0.12666666666666668 0.2866666666666667
5 0.9341666666666667 0.5058333333333334 0.051666666666666666 0.13833333333333334
5 0.7566666666666667 0.49166666666666664 0.06333333333333334 0.17
5 0.5516666666666666 0.49416666666666664 0.04 0.13833333333333334
5 0.5666666666666667 0.2425 0.06666666666666667 0.14833333333333334
5 0.475 0.9191666666666667 0.06333333333333334 0.13
5 0.35333333333333333 0.8466666666666667 0.08 0.23333333333333334
5 0.37333333333333335 0.17416666666666666 0.06 0.18833333333333332
5 0.205 0.18916666666666668 0.07666666666666666 0.255
5 0.0425 0.5025 0.058333333333333334 0.135
0 0.8541666666666666 0.5175 0.085 0.04
0 0.6608333333333334 0.49583333333333335 0.09333333333333334 0.04666666666666667
0 0.48833333333333334 0.7408333333333333 0.16666666666666666 0.23166666666666666
0 0.28833333333333333 0.15666666666666668 0.08666666666666667 0.04666666666666667
0 0.4875 0.2525 0.10833333333333334 0.23166666666666666
0 0.08416666666666667 0.30083333333333334 0.14166666666666666 0.22833333333333333
0 0.16666666666666666 0.765 0.28 0.24666666666666667
1 0.6933333333333334 0.38112160833333336 0.6958813716666666 0.577782665 0.8231370483333333 0.6933333333333334 0.8238947483333333 0.6933333333333334 0.8238947483333333 0.392527375 0.8191966816666667 0.382291375 0.6933333333333334 0.33104118 0.6933333333333334 0.38112160833333336
1 0.31833333333333336 0.02142989 0.3364709416666667 0.28905754333333333 0.4467930133333333 0.3516666666666667 0.4484492983333333 0.3516666666666667 0.4388817883333333 0.07655882 0.4418995783333333 0.06899517 0.31833333333333336 0.006266158333333333 0.31833333333333336 0.02142989
2 0.495 0.4891667333333334 0.495 0.4933434783333333 0.55464341 0.6483333333333333 0.5558198866666667 0.6483333333333333 0.631999965 0.47540083333333333 0.6393579566666667 0.47471551500000003 0.5263889549999999 0.3573459566666667 0.495 0.4891667333333334