5 0.5208333333333334 0.20583333333333334 0.1725 0.051666666666666666
5 0.5316666666666666 0.3825 0.275 0.08833333333333333
5 0.7483333333333333 0.5591666666666667 0.05333333333333334 0.035
5 0.5125 0.5941666666666666 0.12833333333333333 0.0525
5 0.115 0.69 0.10166666666666667 0.060833333333333336
5 0.5483333333333333 0.8558333333333333 0.4225 0.0525
5 0.8783333333333333 0.9525 0.21916666666666668 0.049166666666666664
0 0.5308333333333334 0.11666666666666667 0.0425 0.085
0 0.51 0.2825 0.03916666666666667 0.07333333333333333
0 0.5325 0.475 0.050833333333333335 0.09416666666666666
0 0.5408333333333334 0.7341666666666666 0.05333333333333334 0.15583333333333332
4 0.5358333333333334 0.041666666666666664 0.1125 0.075
3 0.5316666666666666 0.37333333333333335 0.33166666666666667 0.1325
3 0.13166666666666665 0.685 0.24833333333333332 0.09416666666666666
3 0.5525 0.8516666666666667 0.4675 0.1125
0 0.24833333333333332 0.6033333333333334 0.32166666666666666 0.055
0 0.7875 0.7441666666666666 0.18333333333333332 0.31166666666666665
0 0.35083333333333333 0.8608333333333333 0.5066666666666667 0.245
1 0.6772505616666668 0.15477686833333335 0.45073078 0.162270185 0.3510341633333333 0.2619219666666667 0.6131386516666667 0.24273179499999997 0.6772505616666668 0.15477686833333335
1 0.9902673683333334 0.90799062 0.7501178616666667 0.9076738633333334 0.709306445 0.9895487716666665 0.9468976516666667 0.98315215 0.9902673683333334 0.90799062
2 0.526399075 0.525786655 0.41537010166666666 0.5879296583333333 0.5395985233333334 0.65691936 0.6923357683333333 0.6057456516666666 0.526399075 0.525786655