5 0.14333333333333334 0.44916666666666666 0.07333333333333333 0.2783333333333333
5 0.27416666666666667 0.495 0.04666666666666667 0.29
5 0.34833333333333333 0.6058333333333333 0.04 0.09833333333333333
5 0.4008333333333333 0.4633333333333333 0.09333333333333334 0.31333333333333335
5 0.42333333333333334 0.9566666666666667 0.04 0.06
5 0.545 0.5233333333333333 0.08 0.4266666666666667
5 0.68 0.48333333333333334 0.04 0.36333333333333334
5 0.8 0.5191666666666667 0.04 0.37166666666666665
5 0.8808333333333334 0.6183333333333333 0.03666666666666667 0.14
0 0.08666666666666667 0.4675 0.05 0.051666666666666666
0 0.20583333333333334 0.4766666666666667 0.021666666666666667 0.05333333333333334
0 0.3541666666666667 0.5225 0.04666666666666667 0.035
0 0.48083333333333333 0.48583333333333334 0.035 0.041666666666666664
0 0.6133333333333333 0.505 0.04 0.04666666666666667
0 0.7241666666666666 0.5058333333333334 0.041666666666666664 0.05333333333333334
0 0.8908333333333334 0.5133333333333333 0.07166666666666667 0.056666666666666664
4 0.03333333333333333 0.4675 0.06666666666666667 0.10833333333333334
4 0.955 0.5316666666666666 0.08 0.14
3 0.145 0.4766666666666667 0.10333333333333333 0.36666666666666664
3 0.4083333333333333 0.4741666666666667 0.12 0.39166666666666666
3 0.5491666666666667 0.5191666666666667 0.105 0.505
3 0.6783333333333333 0.5008333333333334 0.07 0.3983333333333333
0 0.28951085833333334 0.325 0.28474567333333334 0.14305166 0.787490945 0.10866356 0.78909202 0.29894444833333333 0.8115074400000001 0.3012369516666667 0.8283333333333334 0.058124344999999994 0.8283333333333334 0.04683968333333333 0.2495214666666667 0.101786045 0.25299458 0.3244198566666667 0.26341560166666667 0.325 0.28951085833333334 0.325
0 0.28928283666666665 0.9283333333333333 0.5562834133333333 0.9222326483333334 0.5766666666666667 0.7700490766666667 0.5766666666666667 0.7552739399999999 0.5434745666666667 0.7617548533333334 0.537070205 0.89013688 0.2840964633333333 0.89472224 0.27929311500000004 0.6929784783333333 0.25234536999999996 0.699602835 0.25526669500000004 0.9283333333333333 0.28928283666666665 0.9283333333333333
2 0.2704969933333333 0.7133333333333334 0.3433333333333333 0.5251562183333334 0.3433333333333333 0.5223217649999999 0.26497248 0.31333333333333335 0.264812045 0.31333333333333335 0.21098190666666666 0.48020321833333335 0.27004301833333333 0.7133333333333334 0.2704969933333333 0.7133333333333334
2 0.7973174249999999 0.7633333333333333 0.8716666666666667 0.51191299 0.8716666666666667 0.5076583466666666 0.8018501216666667 0.273644575 0.7899600683333333 0.284785425 0.7378061333333333 0.5143612716666667 0.7968300166666666 0.7633333333333333 0.7973174249999999 0.7633333333333333