2 0.19445366166666667 0.5597061133333333 0.20108960333333334 0.5642871433333334 0.08352609666666667 0.65891637 0.23208984000000002 0.72772367 0.43809811 0.6413144933333333 0.19445366166666667 0.5597061133333333
1 0.101353625 0.3084797266666667 0.09707771666666667 0.316336735 0.00033031 0.45089463333333335 0.333113155 0.42209163499999997 0.41828961000000003 0.30047889 0.101353625 0.3084797266666667
1 0.0925 0.855 0.005833333333333334 0.01
1 0 0.9901509333333333 0.3469790433333333 0.9613479966666667 0.4222514016666667 0.8381350483333333 0.095411165 0.85413672 0 0.9901509333333333
1 0.6282598216666667 0.86853825 0.6245665716666666 0.8742251566666666 0.4935619666666667 0.9949514833333334 0.88378949 0.9853505049999999 0.984812655 0.8653379633333332 0.6282598216666667 0.86853825
4 0.22166666666666668 0.07583333333333334 0.2633333333333333 0.15166666666666667
0 0.20583333333333334 0.23666666666666666 0.0925 0.17583333333333334
0 0.20333333333333334 0.5041666666666667 0.08916666666666667 0.14333333333333334
0 0.6183333333333333 0.7458333333333333 0.37333333333333335 0.25166666666666665
0 0.22583333333333333 0.7741666666666667 0.08833333333333333 0.14
5 0.20583333333333334 0.08833333333333333 0.15916666666666668 0.06833333333333333
5 0.23416666666666666 0.3925 0.2891666666666667 0.08833333333333333
5 0.2375 0.6491666666666667 0.2025 0.0775
5 0.8733333333333333 0.7533333333333333 0.10083333333333333 0.07416666666666667
5 0.36333333333333334 0.7791666666666667 0.15666666666666668 0.10166666666666667
5 0.23666666666666666 0.9283333333333333 0.28833333333333333 0.08833333333333333
5 0.7766666666666666 0.9358333333333333 0.31333333333333335 0.08666666666666667