4 0.060833333333333336 0.705 0.11833333333333333 0.16333333333333333
4 0.9008333333333334 0.7625 0.16166666666666665 0.19833333333333333
0 0.225 0.745 0.25 0.1
0 0.7191666666666666 0.7591666666666667 0.21333333333333335 0.10166666666666667
0 0.8808333333333334 0.4175 0.21833333333333332 0.5083333333333333
0 0.49083333333333334 0.48583333333333334 0.07666666666666666 0.18166666666666667
5 0.43333333333333335 0.5033333333333333 0.07666666666666666 0.17333333333333334
5 0.48333333333333334 0.20416666666666666 0.08666666666666667 0.2816666666666667
5 0.675 0.21416666666666667 0.07666666666666666 0.22166666666666668
5 0.7433333333333333 0.23583333333333334 0.05333333333333334 0.20166666666666666
5 0.4666666666666667 0.7741666666666667 0.11333333333333333 0.205
5 0.6608333333333334 0.8925 0.09833333333333333 0.195
2 0.4663248683333333 0.9566666666666667 0.625 0.72348707 0.625 0.7193810066666667 0.47148454166666665 0.574355755 0.35411688166666666 0.7233483366666666 0.35467234666666664 0.7251181316666666 0.4642210183333333 0.9566666666666667 0.4663248683333333 0.9566666666666667
3 0.6366764266666667 0.43666666666666665 0.7900522533333334 0.425566385 0.81 0.05523031666666667 0.81 0.039273431666666664 0.6442860766666666 0.021186696666666668 0.6189132683333334 0.43666666666666665 0.6366764266666667 0.43666666666666665
3 0.5716666666666667 0.018916753333333335 0.429509145 0.0007648666666666666 0.44399206 0.004503398333333334 0.44079171333333333 0.004503398333333334 0.4406426216666667 0.005816 0.4471924066666667 0.008633813333333334 0.4406333883333334 0.005897296666666666 0.39598704333333334 0.3989640783333333 0.5448025816666667 0.40102928666666665 0.5716666666666667 0.023718098333333333 0.5716666666666667 0.018916753333333335