4 0.7366666666666667 0.0775 0.12333333333333334 0.13666666666666666
4 0.8491666666666666 0.925 0.075 0.1
5 0.17416666666666666 0.51 0.11666666666666667 0.06666666666666667
5 0.735 0.445 0.14333333333333334 0.09
5 0.44416666666666665 0.44416666666666665 0.17 0.07833333333333334
5 0.9216666666666666 0.6958333333333333 0.15666666666666668 0.125
5 0.18583333333333332 0.8208333333333333 0.20833333333333334 0.10833333333333334
0 0.7433333333333333 0.22583333333333333 0.07333333333333333 0.16166666666666665
0 0.4225 0.5033333333333333 0.2683333333333333 0.05333333333333334
0 0.8208333333333333 0.7183333333333334 0.08 0.31333333333333335
0 0.17166666666666666 0.6516666666666666 0.08 0.14666666666666667
0 0.5191666666666667 0.9466666666666667 0.6166666666666667 0.07
2 0.945 0.4174521033333333 0.945 0.41643009999999997 0.7467543866666667 0.30571228333333333 0.7555263166666667 0.313215285 0.5464619883333333 0.47227891 0.8225562966666666 0.5583333333333333 0.8265262133333333 0.5583333333333333 0.945 0.4174521033333333
3 0.3466666666666667 0.8797336699999999 0.32776315666666667 0.7200340133333333 0.04267543666666666 0.7605502199999999 0.06597992 0.925 0.06990974666666666 0.925 0.3466666666666667 0.8806146533333333 0.3466666666666667 0.8797336699999999
3 0.28833333333333333 0.5444927666666666 0.284532165 0.4560574233333333 0.015526316666666666 0.4815676266666667 0.03708005 0.5833333333333334 0.05398743666666667 0.5833333333333334 0.28833333333333333 0.5581610566666667 0.28833333333333333 0.5444927666666666