5 0.92 0.32416666666666666 0.07333333333333333 0.155
5 0.7091666666666666 0.49333333333333335 0.05333333333333334 0.07333333333333333
5 0.6558333333333334 0.77 0.09166666666666666 0.4
5 0.6541666666666667 0.3075 0.07833333333333334 0.18166666666666667
5 0.815 0.035833333333333335 0.06333333333333334 0.06833333333333333
5 0.3883333333333333 0.7958333333333333 0.07 0.275
5 0.245 0.7816666666666666 0.05 0.06666666666666667
5 0.15166666666666667 0.8341666666666666 0.06333333333333334 0.26
5 0.25166666666666665 0.4891666666666667 0.06666666666666667 0.07
5 0.11 0.25416666666666665 0.07 0.28833333333333333
0 0.8041666666666667 0.31666666666666665 0.13166666666666665 0.02666666666666667
0 0.6541666666666667 0.495 0.03833333333333333 0.11333333333333333
0 0.38416666666666666 0.30916666666666665 0.395 0.051666666666666666
0 0.5358333333333334 0.8066666666666666 0.12 0.02666666666666667
0 0.2525 0.8225 0.09833333333333333 0.018333333333333333
3 0.6575 0.77 0.135 0.43333333333333335
3 0.9258333333333333 0.3275 0.11833333333333333 0.19333333333333333
3 0.15666666666666668 0.8358333333333333 0.1 0.2783333333333333
3 0.11916666666666667 0.25916666666666666 0.12 0.31166666666666665
0 0.8 0.14 0.2966666666666667 0.12
0 0.055080269999999994 0.25666666666666665 0.006666666666666667 0.26015455833333334 0.006666666666666667 0.4003911216666666 0.011482045 0.8250114683333334 0.107460845 0.8366022399999999 0.10594682999999999 0.8127077116666667 0.029094116666666666 0.8090166416666666 0.027493041666666666 0.27995512333333333 0.056312763333333335 0.27995512333333333 0.056312763333333335 0.25666666666666665 0.055080269999999994 0.25666666666666665
0 0.085 0.4612322316666666 0.14859384333333334 0.5479748816666666 0.3359225216666667 0.5615090883333334 0.35833788 0.6156455399999999 0.38899093833333337 0.605666435 0.364742305 0.531980055 0.18862133666666667 0.5270585333333333 0.13098177166666666 0.44339295333333334 0.085 0.46045123499999996 0.085 0.4612322316666666
2 0.38745087 0.5866666666666667 0.29333333333333333 0.804847795 0.29333333333333333 0.81180957 0.3861783216666667 0.9956198266666667 0.4776480083333333 0.8161914450000001 0.38807683333333337 0.5866666666666667 0.38745087 0.5866666666666667
2 0.63987673 0.17 0.57 0.30668378166666665 0.57 0.3072241416666667 0.6806571333333333 0.42833333333333334 0.6816205366666667 0.42833333333333334 0.7459438316666667 0.316873315 0.6408236416666667 0.17 0.63987673 0.17