2 0.5001032200000001 0.49 0.5032105583333333 0.49 0.5737108266666666 0.38632577333333334 0.5758896616666667 0.38478682999999997 0.50166008 0.2960042316666667 0.43833333333333335 0.3973350583333333 0.43833333333333335 0.399536585 0.5001032200000001 0.49
2 0.39615115500000003 0.6883333333333334 0.436302355 0.5978682566666667 0.367187305 0.5166983516666667 0.325 0.62009595 0.325 0.6236082483333333 0.39565449666666663 0.6883333333333334 0.39615115500000003 0.6883333333333334
1 0.88782754 0.5133333333333333 0.8910937616666667 0.5133333333333333 0.9014059683333333 0.5016289116666667 0.8661030366666668 0.31121508000000003 0.78 0.25240309666666666 0.78 0.25544602666666666 0.8036590033333333 0.47275169833333336 0.88782754 0.5133333333333333
1 0.31666666666666665 0.2994490316666667 0.31666666666666665 0.2923461333333333 0.30579309833333335 0.05642917833333333 0.305264535 0.05917854666666667 0.17666666666666667 0.0011017966666666667 0.17666666666666667 0.028624043333333335 0.18090527333333334 0.23707239333333333 0.31666666666666665 0.2994490316666667
1 0.30841065666666667 0.615 0.31100708666666665 0.615 0.29347575333333337 0.327992505 0.2902733633333333 0.3227815916666667 0.16 0.29175902833333334 0.16 0.3033603716666667 0.181396815 0.55205943 0.30841065666666667 0.615
1 0.37962740666666667 0.9933333333333333 0.35724952000000004 0.729762405 0.26666666666666666 0.676318815 0.26666666666666666 0.8211953716666667 0.2739908066666667 0.9451445616666666 0.37869622333333336 0.9933333333333333 0.37962740666666667 0.9933333333333333
1 0.21456751833333332 0.98 0.19706722166666668 0.6676121616666667 0.07166666666666667 0.6218465183333334 0.07166666666666667 0.633375585 0.09934115166666667 0.9219215083333334 0.21271352 0.98 0.21456751833333332 0.98
4 0.9558333333333333 0.37833333333333335 0.08333333333333333 0.14333333333333334
4 0.045 0.43 0.09 0.2
3 0.6858333333333333 0.3933333333333333 0.1 0.22666666666666666
0 0.8975 0.3825 0.055 0.04666666666666667
0 0.7591666666666667 0.3958333333333333 0.06166666666666667 0.058333333333333334
0 0.6041666666666666 0.38166666666666665 0.08166666666666667 0.04
0 0.4791666666666667 0.5541666666666667 0.09333333333333334 0.14833333333333334
0 0.4141666666666667 0.215 0.215 0.17666666666666667
0 0.09833333333333333 0.22583333333333333 0.18 0.255
0 0.12833333333333333 0.42083333333333334 0.10666666666666667 0.041666666666666664
0 0.049166666666666664 0.6708333333333333 0.085 0.325
0 0.23833333333333334 0.8208333333333333 0.07666666666666666 0.04833333333333333
0 0.39 0.7608333333333334 0.043333333333333335 0.14
0 0.3433333333333333 0.4633333333333333 0.1 0.14333333333333334
5 0.9583333333333334 0.36916666666666664 0.03333333333333333 0.08166666666666667
5 0.8266666666666667 0.39916666666666667 0.06666666666666667 0.15833333333333333
5 0.68 0.4008333333333333 0.056666666666666664 0.17166666666666666
5 0.5175 0.395 0.04833333333333333 0.09333333333333334
5 0.5358333333333334 0.5433333333333333 0.051666666666666666 0.06666666666666667
5 0.5291666666666667 0.21916666666666668 0.051666666666666666 0.055
5 0.24333333333333335 0.1725 0.07333333333333333 0.18833333333333332
5 0.23916666666666667 0.44916666666666666 0.06833333333333333 0.24166666666666667
5 0.04083333333333333 0.425 0.06 0.09666666666666666
5 0.155 0.8208333333333333 0.10333333333333333 0.24166666666666667
5 0.3283333333333333 0.8491666666666666 0.10333333333333333 0.21666666666666667
5 0.4216666666666667 0.7458333333333333 0.04666666666666667 0.08
5 0.4058333333333333 0.47 0.043333333333333335 0.06
5 0.38333333333333336 0.5941666666666666 0.04 0.08833333333333333