4 0.06583333333333333 0.15083333333333335 0.13166666666666665 0.16833333333333333
4 0.9066666666666666 0.23333333333333334 0.18333333333333332 0.14666666666666667
5 0.255 0.5116666666666667 0.09 0.17333333333333334
5 0.32 0.17833333333333334 0.09333333333333334 0.22
5 0.6266666666666667 0.1325 0.09666666666666666 0.14333333333333334
5 0.5541666666666667 0.83 0.085 0.19666666666666666
5 0.6791666666666667 0.8316666666666667 0.07833333333333334 0.16333333333333333
5 0.2833333333333333 0.8241666666666667 0.08 0.16333333333333333
0 0.15333333333333332 0.16666666666666666 0.09333333333333334 0.04666666666666667
0 0.6433333333333333 0.21666666666666667 0.3933333333333333 0.07333333333333333
0 0.8475 0.5708333333333333 0.18166666666666667 0.585
0 0.42 0.8241666666666667 0.14333333333333334 0.08166666666666667
0 0.3275 0.5416666666666666 0.12166666666666667 0.3466666666666667
3 0.2866666666666667 0.8433333333333334 0.17333333333333334 0.2733333333333333
3 0.6141666666666666 0.8341666666666666 0.2916666666666667 0.315