0 0.8708333333333333 0.5141666666666667 0.12 0.028333333333333332
0 0.6991666666666667 0.5208333333333334 0.13833333333333334 0.03166666666666667
0 0.5008333333333334 0.5233333333333333 0.10333333333333333 0.03666666666666667
0 0.40166666666666667 0.31416666666666665 0.04 0.20833333333333334
0 0.2825 0.2816666666666667 0.16166666666666665 0.37
0 0.31833333333333336 0.5308333333333334 0.09333333333333334 0.03166666666666667
0 0.22833333333333333 0.745 0.07 0.2866666666666667
0 0.09416666666666666 0.8883333333333333 0.08166666666666667 0.03
4 0.9633333333333334 0.5133333333333333 0.06 0.14666666666666667
4 0.03666666666666667 0.8966666666666666 0.04666666666666667 0.13
3 0.585 0.52 0.08 0.19333333333333333
3 0.405 0.5208333333333334 0.09 0.205
3 0.405 0.10583333333333333 0.09 0.19833333333333333
2 0.19 0.5303567316666666 0.23496898833333332 0.5928703683333333 0.2709833933333333 0.523793355 0.22746598666666665 0.46206495999999997 0.19 0.5255756783333334 0.19 0.5303567316666666
1 0.184753905 0.795 0.13833333333333334 0.8230815783333334 0.13833333333333334 0.9483147616666667 0.138737495 0.994232805 0.18975790166666667 0.954550265 0.18827697499999999 0.795 0.184753905 0.795
1 0.80230004 0.44333333333333336 0.765 0.465814905 0.765 0.6125380466666667 0.8045858333333333 0.5780746616666668 0.803090485 0.44333333333333336 0.80230004 0.44333333333333336
5 0.9625 0.5116666666666667 0.035 0.07666666666666666
5 0.7875 0.525 0.025 0.09
5 0.59 0.5116666666666667 0.06 0.11
5 0.4116666666666667 0.11416666666666667 0.05333333333333334 0.13166666666666665
5 0.40166666666666667 0.5141666666666667 0.05333333333333334 0.18666666666666668
5 0.23083333333333333 0.5258333333333334 0.041666666666666664 0.08166666666666667
5 0.17083333333333334 0.8858333333333334 0.028333333333333332 0.11833333333333333
5 0.035 0.8908333333333334 0.03 0.08166666666666667