5 0.6308333333333334 0.0525 0.1675 0.0675
5 0.6458333333333334 0.2175 0.21416666666666667 0.05
5 0.6441666666666667 0.3416666666666667 0.16 0.049166666666666664
5 0.6525 0.3858333333333333 0.1875 0.034166666666666665
5 0.7125 0.53 0.355 0.0625
5 0.42916666666666664 0.6391666666666667 0.09916666666666667 0.065
5 0.1375 0.6883333333333334 0.24166666666666667 0.058333333333333334
5 0.715 0.6558333333333334 0.21666666666666667 0.05416666666666667
5 0.8258333333333333 0.7408333333333333 0.11 0.06416666666666666
5 0.7341666666666666 0.825 0.2866666666666667 0.05583333333333333
5 0.7275 0.9458333333333333 0.185 0.060833333333333336
0 0.6566666666666666 0.13416666666666666 0.08416666666666667 0.07083333333333333
0 0.6483333333333333 0.2841666666666667 0.075 0.0675
0 0.6658333333333334 0.45 0.05416666666666667 0.075
0 0.6833333333333333 0.5808333333333333 0.056666666666666664 0.051666666666666666
0 0.72 0.7558333333333334 0.059166666666666666 0.07666666666666666
0 0.7308333333333333 0.8883333333333333 0.06416666666666666 0.058333333333333334
0 0.4375 0.6783333333333333 0.2675 0.02666666666666667
4 0.6416666666666667 0.05416666666666667 0.2683333333333333 0.09916666666666667
4 0.7466666666666667 0.955 0.35083333333333333 0.0875
3 0.6791666666666667 0.36083333333333334 0.38416666666666666 0.1075
3 0.7083333333333334 0.5191666666666667 0.4266666666666667 0.0975
1 0.8177392983333334 0.170676425 0.54704943 0.17857858000000001 0.47009965333333337 0.2603918966666667 0.7539522183333334 0.25077949166666663 0.8177392983333334 0.170676425
1 0.9835858583333333 0.785868 0.5390749466666667 0.7951951966666667 0.4764785066666667 0.8787876066666667 0.9229880833333334 0.8675731033333333 0.9835858583333333 0.785868
2 0.6826156166666667 0.5969969983333333 0.543454895 0.6737237083333333 0.7411947516666667 0.72659178 0.9197987766666668 0.6705196950000001 0.6826156166666667 0.5969969983333333
0 0.16711101333333334 0.55837528 0.5051827433333334 0.5471608383333333 0.48325357666666674 0.5109109116666666 0.08099855 0.54075263 0.12246025166666667 0.6320700766666667 0.16392170833333333 0.633672175 0.16711101333333334 0.55837528
3 0.2978747266666667 0.6400803833333333 0.028708121666666666 0.62902903 0.007643308333333334 0.741010235 0.2755491016666667 0.7346020866666667 0.2978747266666667 0.6400803833333333