4 0.08583333333333333 0.5283333333333333 0.15916666666666668 0.1875
0 0.20666666666666667 0.5358333333333334 0.10166666666666667 0.09833333333333333
0 0.4791666666666667 0.5183333333333333 0.1225 0.11666666666666667
0 0.7991666666666667 0.39166666666666666 0.19166666666666668 0.21166666666666667
0 0.7266666666666667 0.7633333333333333 0.22333333333333333 0.27
5 0.07 0.52 0.10166666666666667 0.10583333333333333
5 0.3458333333333333 0.545 0.1475 0.15916666666666668
5 0.6183333333333333 0.5291666666666667 0.10916666666666666 0.13416666666666666
5 0.6875 0.8266666666666667 0.03333333333333333 0.08
5 0.8266666666666667 0.415 0.0325 0.07
5 0.9058333333333334 0.8591666666666666 0.125 0.16583333333333333
5 0.8975 0.11666666666666667 0.13666666666666666 0.19333333333333333
1 0.3946014366666667 0.66795797 0.468043465 0.37024829000000004 0.27762585333333334 0.4332316033333333 0.22354660666666665 0.6858205816666666 0.3946014366666667 0.66795797
1 0.8399608716666667 0.7490412716666667 0.7989973333333333 0.9874996633333334 0.9468109483333335 0.9716219050000001 0.9970119033333333 0.7235304283333334 0.9942229383333334 0.7096373716666666 0.9942229383333334 0.7036831166666667 0.8399608716666667 0.7490412716666667
2 0.6167867116666667 0.36230941 0.61622499 0.35763889 0.521962875 0.51711843 0.639098295 0.675896925 0.7209071483333334 0.4813932833333333 0.6167867116666667 0.36230941