2 0.4994104016666666 0.195 0.43050669166666666 0.23829208 0.39255818833333334 0.30231790166666667 0.5133408483333333 0.4049167666666667 0.6129509516666667 0.2823097816666667 0.5014916333333332 0.195 0.4994104016666666 0.195
1 0.32666666666666666 0.35168440833333336 0.23556884333333333 0.205 0.22344476333333332 0.205 0.11807685666666666 0.21583314333333334 0.000042143333333333334 0.21783400999999997 0.07304545666666667 0.356476325 0.16040389 0.37189601333333333 0.32666666666666666 0.35190318666666665 0.32666666666666666 0.35168440833333336
1 0.3383333333333333 0.790212715 0.27103813 0.694036615 0.23308976 0.7020398083333333 0.18609035499999999 0.6933333333333334 0.013573431666666667 0.6933333333333334 0.08589412 0.8003983416666667 0.3383333333333333 0.7921188416666667 0.3383333333333333 0.790212715
4 0.15 0.9166666666666666 0.25 0.15333333333333332
3 0.17083333333333334 0.5208333333333334 0.20166666666666666 0.18833333333333332
3 0.5125 0.5441666666666667 0.265 0.15833333333333333
3 0.87 0.2816666666666667 0.26 0.18666666666666668
4 0.14166666666666666 0.06333333333333334 0.22333333333333333 0.1
0 0.16916666666666666 0.8166666666666667 0.043333333333333335 0.06333333333333334
0 0.17916666666666667 0.6541666666666667 0.03833333333333333 0.09
0 0.3516666666666667 0.30083333333333334 0.12333333333333334 0.07666666666666666
0 0.3258333333333333 0.5283333333333333 0.155 0.07
0 0.7633333333333333 0.4725 0.2633333333333333 0.18833333333333332
0 0.675 0.27666666666666667 0.14333333333333334 0.06666666666666667
5 0.14916666666666667 0.9208333333333333 0.16 0.09666666666666666
5 0.17833333333333334 0.7491666666666666 0.21166666666666667 0.08
5 0.18083333333333335 0.5358333333333334 0.155 0.14666666666666667
5 0.5208333333333334 0.5441666666666667 0.18666666666666668 0.11166666666666666
5 0.8725 0.27666666666666667 0.19666666666666666 0.12
5 0.4975 0.2975 0.13166666666666665 0.08166666666666667
5 0.685 0.31083333333333335 0.06333333333333334 0.056666666666666664
5 0.37083333333333335 0.335 0.07 0.07
5 0.165 0.2966666666666667 0.18 0.10333333333333333
5 0.13833333333333334 0.056666666666666664 0.11333333333333333 0.08