2 0.440625 0.3031212483333333 0.53125 0.24759904000000002 0.58125 0.17857142833333334 0.4395833333333333 0.09903961666666666 0.37604166666666666 0.14705882333333334 0.33125 0.20858343333333332 0.384375 0.25060024 0.440625 0.3031212483333333
2 0.6572916666666667 0.45318127333333336 0.44583333333333336 0.342136855 0.378125 0.3916566633333333 0.309375 0.48469387833333333 0.4666666666666667 0.597238895 0.6572916666666667 0.45318127333333336
2 0.6052083333333333 0.7247899166666666 0.4875 0.6737695083333334 0.28125 0.8523409366666667 0.4947916666666667 0.99489796 0.7322916666666667 0.8343337333333333 0.6052083333333333 0.7247899166666666
5 0.4475 0.04416666666666667 0.08833333333333333 0.04666666666666667
5 0.23416666666666666 0.17833333333333334 0.03833333333333333 0.035833333333333335
5 0.11916666666666667 0.4483333333333333 0.1575 0.04083333333333333
5 0.47 0.4583333333333333 0.2175 0.09416666666666666
5 0.445 0.1975 0.14833333333333334 0.0975
5 0.5066666666666667 0.8183333333333334 0.325 0.10083333333333333
5 0.5183333333333333 0.6366666666666667 0.051666666666666666 0.07166666666666667
5 0.9658333333333333 0.6133333333333333 0.04666666666666667 0.07166666666666667
5 0.9158333333333334 0.8091666666666667 0.115 0.050833333333333335
5 0.785 0.7958333333333333 0.06666666666666667 0.049166666666666664
5 0.22333333333333333 0.8333333333333334 0.065 0.049166666666666664
4 0.44666666666666666 0.04833333333333333 0.135 0.08416666666666667
0 0.205 0.2825 0.265 0.23
0 0.17333333333333334 0.7116666666666667 0.2125 0.4558333333333333
0 0.4775 0.6391666666666667 0.034166666666666665 0.075
0 0.7991666666666667 0.5908333333333333 0.29333333333333333 0.36583333333333334
0 0.7841666666666667 0.83 0.11666666666666667 0.056666666666666664