5 0.7791666666666667 0.7208333333333333 0.365 0.15
5 0.785 0.37833333333333335 0.22333333333333333 0.12333333333333334
5 0.2708333333333333 0.36583333333333334 0.27166666666666667 0.16833333333333333
5 0.2325 0.07416666666666667 0.4116666666666667 0.095
5 0.8033333333333333 0.1125 0.22 0.06166666666666667
5 0.7416666666666667 0.19833333333333333 0.06 0.056666666666666664
5 0.5283333333333333 0.41083333333333333 0.06333333333333334 0.065
5 0.7916666666666666 0.925 0.13 0.06333333333333334
3 0.7825 0.725 0.4116666666666667 0.19666666666666666
3 0.26916666666666667 0.37 0.34833333333333333 0.21666666666666667
2 0.7916414216666666 0.23666666666666666 0.7901252016666667 0.23666666666666666 0.676239935 0.3111414566666667 0.6283333333333333 0.3767391233333333 0.6283333333333333 0.3799189666666667 0.7114653783333333 0.45369848 0.8067306066666666 0.515 0.8073570266666666 0.515 0.89363124 0.44619547833333334 0.946972625 0.368164265 0.8775281799999999 0.30814025666666667 0.7916414216666666 0.23666666666666666
4 0.7933333333333333 0.925 0.18333333333333332 0.12666666666666668
4 0.8116666666666666 0.10833333333333334 0.27 0.11
0 0.7975 0.8433333333333334 0.018333333333333333 0.03666666666666667
0 0.8083333333333333 0.5766666666666667 0.03 0.12
0 0.5333333333333333 0.37916666666666665 0.18333333333333332 0.06333333333333334
0 0.57 0.0825 0.2 0.07333333333333333
3 0.24083333333333334 0.08833333333333333 0.4683333333333333 0.13
0 0.7908333333333334 0.19833333333333333 0.018333333333333333 0.06666666666666667