2 0.54910357 0.5633333333333334 0.5133333333333333 0.6550127883333333 0.5133333333333333 0.6609854166666667 0.5313585083333333 0.749797885 0.544237105 0.7582289566666667 0.5988832983333333 0.665801435 0.5492981666666666 0.5633333333333334 0.54910357 0.5633333333333334
2 0.4266666666666667 0.3882248816666667 0.456977695 0.4792025733333333 0.5141515816666666 0.426437585 0.46985629166666665 0.3322615916666667 0.4266666666666667 0.382437225 0.4266666666666667 0.3882248816666667
2 0.39302751666666663 0.48333333333333334 0.319172405 0.5372085750000001 0.30833333333333335 0.7085222600000001 0.30833333333333335 0.7267887933333333 0.389649575 0.661321905 0.39449761666666666 0.48333333333333334 0.39302751666666663 0.48333333333333334
2 0.41577824166666666 0 0.30777376 0.04551655166666666 0.29833333333333334 0.2980228733333333 0.29833333333333334 0.3270147483333333 0.42269002 0.25102381833333337 0.41629049 0 0.41577824166666666 0
2 0.3870367566666667 0.7816666666666666 0.3122751266666666 0.8173113783333333 0.2966666666666667 0.9846505533333334 0.2966666666666667 0.9946503266666668 0.37974359 0.96076923 0.3890850516666667 0.7816666666666666 0.3870367566666667 0.7816666666666666
4 0.9608333333333333 0.635 0.06833333333333333 0.21666666666666667
4 0.03916666666666667 0.645 0.07166666666666667 0.22
3 0.8416666666666667 0.6466666666666666 0.10333333333333333 0.23333333333333334
3 0.6841666666666667 0.6433333333333333 0.10666666666666667 0.25
1 0.15666666666666668 0.19583333333333333 0.16 0.34
0 0.18833333333333332 0.6208333333333333 0.26 0.06833333333333333
0 0.46416666666666667 0.8441666666666666 0.16166666666666665 0.18166666666666667
0 0.5425 0.4608333333333333 0.07833333333333334 0.19666666666666666
0 0.45 0.22333333333333333 0.07 0.22
0 0.43083333333333335 0.5408333333333334 0.065 0.14166666666666666
0 0.15666666666666668 0.8425 0.2866666666666667 0.19333333333333333
0 0.0525 0.36083333333333334 0.095 0.3616666666666667
0 0.6191666666666666 0.6608333333333334 0.05 0.043333333333333335
0 0.7808333333333334 0.6633333333333333 0.06166666666666667 0.05
0 0.9216666666666666 0.6566666666666666 0.05 0.03
5 0.685 0.6508333333333334 0.05333333333333334 0.18
5 0.8458333333333333 0.655 0.05333333333333334 0.17
5 0.9683333333333334 0.6466666666666666 0.04 0.14
5 0.555 0.6658333333333334 0.03666666666666667 0.1
5 0.5833333333333334 0.485 0.04666666666666667 0.07666666666666666
5 0.4658333333333333 0.4033333333333333 0.041666666666666664 0.08
5 0.57 0.8083333333333333 0.05 0.06333333333333334
5 0.335 0.895 0.04 0.15333333333333332
5 0.34833333333333333 0.6 0.03 0.15333333333333332
5 0.3641666666666667 0.165 0.08166666666666667 0.24666666666666667
5 0.16 0.18916666666666668 0.1 0.25166666666666665
5 0.04 0.6616666666666666 0.03333333333333333 0.09666666666666666