4 0.9266666666666666 0.4175 0.12 0.7183333333333334
4 0.0725 0.525 0.145 0.7266666666666667
0 0.8358333333333333 0.37333333333333335 0.08 0.14
0 0.6275 0.4075 0.07333333333333333 0.15833333333333333
0 0.38083333333333336 0.5391666666666667 0.065 0.20166666666666666
0 0.16916666666666666 0.5441666666666667 0.085 0.15
5 0.9283333333333333 0.3933333333333333 0.06666666666666667 0.4533333333333333
5 0.73 0.4775 0.06666666666666667 0.5166666666666667
5 0.5025 0.3983333333333333 0.058333333333333334 0.36666666666666664
5 0.3933333333333333 0.7908333333333334 0.06 0.36333333333333334
5 0.29083333333333333 0.49333333333333335 0.056666666666666664 0.6433333333333333
5 0.08166666666666667 0.5466666666666666 0.06666666666666667 0.36333333333333334
1 0.8111578566666666 0.8897238116666667 0.8017618799999999 0.20178851166666664 0.665542605 0.012074485000000001 0.6633333333333333 0.508832915 0.6633333333333333 0.7327164966666667 0.8111578566666666 0.8897238116666667
1 0.34521336166666666 0.9716666666666667 0.3461708316666666 0.9716666666666667 0.3525618866666667 0.18254101833333333 0.3480076483333333 0.17260781 0.21494759333333335 0.012002575 0.21 0.622887175 0.21 0.8041037266666667 0.34521336166666666 0.9716666666666667
2 0.5493931216666667 0.8383333333333334 0.5503193799999999 0.8383333333333334 0.6173794916666667 0.33613663833333335 0.61114461 0.36471032833333333 0.47656479 0.015856810000000002 0.38333333333333336 0.5950226366666667 0.38333333333333336 0.6040056383333333 0.5493931216666667 0.8383333333333334