2 0.07333333333333333 0.47526285166666665 0.29064866 0.526089435 0.4810918733333333 0.42554922 0.25930891500000003 0.37166666666666665 0.24974943666666666 0.37166666666666665 0.07333333333333333 0.47458556499999993 0.07333333333333333 0.47526285166666665
1 0.021666666666666667 0.28634868 0.39106200999999996 0.25204451666666666 0.46679362833333327 0.165 0.4661732633333333 0.165 0.085960295 0.19945278 0.021666666666666667 0.28450869500000003 0.021666666666666667 0.28634868
1 0.44230609500000007 0.82310024 0.48618316833333336 0.7616666666666667 0.17562182666666667 0.7616666666666667 0.11682133 0.8456092433333333 0.44230609500000007 0.82310024
0 0.32 0.8716666666666667 0.08 0.06666666666666667
0 0.31083333333333335 0.7133333333333334 0.06166666666666667 0.07333333333333333
0 0.6966666666666667 0.5475 0.4266666666666667 0.19833333333333333
0 0.5691666666666667 0.4125 0.19833333333333333 0.04666666666666667
0 0.2625 0.32416666666666666 0.09666666666666666 0.09166666666666666
4 0.3075 0.9491666666666667 0.3466666666666667 0.085
5 0.285 0.9541666666666667 0.23 0.04833333333333333
5 0.8266666666666667 0.3825 0.22666666666666666 0.06833333333333333
5 0.25 0.21916666666666668 0.24 0.035
5 0.25416666666666665 0.0575 0.17666666666666667 0.051666666666666666
5 0.1775 0.34 0.09333333333333334 0.06
5 0.2916666666666667 0.6341666666666667 0.2733333333333333 0.051666666666666666
5 0.55 0.44583333333333336 0.11 0.051666666666666666
3 0.2866666666666667 0.6425 0.4066666666666667 0.07833333333333334
3 0.8358333333333333 0.3958333333333333 0.3016666666666667 0.11166666666666666