4 0.3983333333333333 0.09333333333333334 0.19666666666666666 0.16666666666666666
4 0.2425 0.8583333333333333 0.18166666666666667 0.16
3 0.8091666666666667 0.45916666666666667 0.365 0.20166666666666666
3 0.7491666666666666 0.785 0.3466666666666667 0.19666666666666666
5 0.8358333333333333 0.455 0.225 0.09
5 0.5875 0.4058333333333333 0.14666666666666667 0.06166666666666667
5 0.1075 0.6608333333333334 0.215 0.095
5 0.7433333333333333 0.7883333333333333 0.24333333333333335 0.16666666666666666
0 0.3825 0.24916666666666668 0.056666666666666664 0.12
0 0.2658333333333333 0.6758333333333333 0.09833333333333333 0.185
0 0.5425 0.9416666666666667 0.4666666666666667 0.11666666666666667
0 0.7958333333333333 0.6225 0.06166666666666667 0.10833333333333334
0 0.5833333333333334 0.4691666666666667 0.13333333333333333 0.04833333333333333
2 0.16333333333333333 0.42138461 0.273202445 0.5833333333333334 0.274820675 0.5833333333333334 0.52414565 0.4953119366666667 0.38227932 0.30784943 0.16333333333333333 0.4179547383333333 0.16333333333333333 0.42138461