5 0.7416666666666667 0.6666666666666666 0.2866666666666667 0.09
5 0.7658333333333334 0.36916666666666664 0.16333333333333333 0.07833333333333334
5 0.8341666666666666 0.2325 0.12166666666666667 0.09
5 0.7933333333333333 0.07333333333333333 0.26166666666666666 0.11333333333333333
5 0.16416666666666666 0.295 0.10166666666666667 0.08666666666666667
5 0.20333333333333334 0.105 0.26 0.11333333333333333
5 0.8083333333333333 0.9291666666666667 0.17 0.08833333333333333
4 0.8041666666666667 0.9241666666666667 0.26 0.15166666666666667
0 0.7841666666666667 0.7816666666666666 0.06166666666666667 0.13333333333333333
0 0.7658333333333334 0.5383333333333333 0.06166666666666667 0.13666666666666666
0 0.74 0.22166666666666668 0.06 0.14333333333333334
0 0.405 0.285 0.39666666666666667 0.23
1 0.9680806733333333 0.5833333333333334 0.9527673050000001 0.5833333333333334 0.611113675 0.6093288816666667 0.5316666666666666 0.7381095083333333 0.5316666666666666 0.7404446066666667 0.8978044249999999 0.7165400966666666 0.9197277583333332 0.67813612 0.9180413683333334 0.6925375883333333 0.9680806733333333 0.5833333333333334
1 0.9214901333333334 0.006666666666666667 0.69409896 0.007906656666666666 0.5716666666666667 0.18136696166666666 0.5716666666666667 0.1822428816666667 0.9403156966666667 0.13752029833333335 0.99921244 0.011455493333333334 0.988352045 0.006666666666666667 0.9214901333333334 0.006666666666666667
1 0.41390024833333333 0.023333333333333334 0.07020968666666667 0.067526245 0.005 0.20396796 0.005 0.205353445 0.006254903333333333 0.20583003166666666 0.35521404666666667 0.16513642333333334 0.42993718333333336 0.023333333333333334 0.41390024833333333 0.023333333333333334
2 0.762048 0.28026560833333336 0.59 0.3706073333333333 0.59 0.37256325 0.7755392516666667 0.4946881616666667 0.7804343300000001 0.4916901016666667 0.9138254566666666 0.34267227499999997 0.762048 0.28026560833333336