2 0.6274229683333333 0.9109395966666667 0.7233333333333334 0.7601342249999999 0.7233333333333334 0.7595570500000001 0.6514325733333334 0.54852349 0.5568947566666668 0.7498657716666667 0.5538935566666667 0.7515436233333334 0.6274229683333333 0.9109395966666667
1 0.23984793833333332 0.6989093966666666 0.17240221 0.6333333333333333 0.17084364166666666 0.6333333333333333 0.17382152833333334 0.82978188 0.25333333333333335 0.8890510816666667 0.25333333333333335 0.8708020316666667 0.23984793833333332 0.6989093966666666
1 0.69962385 0.05411633166666667 0.607707885 0.013333333333333334 0.6050545066666667 0.013333333333333334 0.5975830333333334 0.2890156583333333 0.7066666666666667 0.365872635 0.7066666666666667 0.34705589 0.69962385 0.05411633166666667
4 0.04666666666666667 0.7275 0.08 0.16166666666666665
4 0.9025 0.20083333333333334 0.08833333333333333 0.26666666666666666
0 0.13583333333333333 0.7408333333333333 0.085 0.025
0 0.2891666666666667 0.775 0.08833333333333333 0.043333333333333335
0 0.5175 0.7575 0.08166666666666667 0.025
0 0.66 0.44416666666666665 0.04 0.185
0 0.7933333333333333 0.7525 0.13 0.035
0 0.7775 0.2175 0.145 0.028333333333333332
0 0.7866666666666666 0.9583333333333334 0.35333333333333333 0.06666666666666667
3 0.4025 0.7566666666666667 0.13166666666666665 0.24666666666666667
3 0.9266666666666666 0.7575 0.12 0.345
5 0.049166666666666664 0.7275 0.051666666666666666 0.105
5 0.215 0.7675 0.056666666666666664 0.13166666666666665
5 0.395 0.7575 0.06666666666666667 0.20333333333333334
5 0.6208333333333333 0.4683333333333333 0.03 0.06666666666666667
5 0.9066666666666666 0.245 0.06333333333333334 0.08333333333333333
5 0.9291666666666667 0.7641666666666667 0.09 0.30666666666666664
5 0.6625 0.19416666666666665 0.08833333333333333 0.24
5 0.6375 0.7275 0.06833333333333333 0.24666666666666667
5 0.8216666666666667 0.6883333333333334 0.04 0.07666666666666666