4 0.7908333333333334 0.0625 0.15833333333333333 0.125
4 0.7733333333333333 0.8408333333333333 0.18416666666666667 0.1875
3 0.17583333333333334 0.7533333333333333 0.35083333333333333 0.18916666666666668
3 0.17416666666666666 0.4741666666666667 0.32083333333333336 0.1625
5 0.44666666666666666 0.41583333333333333 0.15833333333333333 0.09
5 0.17166666666666666 0.49083333333333334 0.17833333333333334 0.09666666666666666
5 0.155 0.7266666666666667 0.155 0.055
5 0.15 0.8008333333333333 0.1725 0.06333333333333334
5 0.9116666666666666 0.6658333333333334 0.15833333333333333 0.09333333333333334
5 0.7775 0.45916666666666667 0.1925 0.08416666666666667
0 0.7758333333333334 0.21 0.07416666666666667 0.175
0 0.4608333333333333 0.4725 0.2991666666666667 0.07583333333333334
0 0.16833333333333333 0.6125 0.11083333333333334 0.11583333333333333
0 0.43166666666666664 0.925 0.5941666666666666 0.1475
0 0.7791666666666667 0.6583333333333333 0.09666666666666666 0.23916666666666667
2 0.76164205 0.2876231866666667 0.7594677266666666 0.29869870000000004 0.5938090766666666 0.45263843666666664 0.7766515833333333 0.5840097133333333 0.975867785 0.4494342466666667 0.76164205 0.2876231866666667