5 0.3616666666666667 0.0375 0.10333333333333333 0.06666666666666667
5 0.3675 0.17333333333333334 0.15416666666666667 0.06916666666666667
5 0.3616666666666667 0.29083333333333333 0.1775 0.08
5 0.3408333333333333 0.5391666666666667 0.21166666666666667 0.07333333333333333
5 0.5141666666666667 0.5175 0.05416666666666667 0.049166666666666664
5 0.82 0.5533333333333333 0.28583333333333333 0.10166666666666667
5 0.7816666666666666 0.7766666666666666 0.10833333333333334 0.065
5 0.36333333333333334 0.685 0.056666666666666664 0.04416666666666667
5 0.32666666666666666 0.8525 0.32083333333333336 0.11166666666666666
0 0.36333333333333334 0.10583333333333333 0.02 0.04666666666666667
0 0.3575 0.23416666666666666 0.03166666666666667 0.04833333333333333
0 0.3433333333333333 0.4 0.035833333333333335 0.1075
0 0.31833333333333336 0.7241666666666666 0.030833333333333334 0.11583333333333333
0 0.7925 0.6916666666666667 0.025 0.1175
4 0.3641666666666667 0.043333333333333335 0.14916666666666667 0.08666666666666667
4 0.78 0.79 0.18166666666666667 0.09
3 0.3591666666666667 0.2966666666666667 0.23416666666666666 0.1125
3 0.3333333333333333 0.8425 0.39 0.15166666666666667
1 0.49855974833333333 0.12254098666666667 0.27542492333333335 0.13845538333333332 0.24507259499999998 0.21380368166666666 0.4478623 0.21060147 0.49855974833333333 0.12254098666666667
1 0.9974685916666666 0.48438955833333336 0.6629213216666666 0.4685874366666667 0.5941935733333333 0.6108763983333334 0.9433145533333334 0.626887395 0.9974685916666666 0.48438955833333336
2 0.40523040499999996 0.47958621 0.3344857133333333 0.4445778333333333 0.190918555 0.5276192016666666 0.32457540166666665 0.6669148883333333 0.46053672833333337 0.556439045 0.40523040499999996 0.47958621
0 0.31650993666666666 0.9182876166666667 0.29807443666666666 0.9182876166666667 0.29807443666666666 0.9759271816666668 0.03421742333333333 0.959916185 0.022695279999999998 0.5516356966666667 0.19322294833333334 0.545231335 0.19475652833333332 0.5126050433333333 0.007716458333333334 0.5164115516666666 0.007716458333333334 0.9951403283333333 0.31650993666666666 0.9919381783333333 0.31650993666666666 0.9182876166666667
0 0.6310643983333334 0.5260181266666667 0.46413134833333336 0.5306122466666666 0.461688925 0.5676466933333333 0.6310643983333334 0.5660456183333333 0.6310643983333334 0.5260181266666667