4 0.5033333333333333 0.8866666666666667 0.2733333333333333 0.22
0 0.4866666666666667 0.7408333333333333 0.07 0.06833333333333333
1 0.48833333333333334 0.6175 0.3 0.215
0 0.48333333333333334 0.4716666666666667 0.09666666666666666 0.10666666666666667
2 0.4791666666666667 0.3475 0.4483333333333333 0.15
0 0.17 0.28 0.16 0.19333333333333333
1 0.15666666666666668 0.10833333333333334 0.29333333333333333 0.20333333333333334
0 0.58 0.19 0.34 0.16
1 0.8558333333333333 0.11916666666666667 0.27666666666666667 0.215
5 0.48833333333333334 0.9191666666666667 0.13666666666666666 0.10166666666666667
5 0.4775 0.6225 0.10833333333333334 0.16166666666666665
5 0.475 0.3516666666666667 0.13 0.09
5 0.5116666666666667 0.15583333333333332 0.10666666666666667 0.035
5 0.195 0.34833333333333333 0.09 0.02666666666666667
5 0.8425 0.12166666666666667 0.15166666666666667 0.13666666666666666
5 0.1275 0.10916666666666666 0.12333333333333334 0.12833333333333333