4 0.9208333333333333 0.5 0.15166666666666667 0.12333333333333334
1 0.5733333333333334 0.35794613166666667 0.61137378 0.5691666666666667 0.7895716383333333 0.6066666666666667 0.7959186166666666 0.6066666666666667 0.7550278933333333 0.38212963 0.5733333333333334 0.35624840333333335 0.5733333333333334 0.35794613166666667
1 0.1 0.016813133333333334 0.13020223166666667 0.14805555666666664 0.2654383316666667 0.19833333333333333 0.2692488533333333 0.19833333333333333 0.22434449 0.03138889 0.1 0.014786468333333334 0.1 0.016813133333333334
2 0.3383333333333333 0.3889013783333333 0.42747559333333335 0.5925925933333334 0.495 0.4480428966666667 0.495 0.44363236166666664 0.45327754499999995 0.30740740666666666 0.3383333333333333 0.3864757916666667 0.3383333333333333 0.3889013783333333
0 0.24083333333333334 0.31833333333333336 0.185 0.23
0 0.5441666666666667 0.46166666666666667 0.09333333333333334 0.056666666666666664
0 0.8116666666666666 0.4691666666666667 0.06333333333333334 0.07166666666666667
0 0.3283333333333333 0.7733333333333333 0.26 0.36
1 0.008333333333333333 0.7520761783333333 0.044096931666666665 0.9276851850000001 0.19555977833333332 0.9666666666666667 0.202224065 0.9666666666666667 0.181474895 0.7536111116666667 0.008333333333333333 0.7462545199999999 0.008333333333333333 0.7520761783333333
5 0.175 0.09416666666666666 0.10333333333333333 0.08166666666666667
5 0.9283333333333333 0.5008333333333334 0.09 0.075
5 0.6825 0.48833333333333334 0.14833333333333334 0.10666666666666667
5 0.425 0.43083333333333335 0.11 0.12
5 0.1125 0.8558333333333333 0.145 0.11833333333333333
5 0.2675 0.31166666666666665 0.03166666666666667 0.07333333333333333
5 0.39166666666666666 0.795 0.02 0.09333333333333334