4 0.13916666666666666 0.965 0.185 0.05333333333333334
4 0.17166666666666666 0.03833333333333333 0.21 0.056666666666666664
5 0.13583333333333333 0.9666666666666667 0.115 0.02666666666666667
5 0.155 0.8525 0.14 0.021666666666666667
5 0.1825 0.7158333333333333 0.16166666666666665 0.035
5 0.15416666666666667 0.58 0.215 0.03
5 0.7983333333333333 0.4925 0.23 0.035
5 0.17166666666666666 0.405 0.13333333333333333 0.03
5 0.5658333333333333 0.4275 0.14666666666666667 0.025
5 0.0975 0.2991666666666667 0.08 0.041666666666666664
5 0.1675 0.20416666666666666 0.175 0.023333333333333334
0 0.1425 0.9033333333333333 0.045 0.06333333333333334
0 0.17083333333333334 0.7916666666666666 0.051666666666666666 0.09666666666666666
0 0.17666666666666667 0.6483333333333333 0.04666666666666667 0.07666666666666666
0 0.17083333333333334 0.49583333333333335 0.058333333333333334 0.12166666666666667
0 0.15166666666666667 0.29583333333333334 0.04666666666666667 0.135
0 0.5825 0.5633333333333334 0.5966666666666667 0.08333333333333333
0 0.5366666666666666 0.58 0.5233333333333333 0.03
0 0.8225 0.4425 0.075 0.011666666666666667
0 0.6008333333333333 0.4125 0.62 0.085
3 0.8025 0.49166666666666664 0.35 0.07
3 0.17166666666666666 0.7166666666666667 0.25666666666666665 0.056666666666666664
2 0.29623031833333335 0.39820392 0.147571015 0.36343283 0.02666666666666667 0.40442078833333334 0.02666666666666667 0.404608665 0.15671928 0.439297025 0.17272874333333335 0.43824335666666664 0.165867545 0.43718968666666663 0.29623031833333335 0.39820392
1 0.08279709333333334 0.8386887133333334 0.04666666666666667 0.8688588116666667 0.04666666666666667 0.869245125 0.22459519999999997 0.869245125 0.2816666666666667 0.8387449283333334 0.2816666666666667 0.8386887133333334 0.08279709333333334 0.8386887133333334
1 0.23948429499999999 0.18833333333333332 0.07603315999999999 0.19294373499999998 0.03666666666666667 0.23022422333333334 0.03666666666666667 0.2318959833333333 0.2612855233333333 0.22771482333333334 0.26814672333333334 0.22666115499999998 0.2987968966666667 0.18833333333333332 0.23948429499999999 0.18833333333333332
3 0.20249961166666666 0.5533333333333333 0.043333333333333335 0.5554485983333334 0.043333333333333335 0.58210914 0.04444010166666667 0.6070940816666667 0.28458205166666667 0.6081477516666667 0.28009229 0.5533333333333333 0.20249961166666666 0.5533333333333333