5 0.24 0.09166666666666666 0.30583333333333335 0.08416666666666667
5 0.26 0.3616666666666667 0.4025 0.08416666666666667
5 0.22666666666666666 0.6591666666666667 0.19916666666666666 0.06416666666666666
5 0.15 0.7866666666666666 0.13083333333333333 0.06416666666666666
5 0.9316666666666666 0.77 0.11916666666666667 0.06
5 0.8008333333333333 0.925 0.2475 0.05583333333333333
5 0.21916666666666668 0.9183333333333333 0.26166666666666666 0.050833333333333335
4 0.23666666666666666 0.08833333333333333 0.44083333333333335 0.15916666666666668
1 0.07453666333333334 0.283613445 0.014101531666666667 0.43517407 0.4311039483333334 0.44267707 0.48952457666666666 0.280612245 0.07453666333333334 0.283613445
1 0.12691378 0.8598439383333334 0.040290088333333335 0.9723889549999999 0.3646253016666667 0.9813925566666668 0.4371474616666667 0.8688475383333334 0.12691378 0.8598439383333334
1 0.711120065 0.87184874 0.62248187 0.9798919566666666 0.9186140216666666 0.9873949583333332 0.9871071716666667 0.87635054 0.711120065 0.87184874
0 0.6333333333333333 0.7433333333333333 0.465 0.25666666666666665
0 0.24916666666666668 0.24333333333333335 0.07083333333333333 0.10833333333333334
0 0.24666666666666667 0.4891666666666667 0.07416666666666667 0.09583333333333334
0 0.255 0.8066666666666666 0.0425 0.10083333333333333
2 0.24174053166666667 0.526710685 0.060435133333333335 0.6497599033333333 0.2518130533333333 0.7608043216666667 0.406929895 0.6482593033333334 0.24174053166666667 0.526710685