0 0.6333333333333333 0.8408333333333333 0.06 0.07
0 0.6266666666666667 0.6516666666666666 0.06 0.05
0 0.5466666666666666 0.44916666666666666 0.07333333333333333 0.055
0 0.5175 0.29333333333333333 0.06833333333333333 0.04666666666666667
0 0.5341666666666667 0.13166666666666665 0.08666666666666667 0.056666666666666664
4 0.6608333333333334 0.9308333333333333 0.34 0.13833333333333334
4 0.5183333333333333 0.0575 0.36333333333333334 0.115
3 0.5558333333333333 0.5491666666666667 0.6416666666666667 0.16666666666666666
3 0.5225 0.37583333333333335 0.7216666666666667 0.14333333333333334
1 0.38333333333333336 0.8061484866666667 0.38333333333333336 0.8082401166666667 0.7423737816666667 0.8241675749999999 0.7345535966666668 0.8230686216666667 0.8695731316666666 0.6666666666666666 0.81348581 0.6666666666666666 0.5095157916666667 0.672060475 0.38333333333333336 0.8061484866666667
1 1 0.121695505 0.09272586166666667 0.15691722666666666 0.0033333333333333335 0.2877293716666667 0.0033333333333333335 0.28977195833333336 0.9426573450000001 0.26419279333333334 0.9354526866666667 0.2612636116666666 1 0.12186825166666668 1 0.121695505
5 0.6508333333333334 0.9425 0.23666666666666666 0.065
5 0.6208333333333333 0.7441666666666666 0.2783333333333333 0.075
5 0.5116666666666667 0.37833333333333335 0.5633333333333334 0.08666666666666667
5 0.5383333333333333 0.225 0.7466666666666667 0.10666666666666667
5 0.5141666666666667 0.0625 0.225 0.07333333333333333
5 0.5666666666666667 0.5558333333333333 0.5266666666666666 0.08333333333333333