2 0.23438773166666668 0.5786242283333333 0.15309800166666668 0.5066010200000001 0.077442415 0.58823103 0.17397087333333333 0.6466666666666666 0.17599409 0.6466666666666666 0.23438773166666668 0.5786242283333333
2 0.2546313416666667 0.7741405100000001 0.2546313416666667 0.7677359733333333 0.25666666666666665 0.7662231633333334 0.25666666666666665 0.7625040916666667 0.17523542 0.6828761566666667 0.08106825833333332 0.7405167899999999 0.149385715 0.8061630616666666 0.15951917333333335 0.8266666666666667 0.1637717 0.8266666666666667 0.2546313416666667 0.7741405100000001
1 0.29833333333333334 0.164382215 0.09624156 0.17394096666666667 0.09548200333333334 0.176641055 0.03715617833333334 0.2780142666666667 0.24580118833333334 0.274812 0.29833333333333334 0.16642622833333334 0.29833333333333334 0.164382215
1 0.71 0.5180710983333334 0.71 0.5167419216666667 0.4437833383333333 0.5109523733333333 0.37333333333333335 0.6090725800000001 0.37333333333333335 0.6096564483333333 0.6331979383333334 0.63 0.639099095 0.63 0.71 0.5180710983333334
1 0.399423525 0.70383154 0.3453624433333333 0.7966905083333333 0.594628535 0.80149394 0.655 0.7078958366666667 0.655 0.7070203916666667 0.399423525 0.70383154
1 0.8716666666666667 0.8844679583333334 0.8716666666666667 0.879784315 0.5443025416666667 0.881379095 0.5680866366666667 0.8826632433333333 0.5110671483333333 0.9886546016666667 0.79488593 0.9983333333333333 0.840152405 0.9983333333333333 0.8716666666666667 0.8844679583333334
1 0.3516666666666667 0.8729599683333333 0.3516666666666667 0.8712418666666667 0.05151915166666667 0.8552741216666667 0.06275596 0.8621682866666667 0.009051538333333333 0.95454399 0.28638012500000004 0.965 0.306691985 0.965 0.3516666666666667 0.8729599683333333
4 0.16333333333333333 0.06583333333333333 0.27 0.115
4 0.8833333333333333 0.7616666666666667 0.22 0.11
0 0.17 0.1525 0.06 0.055
0 0.15583333333333332 0.31 0.041666666666666664 0.08333333333333333
0 0.16 0.4791666666666667 0.04666666666666667 0.058333333333333334
0 0.16916666666666666 0.6625 0.03833333333333333 0.06833333333333333
0 0.16166666666666665 0.8358333333333333 0.05 0.06166666666666667
0 0.32666666666666666 0.77 0.11333333333333333 0.05
0 0.3225 0.5741666666666667 0.17833333333333334 0.018333333333333333
0 0.8025 0.6308333333333334 0.255 0.16166666666666665
0 0.7075 0.7566666666666667 0.17666666666666667 0.03666666666666667
0 0.43833333333333335 0.9341666666666667 0.25 0.058333333333333334
0 0.8866666666666667 0.8791666666666667 0.05333333333333334 0.15833333333333333
5 0.15583333333333332 0.06666666666666667 0.15833333333333333 0.07
5 0.17 0.22833333333333333 0.19666666666666666 0.051666666666666666
5 0.15916666666666668 0.4033333333333333 0.17833333333333334 0.05
5 0.1575 0.5766666666666667 0.09833333333333333 0.04833333333333333
5 0.17333333333333334 0.7525 0.115 0.043333333333333335
5 0.17583333333333334 0.9175 0.24833333333333332 0.06833333333333333
5 0.49083333333333334 0.755 0.21 0.05
5 0.5366666666666666 0.5733333333333334 0.19 0.06
5 0.7008333333333333 0.9408333333333333 0.265 0.06833333333333333
5 0.8741666666666666 0.7583333333333333 0.105 0.04666666666666667
5 0.22166666666666668 0.8325 0.09 0.043333333333333335
5 0.31333333333333335 0.7283333333333334 0.1 0.04
5 0.31416666666666665 0.5383333333333333 0.12833333333333333 0.04666666666666667
5 0.21833333333333332 0.6491666666666667 0.09666666666666666 0.045
3 0.15416666666666667 0.4 0.23833333333333334 0.13