2 0.8571783049999999 0.24287289666666667 0.6394187866666666 0.18686701333333333 0.6423195700000001 0.18036392833333334 0.5473579866666666 0.266875405 0.6482707916666667 0.31968091 0.8465557916666666 0.24127272333333333 0.8571783049999999 0.24287289666666667
3 0.6383333333333333 0.056666666666666664 0.3016666666666667 0.09333333333333334
3 0.675 0.6941666666666667 0.2775 0.09583333333333334
3 0.265 0.8391666666666666 0.2808333333333333 0.0775
3 0.20083333333333334 0.30416666666666664 0.38333333333333336 0.10416666666666667
5 0.6133333333333333 0.04416666666666667 0.15833333333333333 0.0675
5 0.2075 0.31 0.3566666666666667 0.051666666666666666
5 0.4691666666666667 0.24333333333333335 0.10583333333333333 0.0625
5 0.6591666666666667 0.25083333333333335 0.135 0.0575
5 0.9658333333333333 0.13833333333333334 0.0625 0.05583333333333333
5 0.6933333333333334 0.7008333333333333 0.2175 0.07333333333333333
5 0.33 0.7433333333333333 0.06583333333333333 0.055
5 0.5325 0.5808333333333333 0.10416666666666667 0.05333333333333334
5 0.27 0.8408333333333333 0.23916666666666667 0.04583333333333333
5 0.24 0.585 0.285 0.06166666666666667
0 0.6508333333333334 0.14416666666666667 0.06166666666666667 0.11166666666666666
0 0.6658333333333334 0.4791666666666667 0.10916666666666666 0.35333333333333333
0 0.855 0.14166666666666666 0.15 0.2275
0 0.19833333333333333 0.42 0.06833333333333333 0.14416666666666667
0 0.26166666666666666 0.735 0.07583333333333334 0.15416666666666667
0 0.48583333333333334 0.6466666666666666 0.19083333333333333 0.21333333333333335
0 0.4683333333333333 0.8716666666666667 0.48 0.25666666666666665
0 0.47833333333333333 0.2833333333333333 0.1725 0.04666666666666667