5 0.6758333333333333 0.08 0.15416666666666667 0.075
5 0.5066666666666667 0.29083333333333333 0.07166666666666667 0.05333333333333334
5 0.23 0.3441666666666667 0.3983333333333333 0.09166666666666666
5 0.6925 0.3458333333333333 0.18083333333333335 0.07833333333333334
5 0.9641666666666666 0.185 0.0675 0.06416666666666666
5 0.20416666666666666 0.6116666666666667 0.2758333333333333 0.06916666666666667
5 0.21833333333333332 0.755 0.0675 0.051666666666666666
5 0.16583333333333333 0.8483333333333334 0.26 0.06333333333333334
5 0.5108333333333334 0.7483333333333333 0.07 0.0675
5 0.7458333333333333 0.89 0.28833333333333333 0.07
0 0.6833333333333333 0.19583333333333333 0.028333333333333332 0.13166666666666665
0 0.505 0.3458333333333333 0.11333333333333333 0.0375
0 0.6908333333333333 0.6158333333333333 0.0525 0.39416666666666667
0 0.19333333333333333 0.46416666666666667 0.02666666666666667 0.12
0 0.1775 0.7475 0.019166666666666665 0.09833333333333333
3 0.23 0.3425 0.43416666666666665 0.13583333333333333
3 0.6725 0.07416666666666667 0.19333333333333333 0.11916666666666667
3 0.16416666666666666 0.8433333333333334 0.2783333333333333 0.10166666666666667
3 0.7408333333333333 0.8808333333333334 0.3125 0.12
0 0.86 0.2 0.12166666666666667 0.29583333333333334
0 0.7433838216666666 0.9439051866666667 0.7200065716666667 0.9439051866666667 0.7200065716666667 0.9727249083333334 0.19094505333333334 0.9711238333333334 0.18725398333333335 0.8942711200000001 0.16335945500000001 0.892757105 0.17495022666666665 0.988735905 0.7396926566666666 0.9951403283333333 0.7433838216666666 0.9439051866666667
0 0.4517847416666667 0.851041355 0.5391413933333333 0.9150853433333332 0.55636667 0.8686534266666667 0.47270109 0.8110138616666667 0.4677795683333333 0.6348928933333333 0.39409318833333334 0.6106442599999999 0.3841140833333333 0.6412973183333334 0.43825053499999994 0.6637126766666667 0.4517847416666667 0.851041355
2 0.18335637833333335 0.522609045 0.003927996666666667 0.6140787316666667 0.19094505333333334 0.7085435166666666 0.4136430233333333 0.612477535 0.18335637833333335 0.522609045
2 0.6830953033333333 0.253831175 0.57098905 0.31852741166666665 0.6929383450000001 0.42995214333333337 0.8307403783333334 0.35950373166666666 0.6830953033333333 0.253831175