5 0.14 0.245 0.15166666666666667 0.06666666666666667
5 0.42333333333333334 0.20833333333333334 0.1275 0.050833333333333335
5 0.42833333333333334 0.2658333333333333 0.115 0.043333333333333335
5 0.46 0.3125 0.0775 0.04
5 0.4375 0.5566666666666666 0.10833333333333334 0.04083333333333333
5 0.10916666666666666 0.5591666666666667 0.13833333333333334 0.0775
5 0.8825 0.5175 0.09333333333333334 0.07083333333333333
0 0.48333333333333334 0.8883333333333333 0.2891666666666667 0.085
0 0.4375 0.39666666666666667 0.051666666666666666 0.1175
0 0.095 0.6991666666666667 0.04833333333333333 0.14083333333333334
0 0.44916666666666666 0.7275 0.05 0.1575
0 0.1275 0.13166666666666665 0.04416666666666667 0.06583333333333333
0 0.6683333333333333 0.52 0.22416666666666665 0.08333333333333333
0 0.25583333333333336 0.5683333333333334 0.14583333333333334 0.05583333333333333
5 0.25583333333333336 0.5116666666666667 0.0275 0.03833333333333333
0 0.8016666666666666 0.7375 0.2658333333333333 0.31916666666666665
4 0.13166666666666665 0.0475 0.06333333333333334 0.095
4 0.095 0.8541666666666666 0.105 0.14416666666666667
3 0.4816666666666667 0.8875 0.335 0.1825
3 0.885 0.52 0.20916666666666667 0.16833333333333333
3 0.43083333333333335 0.2475 0.17916666666666667 0.195
1 0.06909498 0.16767084833333332 0.02479336 0.30633873333333334 0.217218515 0.306882975 0.250270935 0.175671545 0.06909498 0.16767084833333332
1 0.22578770333333334 0.45729602666666663 0.038567464999999995 0.5002999416666666 0.0005419483333333333 0.64131204 0.16825205166666668 0.6269108233333334 0.22578770333333334 0.45729602666666663
2 0.41798103833333333 0.46209649333333336 0.31864092666666666 0.592281545 0.44368841333333336 0.6605137233333334 0.5587596216666666 0.5197014816666667 0.41798103833333333 0.46209649333333336