5 0.3466666666666667 0.9566666666666667 0.10666666666666667 0.03666666666666667
5 0.395 0.7291666666666666 0.2 0.085
5 0.46 0.5825 0.06666666666666667 0.06666666666666667
5 0.4683333333333333 0.2925 0.06333333333333334 0.051666666666666666
5 0.41833333333333333 0.43916666666666665 0.24666666666666667 0.09166666666666666
5 0.1125 0.5575 0.17833333333333334 0.04833333333333333
5 0.18583333333333332 0.165 0.06666666666666667 0.04666666666666667
5 0.49083333333333334 0.11583333333333333 0.30833333333333335 0.09333333333333334
5 0.91 0.1025 0.13 0.058333333333333334
5 0.7616666666666667 0.16 0.07666666666666666 0.06
5 0.9358333333333333 0.27416666666666667 0.045 0.041666666666666664
5 0.165 0.7608333333333334 0.06666666666666667 0.051666666666666666
2 0.395 0.7358333333333333 0.2966666666666667 0.22
2 0.4025 0.43333333333333335 0.305 0.21333333333333335
2 0.4891666666666667 0.12333333333333334 0.385 0.23333333333333334
4 0.9116666666666666 0.105 0.16 0.09666666666666666
4 0.11333333333333333 0.5541666666666667 0.21333333333333335 0.08833333333333333
0 0.38 0.8825 0.043333333333333335 0.08833333333333333
0 0.14916666666666667 0.6758333333333333 0.185 0.145
0 0.1075 0.32166666666666666 0.08833333333333333 0.39666666666666667
0 0.395 0.585 0.043333333333333335 0.07666666666666666
0 0.7558333333333334 0.2916666666666667 0.38 0.27666666666666667
0 0.42083333333333334 0.2916666666666667 0.043333333333333335 0.09666666666666666