4 0.07333333333333333 0.46 0.13666666666666666 0.14333333333333334
0 0.20333333333333334 0.4583333333333333 0.11333333333333333 0.07333333333333333
0 0.5133333333333333 0.48333333333333334 0.11333333333333333 0.08666666666666667
0 0.8133333333333334 0.58 0.14 0.36
0 0.6983333333333334 0.20333333333333334 0.18 0.24
0 0.51 0.47583333333333333 0.11333333333333333 0.085
2 0.7416666666666667 0.500172825 0.6298842283333334 0.3383333333333333 0.62848316 0.3383333333333333 0.5655163983333333 0.48529734666666663 0.6366957433333333 0.6408325716666667 0.7416666666666667 0.503208295 0.7416666666666667 0.500172825
1 0.995 0.9368080983333334 0.9573815033333333 0.7483333333333333 0.9556298766666667 0.7483333333333333 0.7898488016666667 0.77369091 0.8359060233333333 0.9859507466666667 0.995 0.944234065 0.995 0.9368080983333334
1 0.46 0.6120676666666666 0.42023901 0.38018145833333333 0.25706450166666667 0.35 0.25226868666666663 0.35 0.3023046066666667 0.572313205 0.46 0.6160312183333334 0.46 0.6120676666666666
5 0.99 0.23389268166666669 0.949534775 0.04326242833333334 0.7821791633333334 0.011666666666666667 0.7753497383333333 0.011666666666666667 0.8218306583333334 0.23905382833333333 0.99 0.23723166333333334 0.99 0.23389268166666669
5 0.36083333333333334 0.4475 0.14333333333333334 0.08833333333333333
5 0.6491666666666667 0.4841666666666667 0.11166666666666666 0.12833333333333333
5 0.8333333333333334 0.5875 0.02666666666666667 0.085
5 0.8916666666666667 0.8441666666666666 0.12333333333333334 0.15833333333333333
5 0.8841666666666667 0.12166666666666667 0.135 0.10666666666666667
5 0.6533333333333333 0.235 0.023333333333333334 0.10666666666666667