0 0.6491666666666667 0.09333333333333334 0.035 0.06666666666666667
0 0.6366666666666667 0.3575 0.02666666666666667 0.14166666666666666
0 0.29833333333333334 0.44083333333333335 0.43666666666666665 0.535
0 0.33666666666666667 0.6266666666666667 0.31666666666666665 0.31666666666666665
0 0.28583333333333333 0.8625 0.355 0.135
0 0.6116666666666667 0.6966666666666667 0.02666666666666667 0.15666666666666668
0 0.8475 0.835 0.19333333333333333 0.14333333333333334
0 0.9283333333333333 0.7816666666666666 0.04 0.013333333333333334
0 0.1225 0.8083333333333333 0.043333333333333335 0.04
0 0.1125 0.6966666666666667 0.043333333333333335 0.03333333333333333
0 0.19333333333333333 0.7366666666666667 0.02 0.043333333333333335
2 0.6408333333333334 0.2 0.23166666666666666 0.14333333333333334
4 0.65 0.03916666666666667 0.15 0.055
2 0.6041666666666666 0.8875 0.2816666666666667 0.22166666666666668
4 0.9133333333333333 0.7383333333333333 0.15 0.056666666666666664
5 0.6058333333333333 0.5175 0.18166666666666667 0.07833333333333334
2 0.6233333333333333 0.5216666666666666 0.26666666666666666 0.19
5 0.09666666666666666 0.7441666666666666 0.10666666666666667 0.051666666666666666
5 0.6041666666666666 0.8908333333333334 0.21833333333333332 0.08
5 0.84 0.8933333333333333 0.056666666666666664 0.05
5 0.58 0.6858333333333333 0.05333333333333334 0.058333333333333334
5 0.635 0.2025 0.14 0.08
5 0.6425 0.04 0.08 0.056666666666666664
5 0.315 0.6233333333333333 0.043333333333333335 0.05
5 0.0475 0.3908333333333333 0.05 0.07166666666666667
5 0.30666666666666664 0.8558333333333333 0.06 0.041666666666666664
5 0.9083333333333333 0.7383333333333333 0.12666666666666668 0.043333333333333335