4 0.4275 0.055 0.2966666666666667 0.09666666666666666
4 0.17166666666666666 0.7216666666666667 0.3433333333333333 0.08333333333333333
4 0.85 0.7516666666666667 0.3 0.07666666666666666
0 0.235 0.8241666666666667 0.24333333333333335 0.15666666666666668
0 0.4716666666666667 0.7208333333333333 0.06333333333333334 0.10666666666666667
0 0.6408333333333334 0.6516666666666666 0.12833333333333333 0.21
0 0.8166666666666667 0.4866666666666667 0.16 0.4533333333333333
0 0.4483333333333333 0.13333333333333333 0.06666666666666667 0.08333333333333333
0 0.4375 0.405 0.05 0.11
0 0.8591666666666666 0.8516666666666667 0.085 0.12333333333333334
5 0.44166666666666665 0.2633333333333333 0.16666666666666666 0.11
5 0.42583333333333334 0.055 0.165 0.06333333333333334
5 0.46166666666666667 0.5583333333333333 0.19666666666666666 0.13333333333333333
5 0.5375 0.6966666666666667 0.10166666666666667 0.06666666666666667
5 0.7083333333333334 0.6441666666666667 0.06333333333333334 0.051666666666666666
5 0.8566666666666667 0.7541666666666667 0.15333333333333332 0.05333333333333334
5 0.9408333333333333 0.4841666666666667 0.11166666666666666 0.08166666666666667
5 0.1475 0.7241666666666666 0.23166666666666666 0.06
5 0.4841666666666667 0.8116666666666666 0.11166666666666666 0.03666666666666667
5 0.4633333333333333 0.8516666666666667 0.13 0.03
5 0.4791666666666667 0.885 0.19166666666666668 0.043333333333333335
5 0.48083333333333333 0.9283333333333333 0.11166666666666666 0.03666666666666667
5 0.7141666666666666 0.8441666666666666 0.085 0.045
5 0.25333333333333335 0.9141666666666667 0.08 0.045
5 0.49666666666666665 0.40166666666666667 0.08666666666666667 0.04
2 0.45166666666666666 0.5591666666666667 0.25666666666666665 0.21166666666666667