1 0.07395498333333334 0.2941176466666667 0.017684886666666667 0.4126650666666667 0.448553055 0.403661465 0.49678456666666665 0.2716086433333333 0.07395498333333334 0.2941176466666667
1 0.6109324766666666 0.786314525 0.5836012866666667 0.9258703483333333 0.953376205 0.8883553416666666 0.9903536983333333 0.75180072 0.6109324766666666 0.786314525
1 0.41318328 0.8643457383333333 0.12540193 0.8868547416666667 0.078778135 0.9843937583333333 0.3794212216666667 0.9738895550000001 0.41318328 0.8643457383333333
2 0.23633440500000003 0.534213685 0.23311897166666667 0.535714285 0.035369775 0.6302521016666667 0.28778135 0.7352941183333334 0.42926044999999996 0.589735895 0.23633440500000003 0.534213685
0 0.2325 0.22 0.04666666666666667 0.11833333333333333
0 0.2825 0.7858333333333334 0.059166666666666666 0.10916666666666666
0 0.2225 0.47 0.0725 0.10833333333333334
0 0.6258333333333334 0.6433333333333333 0.35833333333333334 0.19333333333333333
5 0.8491666666666666 0.6316666666666667 0.12833333333333333 0.056666666666666664
5 0.22416666666666665 0.07916666666666666 0.23333333333333334 0.07666666666666666
5 0.2758333333333333 0.3433333333333333 0.36833333333333335 0.06916666666666667
5 0.25166666666666665 0.6233333333333333 0.26166666666666666 0.06166666666666667
5 0.11833333333333333 0.7791666666666667 0.1625 0.08083333333333333
5 0.7766666666666666 0.8508333333333333 0.32166666666666666 0.07166666666666667
5 0.25583333333333336 0.9275 0.26666666666666666 0.06