4 0.13666666666666666 0.30333333333333334 0.24666666666666667 0.145
4 0.8758333333333334 0.9216666666666666 0.22583333333333333 0.14333333333333334
5 0.115 0.31833333333333336 0.175 0.0725
5 0.4708333333333333 0.30666666666666664 0.19833333333333333 0.09333333333333334
5 0.85 0.30416666666666664 0.12916666666666668 0.07916666666666666
5 0.9375 0.465 0.11583333333333333 0.06166666666666667
5 0.8541666666666666 0.6291666666666667 0.20333333333333334 0.07833333333333334
5 0.8908333333333334 0.9166666666666666 0.1375 0.08
5 0.6575 0.04 0.165 0.08
0 0.2916666666666667 0.305 0.1075 0.06166666666666667
0 0.6691666666666667 0.15583333333333332 0.38916666666666666 0.1475
0 0.6733333333333333 0.3025 0.11083333333333334 0.06916666666666667
0 0.8683333333333333 0.4791666666666667 0.06333333333333334 0.13333333333333333
0 0.8633333333333333 0.7908333333333334 0.08833333333333333 0.14916666666666667
2 0.87921697 0.4380933083333333 0.9887704449999999 0.31168007333333336 0.8355530316666666 0.19874765166666666 0.694504845 0.32288125666666667 0.87921697 0.4380933083333333
1 0.36329689833333334 0.20606909333333334 0.36821147 0.20635873 0.30852025666666666 0.3660857833333333 0.59132085 0.39328857666666667 0.6588362583333334 0.2012685416666667 0.36329689833333334 0.20606909333333334
1 0.76711578 0.5261025033333333 0.7679566516666667 0.5342931433333333 0.6881354616666667 0.7261234049999999 0.9212549400000001 0.7437253416666667 0.99513983 0.5373036250000001 0.76711578 0.5261025033333333