5 0.25833333333333336 0.3333333333333333 0.2875 0.09083333333333334
5 0.23416666666666666 0.6308333333333334 0.16333333333333333 0.0775
5 0.16583333333333333 0.7675 0.12083333333333333 0.09
5 0.20666666666666667 0.9266666666666666 0.26166666666666666 0.11166666666666666
5 0.8358333333333333 0.705 0.1025 0.08666666666666667
5 0.7966666666666666 0.895 0.25916666666666666 0.11333333333333333
5 0.19166666666666668 0.07083333333333333 0.17083333333333334 0.08833333333333333
4 0.19583333333333333 0.07583333333333334 0.26 0.15166666666666667
0 0.21583333333333332 0.21833333333333332 0.060833333333333336 0.1325
0 0.23416666666666666 0.46166666666666667 0.0625 0.13833333333333334
0 0.26 0.7783333333333333 0.06 0.145
0 0.595 0.715 0.3958333333333333 0.23
1 0.10147878333333334 0.28287707666666667 0.07955545 0.32128105333333334 0.08124184 0.30687958499999995 0.030649355 0.417291085 0.38816953333333337 0.3900882916666667 0.4691175616666666 0.25887456833333333 0.10147878333333334 0.28287707666666667
1 0.05931837833333333 0.8621375566666668 0.000421635 0.9882023616666668 0.012098803333333333 0.99335134 0.30553511499999997 0.9917511983333333 0.42864354833333335 0.8173329483333334 0.05931837833333333 0.8621375566666668
1 0.9952793583333333 0.7949305816666666 0.9934640133333332 0.7942411533333333 0.64450487 0.8349347616666666 0.5686161416666667 0.9789498116666666 0.9295092300000001 0.9325449383333334 0.9952793583333333 0.7949305816666666
2 0.22458721666666667 0.5053002816666666 0.21969213833333331 0.5082983416666667 0.08630101166666668 0.6573161666666667 0.23807846833333335 0.7197228333333334 0.411779385 0.6285131683333334 0.22458721666666667 0.5053002816666666