4 0.03333333333333333 0.5358333333333334 0.06666666666666667 0.145
4 0.9641666666666666 0.5866666666666667 0.07166666666666667 0.14
3 0.2991666666666667 0.5475 0.07666666666666666 0.16166666666666665
0 0.09166666666666666 0.5433333333333333 0.06666666666666667 0.03333333333333333
0 0.22083333333333333 0.54 0.085 0.03333333333333333
0 0.375 0.5466666666666666 0.09666666666666666 0.03
0 0.58 0.7491666666666666 0.24666666666666667 0.2683333333333333
0 0.5025 0.4 0.09833333333333333 0.19333333333333333
0 0.5983333333333334 0.19416666666666665 0.07666666666666666 0.155
0 0.6483333333333333 0.475 0.15666666666666668 0.19
0 0.8858333333333334 0.77 0.21833333333333332 0.22666666666666666
0 0.7816666666666666 0.1475 0.10666666666666667 0.028333333333333332
0 0.955 0.33416666666666667 0.09 0.35833333333333334
0 0.8641666666666666 0.5775 0.14 0.055
5 0.0325 0.54 0.035 0.07
5 0.15166666666666667 0.5441666666666667 0.03 0.11166666666666666
5 0.29833333333333334 0.5458333333333333 0.05 0.13166666666666665
5 0.4708333333333333 0.5491666666666667 0.03333333333333333 0.07666666666666666
5 0.43916666666666665 0.6966666666666667 0.028333333333333332 0.06
5 0.4375 0.4166666666666667 0.03833333333333333 0.05
5 0.5483333333333333 0.215 0.043333333333333335 0.06
5 0.5616666666666666 0.4525 0.056666666666666664 0.035
5 0.5833333333333334 0.3258333333333333 0.04666666666666667 0.058333333333333334
5 0.6833333333333333 0.13416666666666666 0.06333333333333334 0.205
5 0.7658333333333334 0.5783333333333334 0.055 0.16
5 0.7425 0.8825 0.051666666666666666 0.15666666666666668
5 0.9683333333333334 0.5808333333333333 0.03 0.08166666666666667
5 0.8808333333333334 0.16 0.065 0.2
1 0.18166666666666667 0.5611564866666666 0.180084995 0.49535200500000004 0.10745744666666666 0.46166666666666667 0.10646160333333334 0.46166666666666667 0.11443869333333334 0.594417395 0.106352505 0.6023340183333333 0.18166666666666667 0.62802506 0.18166666666666667 0.5611564866666666
1 0.79 0.9571331999999999 0.7873755283333334 0.803153865 0.703291965 0.75 0.7009796883333334 0.75 0.7105215333333333 0.9705401766666667 0.71532478 0.965416055 0.79 0.990839665 0.79 0.9571331999999999
1 0.7966666666666666 0.5187696083333334 0.7272098666666666 0.48333333333333334 0.72417484 0.48333333333333334 0.72417484 0.65429532 0.7223054633333333 0.6558157216666667 0.7966666666666666 0.6845907483333333 0.7966666666666666 0.5187696083333334
1 0.9120203866666666 0.3092042683333333 0.9166666666666666 0.07294186333333333 0.9166666666666666 0.06487986333333333 0.8367673116666666 0.025672338333333336 0.8303628983333333 0.26137957166666664 0.8328630766666667 0.26710564166666667 0.9120203866666666 0.3092042683333333
1 0.7283333333333334 0.25026235166666666 0.72425253 0.06016991 0.633316885 0.011666666666666667 0.6314011616666666 0.011666666666666667 0.6345893416666667 0.24463645 0.63634874 0.23754738500000003 0.7283333333333334 0.2835595933333333 0.7283333333333334 0.25026235166666666
2 0.5083333333333333 0.5484130816666667 0.5083333333333333 0.5429831283333333 0.4661443 0.48833333333333334 0.46438423166666665 0.48833333333333334 0.42350003833333333 0.560463715 0.41652026833333333 0.553426985 0.4731350333333333 0.6202445216666667 0.5083333333333333 0.5484130816666667
2 0.560401855 0.26166666666666666 0.5596019216666667 0.26166666666666666 0.5374071266666667 0.3310054233333333 0.535 0.33275034166666667 0.535 0.33311327333333335 0.5838397933333334 0.38395411166666665 0.6133333333333333 0.32765285666666666 0.6133333333333333 0.32477484333333334 0.560401855 0.26166666666666666