4 0.23416666666666666 0.08166666666666667 0.24166666666666667 0.16333333333333333
0 0.625 0.6808333333333333 0.39 0.4216666666666667
0 0.24083333333333334 0.7391666666666666 0.11166666666666666 0.25833333333333336
0 0.23333333333333334 0.38666666666666666 0.06 0.08
0 0.2633333333333333 0.1825 0.04 0.075
5 0.24833333333333332 0.5233333333333333 0.24666666666666667 0.09
5 0.275 0.2866666666666667 0.32666666666666666 0.09
5 0.22166666666666668 0.09083333333333334 0.2 0.12
5 0.235 0.9225 0.2633333333333333 0.085
5 0.14916666666666667 0.7175 0.09833333333333333 0.10166666666666667
5 0.8558333333333333 0.7058333333333333 0.08833333333333333 0.10833333333333334
5 0.7758333333333334 0.9491666666666667 0.2916666666666667 0.07166666666666667
1 0 0.34936972833333335 0.23050101833333334 0.3516666666666667 0.40345018666666665 0.3516666666666667 0.5433333333333333 0.21839068833333333 0.5433333333333333 0.21721711833333335 0.13270533166666668 0.21090332833333333 0 0.34921033 0 0.34936972833333335
2 0.11056684666666666 0.5695988533333334 0.2400513466666667 0.62 0.24708651833333334 0.62 0.42333333333333334 0.51582982 0.42333333333333334 0.5153036083333333 0.23458294166666666 0.420997195 0.06333333333333334 0.5213193266666667 0.06333333333333334 0.5219490916666667 0.11056684666666666 0.5695988533333334
1 0.33981454 0.985 0.43 0.8726394850000001 0.43 0.8714726533333333 0.07767035833333334 0.85877604 0.013244958333333334 0.9736078116666665 0.32249083166666664 0.985 0.33981454 0.985
1 0.950834105 0.99 0.9983333333333333 0.8823329866666667 0.9983333333333333 0.8800048883333333 0.6005007966666667 0.8742880566666665 0.5303964 0.982121915 0.860550575 0.99 0.950834105 0.99