2 0.41403639 0.11111111166666668 0.31099146 0.20720720666666667 0.41589305666666665 0.30630630666666664 0.576494615 0.21021021 0.41403639 0.11111111166666668
2 0.422391385 0.3588588583333333 0.282213145 0.4729729733333334 0.42517638333333335 0.605105105 0.6164129216666667 0.46996997 0.422391385 0.3588588583333333
2 0.43631637500000003 0.6681681683333333 0.25714816166666665 0.8273273266666666 0.46045302666666665 0.9909909916666667 0.6711845533333334 0.804804805 0.43631637500000003 0.6681681683333333
5 0.41833333333333333 0.04583333333333333 0.065 0.04666666666666667
5 0.43833333333333335 0.19583333333333333 0.1525 0.0825
5 0.4325 0.47583333333333333 0.23416666666666666 0.09583333333333334
5 0.9133333333333333 0.5916666666666667 0.10833333333333334 0.06
5 0.9366666666666666 0.38 0.05416666666666667 0.07833333333333334
5 0.7675 0.5166666666666667 0.049166666666666664 0.045
5 0.7225 0.7725 0.0475 0.049166666666666664
5 0.4708333333333333 0.64 0.050833333333333335 0.0525
5 0.10166666666666667 0.7275 0.15166666666666667 0.04666666666666667
5 0.45916666666666667 0.8266666666666667 0.3 0.13083333333333333
5 0.205 0.8708333333333333 0.04583333333333333 0.06
4 0.4175 0.04416666666666667 0.11166666666666666 0.07083333333333333
4 0.105 0.7225 0.20416666666666666 0.06583333333333333
0 0.8763460816666666 0.5360360366666667 0.9069810616666666 0.54054054 0.9125510583333333 0.19369369333333333 0.58113628 0.17867867833333334 0.5820646116666667 0.235735735 0.8800594133333334 0.2567567566666667 0.8763460816666666 0.5360360366666667
0 0.83085778 0.5690690683333334 0.7482361683333334 0.5510510516666667 0.7519494983333334 0.4564564566666667 0.6062012633333334 0.435435435 0.7259561833333333 0.5930930933333334 0.8280727816666666 0.6081081083333334 0.83085778 0.5690690683333334
0 0.43083333333333335 0.6325 0.020833333333333332 0.07333333333333333
0 0.8383333333333334 0.7141666666666666 0.3233333333333333 0.15833333333333333
0 0.16916666666666666 0.8066666666666666 0.17666666666666667 0.105