1 0.09970288 0.5083333333333333 0.19016384833333333 0.4826940133333333 0.20296511166666667 0.2878916516666667 0.097278195 0.32491036500000003 0.09576317333333333 0.5083333333333333 0.09970288 0.5083333333333333
1 0.6389453333333334 0 0.5164234533333333 0.03214816166666667 0.5118276866666667 0.03744363 0.51978332 0.20666666666666667 0.5240809133333334 0.20666666666666667 0.63344037 0.18193990999999998 0.63344037 0.17337721833333333 0.6416666666666667 0.046819269999999996 0.6416666666666667 0.034851868333333334 0.639853415 0 0.6389453333333334 0
1 0.620196465 0.545 0.7266666666666667 0.517304455 0.7266666666666667 0.440620305 0.7256246116666667 0.2977389716666667 0.6057799516666666 0.33209591666666666 0.6120127033333334 0.3352009683333333 0.6120127033333334 0.545 0.620196465 0.545
1 0.5601793683333334 0.9683333333333334 0.7096366033333333 0.9325542666666666 0.73 0.73557408 0.73 0.7316666666666667 0.728927835 0.7316666666666667 0.5720221883333334 0.7666511283333334 0.5720221883333334 0.7901986383333334 0.5736223916666666 0.7869875766666666 0.5576745866666667 0.9683333333333334 0.5601793683333334 0.9683333333333334
1 0.7336745616666667 1 0.8809730733333333 0.9810517783333333 0.9116666666666666 0.725443585 0.9116666666666666 0.714849775 0.7479400066666667 0.7540339766666667 0.730585625 1 0.7336745616666667 1
2 0.45377830999999996 0.49833333333333335 0.5383333333333333 0.4428032733333333 0.5383333333333333 0.4401945466666667 0.47705942 0.3393065416666667 0.3868848733333333 0.40150393500000003 0.379449245 0.4078084166666667 0.4502640983333333 0.49833333333333335 0.45377830999999996 0.49833333333333335
2 0.5231966133333333 0.72 0.6183333333333333 0.6727858283333333 0.6183333333333333 0.6701542699999999 0.57127816 0.5631394266666666 0.47667572833333327 0.6358116033333333 0.46886743500000005 0.634852445 0.5191571733333333 0.72 0.5231966133333333 0.72
4 0.04 0.3875 0.08 0.11166666666666666
0 0.08583333333333333 0.3875 0.035 0.015
0 0.21416666666666667 0.39916666666666667 0.051666666666666666 0.028333333333333332
0 0.3566666666666667 0.41 0.09333333333333334 0.02666666666666667
0 0.48083333333333333 0.22833333333333333 0.075 0.23666666666666666
0 0.4575 0.5791666666666667 0.06666666666666667 0.155
0 0.5783333333333334 0.48833333333333334 0.05 0.15666666666666668
0 0.5341666666666667 0.7916666666666666 0.065 0.16
0 0.8783333333333333 0.6591666666666667 0.24 0.395
0 0.7391666666666666 0.23 0.23 0.29
0 0.7308333333333333 0.8466666666666667 0.028333333333333332 0.016666666666666666
5 0.041666666666666664 0.3875 0.043333333333333335 0.06833333333333333
5 0.13833333333333334 0.4008333333333333 0.06 0.14833333333333334
5 0.27 0.42083333333333334 0.05333333333333334 0.16333333333333333
5 0.4558333333333333 0.4225 0.06333333333333334 0.08
5 0.6691666666666667 0.43 0.065 0.18
5 0.53 0.5083333333333333 0.05333333333333334 0.05333333333333334
5 0.425 0.23583333333333334 0.05333333333333334 0.035
5 0.41833333333333333 0.5608333333333333 0.06 0.051666666666666666
5 0.5416666666666666 0.6433333333333333 0.05 0.07333333333333333
5 0.5058333333333334 0.7533333333333333 0.043333333333333335 0.03333333333333333
5 0.6241666666666666 0.8583333333333333 0.13166666666666665 0.18666666666666668
5 0.8058333333333333 0.8483333333333334 0.12833333333333333 0.21666666666666667
5 0.8025 0.42 0.03666666666666667 0.06
4 0.805 0.4091666666666667 0.08333333333333333 0.11833333333333333
3 0.27 0.41833333333333333 0.10666666666666667 0.21666666666666667