4 0.11416666666666667 0.07166666666666667 0.21166666666666667 0.13083333333333333
4 0.155 0.8475 0.25333333333333335 0.11833333333333333
0 0.1175 0.1875 0.035 0.13
0 0.1475 0.43916666666666665 0.03 0.11666666666666667
0 0.12833333333333333 0.7166666666666667 0.03166666666666667 0.15333333333333332
0 0.4525 0.5941666666666666 0.2833333333333333 0.0275
0 0.7675 0.7391666666666666 0.03 0.15666666666666668
0 0.42916666666666664 0.88 0.31833333333333336 0.07583333333333334
5 0.11166666666666666 0.06416666666666666 0.11166666666666666 0.05583333333333333
5 0.15666666666666668 0.3283333333333333 0.245 0.095
5 0.14833333333333334 0.575 0.15083333333333335 0.0775
5 0.45416666666666666 0.5458333333333333 0.058333333333333334 0.030833333333333334
5 0.7775 0.6066666666666667 0.2808333333333333 0.10083333333333333
5 0.1475 0.8433333333333334 0.18 0.041666666666666664
5 0.19 0.7475 0.06833333333333333 0.04666666666666667
5 0.8033333333333333 0.9166666666666666 0.3625 0.04833333333333333
0 0.465 0.59 0.006666666666666667 0.0033333333333333335
3 0.155 0.3175 0.2875 0.13333333333333333
3 0.7791666666666667 0.5916666666666667 0.36916666666666664 0.14666666666666667
3 0.785 0.9108333333333334 0.4191666666666667 0.165
2 0.16416666666666666 0.57 0.285 0.155