5 0.16916666666666666 0.91 0.14833333333333334 0.11
5 0.16583333333333333 0.6991666666666667 0.24166666666666667 0.075
5 0.16166666666666665 0.5025 0.22 0.08166666666666667
5 0.5525 0.4975 0.135 0.06333333333333334
5 0.7558333333333334 0.55 0.11 0.06
5 0.8566666666666667 0.26166666666666666 0.20333333333333334 0.06333333333333334
5 0.8283333333333334 0.075 0.14333333333333334 0.06666666666666667
5 0.4216666666666667 0.25166666666666665 0.14666666666666667 0.08333333333333333
5 0.1475 0.19666666666666666 0.16833333333333333 0.09333333333333334
0 0.16583333333333333 0.815 0.075 0.09
0 0.17333333333333334 0.6066666666666667 0.06666666666666667 0.07333333333333333
0 0.36333333333333334 0.5141666666666667 0.13666666666666666 0.058333333333333334
0 0.8391666666666666 0.15666666666666668 0.056666666666666664 0.08666666666666667
0 0.165 0.33916666666666667 0.09333333333333334 0.15166666666666667
3 0.165 0.49666666666666665 0.2633333333333333 0.14666666666666667
3 0.15416666666666667 0.1975 0.23333333333333334 0.13833333333333334
1 0.8541666666666666 0.25583333333333336 0.24 0.12166666666666667
4 0.35833333333333334 0.7812145766666667 0.29309635666666667 0.6417554666666666 0.005747201666666667 0.6417554666666666 0.049834753333333336 0.7652384433333332 0.35833333333333334 0.7826965533333333 0.35833333333333334 0.7812145766666667
0 0.565 0.20146601 0.31027577666666667 0.15166666666666667 0.30279538333333333 0.15166666666666667 0.293593675 0.21112555333333333 0.52755564 0.22874820499999998 0.519904405 0.42121864833333333 0.544827975 0.432210005 0.565 0.20423459833333332 0.565 0.20146601
0 0.8076645333333333 0.32166666666666666 0.8263265933333334 0.4946188466666666 0.6944286833333334 0.483404405 0.6930868866666666 0.5132392266666667 0.8702926449999999 0.513843595 0.8883333333333333 0.3297771333333333 0.8883333333333333 0.32166666666666666 0.8076645333333333 0.32166666666666666
4 0.17 0.925 0.25 0.15
4 0.83 0.07 0.24666666666666667 0.12
2 0.545164315 0.5983333333333334 0.6966666666666667 0.48519080333333336 0.6966666666666667 0.4845102266666667 0.52613725 0.41333333333333333 0.523431085 0.41333333333333333 0.39869909333333337 0.4897627966666667 0.5447154933333334 0.5983333333333334 0.545164315 0.5983333333333334