4 0.9483333333333334 0.285 0.08333333333333333 0.31333333333333335
4 0.043333333333333335 0.2758333333333333 0.06666666666666667 0.22166666666666668
5 0.9508333333333333 0.2875 0.055 0.24166666666666667
5 0.7566666666666667 0.26416666666666666 0.05 0.365
5 0.5816666666666667 0.2733333333333333 0.05 0.4066666666666667
5 0.4141666666666667 0.28 0.03833333333333333 0.24666666666666667
5 0.43166666666666664 0.5725 0.043333333333333335 0.14166666666666666
5 0.3975 0.8358333333333333 0.07166666666666667 0.22
5 0.3075 0.14666666666666667 0.065 0.15
5 0.19416666666666665 0.22416666666666665 0.056666666666666664 0.3416666666666667
5 0.045 0.275 0.04 0.17666666666666667
3 0.5916666666666667 0.28 0.07 0.45666666666666667
3 0.4041666666666667 0.8358333333333333 0.09333333333333334 0.29833333333333334
0 0.8541666666666666 0.28 0.115 0.07
0 0.6675 0.3125 0.07666666666666666 0.056666666666666664
0 0.4925 0.2733333333333333 0.085 0.06
0 0.29333333333333333 0.2475 0.09666666666666666 0.07833333333333334
0 0.12666666666666668 0.2683333333333333 0.08333333333333333 0.08666666666666667
0 0.5441666666666667 0.7016666666666667 0.16333333333333333 0.3433333333333333
0 0.395 0.5808333333333333 0.05333333333333334 0.23166666666666666
2 0.4239577466666667 0.06 0.34833333333333333 0.24138388833333332 0.34833333333333333 0.24562840333333333 0.4076900766666667 0.48083333333333333 0.4557092833333333 0.2946906233333333 0.42427344166666664 0.06 0.4239577466666667 0.06
1 0.795439255 0.025 0.72 0.07159331833333332 0.72 0.165158565 0.72237595 0.5192390533333333 0.7959053616666667 0.45460617000000003 0.7929041616666667 0.4313383316666667 0.7983333333333333 0.061868364999999995 0.7983333333333333 0.025 0.795439255 0.025
1 0.23514112 0.015 0.16234393833333333 0.03547656166666667 0.15833333333333333 0.43393513000000006 0.15833333333333333 0.4822383266666667 0.23437275 0.40517666333333335 0.23587255833333334 0.015 0.23514112 0.015