2 0.357788335 0.31 0.26516683166666666 0.5477174816666667 0.3659894616666667 0.7633333333333333 0.36648173166666664 0.7633333333333333 0.4339564183333333 0.5144433483333333 0.35785141 0.31 0.357788335 0.31
1 0.5116666666666667 0.3961680616666667 0.5403444133333333 0.6566666666666666 0.5522188416666667 0.6566666666666666 0.7294747633333334 0.6410646733333333 0.69529841 0.38526956 0.5116666666666667 0.38526956 0.5116666666666667 0.3961680616666667
1 0.0033333333333333335 0.7351957016666666 0.041331615 0.98 0.07145814333333332 0.98 0.20976690833333334 0.9697329616666667 0.159404775 0.7177709266666666 0.158153615 0.7264157083333334 0.0033333333333333335 0.7305558133333333 0.0033333333333333335 0.7351957016666666
1 0.011666666666666667 0.043641001666666665 0.05259845 0.2916666666666667 0.05512512166666667 0.2916666666666667 0.225650635 0.25886362333333335 0.16706246166666666 0.0093074 0.169852435 0.023864901666666667 0.011666666666666667 0.030016866666666666 0.011666666666666667 0.043641001666666665
4 0.8866666666666667 0.5033333333333333 0.22333333333333333 0.25333333333333335
0 0.7408333333333333 0.5108333333333334 0.075 0.06833333333333333
0 0.4716666666666667 0.5233333333333333 0.11333333333333333 0.09
0 0.19416666666666665 0.4008333333333333 0.16833333333333333 0.3433333333333333
0 0.28 0.8233333333333334 0.2 0.16
5 0.9191666666666667 0.5083333333333333 0.11333333333333333 0.12666666666666668
5 0.6216666666666667 0.5191666666666667 0.15333333333333332 0.12333333333333334
5 0.35333333333333333 0.5216666666666666 0.08666666666666667 0.14333333333333334
5 0.155 0.4816666666666667 0.03333333333333333 0.11
5 0.12083333333333333 0.15833333333333333 0.13166666666666665 0.15333333333333332
5 0.10666666666666667 0.8608333333333333 0.14 0.15166666666666667
5 0.345 0.8125 0.023333333333333334 0.085