3 0.6716666666666666 0.06833333333333333 0.31916666666666665 0.12416666666666666
3 0.20083333333333334 0.3258333333333333 0.3641666666666667 0.11833333333333333
3 0.2708333333333333 0.8308333333333333 0.32916666666666666 0.13166666666666665
3 0.815 0.835 0.23333333333333334 0.08666666666666667
0 0.7683333333333333 0.5808333333333333 0.14666666666666667 0.4216666666666667
0 0.6616666666666666 0.18916666666666668 0.0625 0.12333333333333334
0 0.47583333333333333 0.33416666666666667 0.18833333333333332 0.06
0 0.20666666666666667 0.44416666666666665 0.050833333333333335 0.105
0 0.25 0.7008333333333333 0.04666666666666667 0.11833333333333333
0 0.5775 0.94 0.5941666666666666 0.11416666666666667
0 0.9125 0.205 0.16 0.2891666666666667
5 0.69 0.07333333333333333 0.16 0.056666666666666664
5 0.19916666666666666 0.33166666666666667 0.3466666666666667 0.07833333333333334
5 0.7058333333333333 0.31083333333333335 0.13583333333333333 0.050833333333333335
5 0.24083333333333334 0.5658333333333333 0.2475 0.049166666666666664
5 0.6475 0.6675 0.1025 0.06333333333333334
5 0.8191666666666667 0.835 0.19833333333333333 0.06
5 0.23916666666666667 0.8283333333333334 0.23833333333333334 0.058333333333333334
5 0.33916666666666667 0.7108333333333333 0.09916666666666667 0.06916666666666667
5 0.4608333333333333 0.29083333333333333 0.07166666666666667 0.04833333333333333
5 0.885 0.18083333333333335 0.0625 0.05583333333333333