4 0.705 0.060833333333333336 0.16416666666666666 0.1175
4 0.7625 0.9008333333333334 0.1975 0.16166666666666665
0 0.745 0.225 0.1 0.25
0 0.7591666666666667 0.7191666666666666 0.10166666666666667 0.21333333333333335
0 0.4175 0.8808333333333334 0.5083333333333333 0.2175
0 0.48583333333333334 0.49083333333333334 0.18083333333333335 0.07666666666666666
5 0.5033333333333333 0.43333333333333335 0.175 0.0775
5 0.20416666666666666 0.48333333333333334 0.2825 0.08833333333333333
5 0.21416666666666667 0.675 0.22083333333333333 0.07666666666666666
5 0.23583333333333334 0.7433333333333333 0.2025 0.055
5 0.7741666666666667 0.4666666666666667 0.20416666666666666 0.1125
5 0.8925 0.6608333333333334 0.19416666666666665 0.0975
2 0.7252399266666667 0.3548846 0.7234701316666667 0.35432913499999996 0.57447755 0.471696795 0.7211095116666667 0.626913025 0.9586121916666667 0.4652961016666667 0.7252399266666667 0.3548846
3 0.4257802233333333 0.7901300316666666 0.4381717866666667 0.61891219 0.021400535 0.644363855 0.03958053166666666 0.810932255 0.4257802233333333 0.7901300316666666
3 0.008601941666666666 0.4476942866666667 0.005784128333333333 0.4411445016666667 0.004471526666666667 0.44129359333333334 0.004471526666666667 0.44449394000000003 0.000732995 0.430011025 0.018928138333333334 0.5725073166666667 0.40099741499999997 0.5453044616666667 0.3989322066666666 0.3964889233333333 0.005865425 0.4411352683333333 0.008601941666666666 0.4476942866666667