4 0.04416666666666667 0.8241666666666667 0.08833333333333333 0.22666666666666666
3 0.38166666666666665 0.8241666666666667 0.11 0.295
4 0.7341666666666666 0.06666666666666667 0.08333333333333333 0.13333333333333333
0 0.12083333333333333 0.8108333333333333 0.07833333333333334 0.07
0 0.29 0.8383333333333334 0.09333333333333334 0.03833333333333333
0 0.4666666666666667 0.8141666666666667 0.07666666666666666 0.058333333333333334
0 0.5625 0.6 0.06166666666666667 0.2
0 0.6125 0.1825 0.175 0.285
0 0.7533333333333333 0.5575 0.05333333333333334 0.18833333333333332
0 0.6725 0.7891666666666667 0.08833333333333333 0.07
0 0.8533333333333334 0.7775 0.08 0.056666666666666664
0 0.9341666666666667 0.5825 0.03166666666666667 0.2
0 0.7358333333333333 0.2075 0.03833333333333333 0.15833333333333333
5 0.051666666666666666 0.8383333333333334 0.03 0.11
5 0.21 0.8225 0.06 0.175
5 0.3775 0.8266666666666667 0.058333333333333334 0.22333333333333333
5 0.5675 0.8025 0.051666666666666666 0.13833333333333334
5 0.5491666666666667 0.4175 0.045 0.11333333333333333
5 0.7533333333333333 0.78 0.04 0.12666666666666668
5 0.7333333333333333 0.3616666666666667 0.043333333333333335 0.16333333333333333
5 0.9225 0.3333333333333333 0.07833333333333334 0.2633333333333333
5 0.9383333333333334 0.7983333333333333 0.07666666666666666 0.22333333333333333
5 0.7316666666666667 0.08083333333333333 0.056666666666666664 0.06833333333333333
1 0.239941525 0.7470439583333334 0.15090819 0.685 0.15033221500000002 0.685 0.15033221500000002 0.6883831283333334 0.15673281666666666 0.9154568533333333 0.15663770333333335 0.9096115366666667 0.26 0.969899265 0.26 0.9623503316666667 0.239941525 0.7470439583333334
1 0.5082279799999999 0.285 0.5066553516666666 0.285 0.4987047583333333 0.4749202983333333 0.4961058516666667 0.4746794733333333 0.586713955 0.5392578816666667 0.5916666666666667 0.3943002816666667 0.5916666666666667 0.35078053333333337 0.5082279799999999 0.285
1 0.684715575 0.42102678666666665 0.6766666666666666 0.42631995500000003 0.6766666666666666 0.42661436666666663 0.7733333333333333 0.501625485 0.7733333333333333 0.375752745 0.77272477 0.2980285183333333 0.6849384983333333 0.235 0.6831266116666667 0.235 0.684715575 0.42102678666666665
1 0.8834105683333333 0.14166666666666666 0.8724173333333333 0.46667004666666667 0.9766666666666667 0.5193267583333333 0.9766666666666667 0.462941535 0.9714268650000001 0.20579450333333335 0.8837047816666666 0.14166666666666666 0.8834105683333333 0.14166666666666666
1 0.8797308083333333 0.6233333333333333 0.8843705333333333 0.9525412349999999 0.9866666666666667 0.9993986783333334 0.9866666666666667 0.8321135916666667 0.9853289800000001 0.7113595316666667 0.8807998783333333 0.6233333333333333 0.8797308083333333 0.6233333333333333
2 0.56109822 0.6883333333333334 0.4802798233333333 0.8264466033333333 0.5564815283333333 0.9321235216666668 0.64 0.8016792383333333 0.64 0.7978632416666667 0.5615071083333334 0.6883333333333334 0.56109822 0.6883333333333334
2 0.6975179916666666 0.809118155 0.6866666666666666 0.8005786466666667 0.6866666666666666 0.80079036 0.7455230066666667 0.9075168550000001 0.8133333333333334 0.7974897083333333 0.8133333333333334 0.7928883316666667 0.763370705 0.6433333333333333 0.7628349783333334 0.6433333333333333 0.6975179916666666 0.809118155