2 0.58 0.8200310116666666 0.5308333333333334 0.7521538600000001 0.4402654833333333 0.6966666666666667 0.44017083333333334 0.6966666666666667 0.38395833333333335 0.7491526616666667 0.3308333333333333 0.7911694683333333 0.375625 0.8526940783333333 0.43916666666666665 0.9007132849999999 0.58 0.8216493066666666 0.58 0.8200310116666666
2 0.6566666666666666 0.5458251983333333 0.4681135616666667 0.4033333333333333 0.4651384916666667 0.4033333333333333 0.31 0.5143377149999999 0.31 0.5156307066666667 0.378125 0.6078221283333334 0.44583333333333336 0.6573419366666667 0.6566666666666666 0.5466257283333333 0.6566666666666666 0.5458251983333333
2 0.7316666666666667 0.16500624 0.4949920183333333 0.005 0.4947984266666667 0.005 0.2816666666666667 0.14728337666666666 0.2816666666666667 0.14776256 0.48760416666666667 0.326063425 0.6053125 0.2750430166666667 0.7316666666666667 0.16612773 0.7316666666666667 0.16500624
5 0.4475 0.9558333333333333 0.08833333333333333 0.04666666666666667
5 0.23416666666666666 0.8216666666666667 0.03833333333333333 0.03666666666666667
5 0.11916666666666667 0.5516666666666666 0.15833333333333333 0.04
5 0.47 0.5416666666666666 0.21666666666666667 0.09333333333333334
5 0.445 0.8025 0.14833333333333334 0.09833333333333333
5 0.5066666666666667 0.18166666666666667 0.32666666666666666 0.1
5 0.5183333333333333 0.36333333333333334 0.05 0.07333333333333333
5 0.9658333333333333 0.38666666666666666 0.04666666666666667 0.07333333333333333
5 0.9158333333333334 0.19083333333333333 0.115 0.051666666666666666
5 0.785 0.20416666666666666 0.06666666666666667 0.04833333333333333
5 0.22333333333333333 0.16666666666666666 0.06666666666666667 0.05
4 0.44666666666666666 0.9516666666666667 0.135 0.08333333333333333
0 0.205 0.7175 0.265 0.23
0 0.17333333333333334 0.28833333333333333 0.21333333333333335 0.45666666666666667
0 0.4775 0.36083333333333334 0.035 0.075
0 0.7991666666666667 0.4091666666666667 0.29333333333333333 0.365
0 0.7841666666666667 0.17 0.11666666666666667 0.056666666666666664