5 0.55 0.6833333333333333 0.61 0.06
5 0.6091666666666666 0.4375 0.52 0.04833333333333333
5 0.54 0.24166666666666667 0.6433333333333333 0.056666666666666664
0 0.48833333333333334 0.8016666666666666 0.20166666666666666 0.11666666666666667
0 0.5125 0.5758333333333333 0.15166666666666667 0.10166666666666667
0 0.5183333333333333 0.34833333333333333 0.19666666666666666 0.07666666666666666
0 0.49916666666666665 0.14916666666666667 0.125 0.09166666666666666
4 0.4775 0.9258333333333333 0.5083333333333333 0.145
4 0.49666666666666665 0.06 0.4033333333333333 0.11333333333333333
3 0.5375 0.45666666666666667 0.8683333333333333 0.13666666666666666
1 0.7107583183333334 0.625 0.14976023166666666 0.625 0.025187648333333333 0.7487991916666666 0.8550406933333333 0.74292555 0.9758766766666668 0.6255145 0.7107583183333334 0.625
1 0.021666666666666667 0.30432873666666665 0.021666666666666667 0.30577439500000003 0.82795032 0.2972451366666667 0.9870364183333333 0.19531677166666667 0.15654927166666666 0.18891234833333334 0.021666666666666667 0.30432873666666665