4 0.030833333333333334 0.585 0.045 0.11
3 0.13083333333333333 0.6208333333333333 0.03833333333333333 0.35833333333333334
2 0.25666666666666665 0.5766666666666667 0.08666666666666667 0.37
3 0.4083333333333333 0.5408333333333334 0.06 0.42333333333333334
3 0.5366666666666666 0.5591666666666667 0.06 0.41833333333333333
3 0.6658333333333334 0.5641666666666667 0.058333333333333334 0.41
2 0.815 0.5583333333333333 0.07666666666666666 0.3933333333333333
4 0.9725 0.555 0.041666666666666664 0.10333333333333333
0 0.17833333333333334 0.5808333333333333 0.07333333333333333 0.06166666666666667
0 0.0825 0.5841666666666666 0.06166666666666667 0.035
0 0.34 0.575 0.08666666666666667 0.04666666666666667
0 0.4725 0.5616666666666666 0.07166666666666667 0.05
0 0.6 0.56 0.07333333333333333 0.05333333333333334
0 0.7341666666666666 0.5608333333333333 0.08333333333333333 0.045
0 0.8983333333333333 0.5533333333333333 0.1 0.04666666666666667
0 0.2625 0.24416666666666667 0.035 0.32166666666666666
0 0.39916666666666667 0.8508333333333333 0.315 0.17833333333333334
5 0.39166666666666666 0.5316666666666666 0.02 0.21666666666666667
5 0.5358333333333334 0.5691666666666667 0.045 0.3616666666666667
5 0.41083333333333333 0.5233333333333333 0.02666666666666667 0.2866666666666667
5 0.255 0.5675 0.03 0.2733333333333333
5 0.6633333333333333 0.5883333333333334 0.03 0.33666666666666667
5 0.8108333333333333 0.5666666666666667 0.025 0.32
5 0.8925 0.6083333333333333 0.03 0.08666666666666667
5 0.38166666666666665 0.9516666666666667 0.03 0.08333333333333333
5 0.5325 0.051666666666666666 0.03666666666666667 0.08