4 0.49083333333333334 0.955 0.5783333333333334 0.06333333333333334
4 0.49333333333333335 0.03666666666666667 0.5433333333333333 0.06666666666666667
0 0.48833333333333334 0.8458333333333333 0.10333333333333333 0.15
0 0.48333333333333334 0.6316666666666667 0.09333333333333334 0.13666666666666666
0 0.4675 0.39416666666666667 0.105 0.13833333333333334
0 0.5116666666666667 0.15833333333333333 0.09 0.13666666666666666
5 0.4625 0.9608333333333333 0.335 0.03833333333333333
5 0.4675 0.7325 0.335 0.051666666666666666
5 0.48333333333333334 0.5208333333333334 0.31333333333333335 0.043333333333333335
5 0.345 0.40166666666666667 0.20333333333333334 0.056666666666666664
5 0.49666666666666665 0.27416666666666667 0.4633333333333333 0.06166666666666667
5 0.465 0.043333333333333335 0.2966666666666667 0.04666666666666667
1 0.6404105783333334 0.7700540216666667 0.779646485 0.7033333333333334 0.27352079833333337 0.7033333333333334 0.135 0.7756116166666667 0.135 0.7760463166666667 0.6404105783333334 0.7700540216666667
2 0.19666666666666666 0.52051866 0.4672773133333333 0.5728871550000001 0.7543336833333334 0.5323709483333333 0.47542225833333335 0.47 0.46894930166666665 0.47 0.19666666666666666 0.5202207866666667 0.19666666666666666 0.52051866
1 0.7705393183333333 0.32310724166666666 0.963649965 0.2285694266666667 0.23296103 0.23007002666666665 0.015 0.3270547733333333 0.015 0.3276016333333333 0.7705393183333333 0.32310724166666666