4 0.1425 0.035833333333333335 0.11333333333333333 0.050833333333333335
4 0.9325 0.8033333333333333 0.12083333333333333 0.058333333333333334
0 0.14166666666666666 0.14 0.03333333333333333 0.1425
0 0.1275 0.33 0.0275 0.09583333333333334
0 0.12833333333333333 0.5025 0.03 0.11416666666666667
0 0.3 0.6083333333333333 0.17333333333333334 0.04083333333333333
0 0.78 0.6758333333333333 0.37416666666666665 0.17833333333333334
0 0.13083333333333333 0.7 0.03916666666666667 0.08833333333333333
0 0.13583333333333333 0.8716666666666667 0.0375 0.11583333333333333
0 0.29333333333333333 0.7816666666666666 0.17333333333333334 0.03333333333333333
0 0.7441666666666666 0.8008333333333333 0.21916666666666668 0.041666666666666664
0 0.39916666666666667 0.9608333333333333 0.30333333333333334 0.028333333333333332
0 0.8875 0.9025 0.19 0.13166666666666665
1 0.066964285 0.20545890833333333 0.026041666666666668 0.26844631 0.20089285666666667 0.26994600999999996 0.234375 0.20695860833333335 0.066964285 0.20545890833333333
1 0.42596726166666665 0.5563887216666666 0.38690476166666665 0.6403719250000001 0.558035715 0.638872225 0.6008184516666666 0.5518896216666667 0.42596726166666665 0.5563887216666666
1 0.4352678566666666 0.74085183 0.37016369000000005 0.8308338333333333 0.576636905 0.8398320333333333 0.6603422616666667 0.74535093 0.4352678566666666 0.74085183
1 0.576636905 0.9148170366666667 0.5412946433333333 0.9868026400000001 0.751488095 0.9853029400000001 0.7793898816666667 0.9193161366666668 0.576636905 0.9148170366666667
1 0.037202381666666666 0.9343131366666667 0.009300595 0.9853029400000001 0.21205357166666666 0.98080384 0.25669642833333334 0.9283143366666667 0.037202381666666666 0.9343131366666667
2 0.13020833333333334 0.5578884216666666 0.042782738333333334 0.607378525 0.14136904833333333 0.6508698266666667 0.21391369000000002 0.6013797233333333 0.13020833333333334 0.5578884216666666
2 0.13020833333333334 0.74835033 0.05766369 0.7798440316666667 0.14880952333333333 0.8188362333333333 0.21949404833333333 0.7828434316666666 0.13020833333333334 0.74835033
5 0.14916666666666667 0.0425 0.08916666666666667 0.034166666666666665
5 0.13083333333333333 0.23416666666666666 0.125 0.035833333333333335
5 0.13666666666666666 0.4091666666666667 0.1875 0.050833333333333335
5 0.13416666666666666 0.5991666666666666 0.09666666666666666 0.034166666666666665
5 0.4775 0.6008333333333333 0.125 0.049166666666666664
5 0.28583333333333333 0.585 0.1025 0.03333333333333333
5 0.2775 0.7633333333333333 0.08166666666666667 0.03333333333333333
5 0.14583333333333334 0.7766666666666666 0.065 0.035833333333333335
5 0.5033333333333333 0.785 0.17333333333333334 0.049166666666666664
5 0.9316666666666666 0.8 0.07083333333333333 0.0375
5 0.6625 0.95 0.175 0.0525
5 0.13166666666666665 0.9616666666666667 0.19 0.041666666666666664
5 0.1875 0.8708333333333333 0.07083333333333333 0.04083333333333333
5 0.17 0.6775 0.05416666666666667 0.0375