5 0.57 0.06416666666666666 0.115 0.09583333333333334
5 0.7808333333333334 0.3958333333333333 0.09583333333333334 0.06
5 0.3858333333333333 0.4125 0.15916666666666668 0.08833333333333333
5 0.08583333333333333 0.4008333333333333 0.12666666666666668 0.07833333333333334
5 0.885 0.5508333333333333 0.13166666666666665 0.08583333333333333
5 0.8291666666666667 0.6975 0.23 0.07
5 0.8141666666666667 0.9316666666666666 0.10666666666666667 0.07166666666666667
4 0.0975 0.4008333333333333 0.1675 0.16583333333333333
4 0.8141666666666667 0.9333333333333333 0.17416666666666666 0.11
0 0.23083333333333333 0.405 0.08583333333333333 0.04583333333333333
0 0.5975 0.4175 0.1925 0.05
0 0.5716666666666667 0.22 0.43916666666666665 0.22
0 0.7975 0.565 0.0425 0.1575
0 0.8233333333333334 0.815 0.04583333333333333 0.1175
2 0.7610350083333334 0.31343731333333336 0.6963470316666667 0.40041991666666665 0.7876712333333333 0.48140372000000003 0.9005580916666666 0.37642471499999997 0.7610350083333334 0.31343731333333336
1 0.3196347033333333 0.3434313133333333 0.23972602666666665 0.4754049183333333 0.46803652999999995 0.47240551833333333 0.5466768133333333 0.3449310133333333 0.3196347033333333 0.3434313133333333
1 0.7026889900000001 0.6433713249999999 0.6430745816666666 0.7708458316666666 0.92085236 0.73785243 0.9931506849999999 0.623875225 0.7026889900000001 0.6433713249999999