4 0.08 0.5666666666666667 0.13333333333333333 0.5233333333333333
4 0.9466666666666667 0.76 0.08 0.31333333333333335
0 0.185 0.5875 0.06333333333333334 0.105
5 0.0825 0.5733333333333334 0.06 0.31666666666666665
5 0.25666666666666665 0.585 0.04 0.35
1 0.25333333333333335 0.6033333333333334 0.08666666666666667 0.5533333333333333
3 0.4033333333333333 0.6266666666666667 0.11 0.36666666666666664
0 0.32666666666666666 0.5758333333333333 0.06 0.10166666666666667
0 0.4841666666666667 0.5941666666666666 0.051666666666666666 0.055
5 0.3983333333333333 0.5783333333333334 0.056666666666666664 0.17
3 0.5458333333333333 0.6358333333333334 0.06166666666666667 0.42333333333333334
5 0.5491666666666667 0.6425 0.03833333333333333 0.31833333333333336
0 0.6066666666666667 0.33 0.12666666666666668 0.22666666666666666
3 0.6975 0.1825 0.055 0.335
5 0.6491666666666667 0.49333333333333335 0.041666666666666664 0.12666666666666668
5 0.6675 0.6958333333333333 0.041666666666666664 0.165
0 0.6875 0.47 0.035 0.20333333333333334
1 0.8016666666666666 0.735 0.07666666666666666 0.43666666666666665
0 0.8725 0.7166666666666667 0.06 0.08666666666666667
5 0.7216666666666667 0.8541666666666666 0.05 0.15166666666666667
0 0.7383333333333333 0.73 0.05 0.07666666666666666
5 0.8 0.7483333333333333 0.05333333333333334 0.27
5 0.9466666666666667 0.7558333333333334 0.056666666666666664 0.185
2 0.62 0.6227752583333334 0.6512005283333334 0.845 0.6515013316666667 0.845 0.705 0.7184743316666667 0.705 0.7164934166666667 0.6707833133333333 0.5692909766666667 0.62 0.62084586 0.62 0.6227752583333334