2 0.48011187 0.16946610666666667 0.37911746500000004 0.25494901 0.5189558733333333 0.34793041333333335 0.7022995649999999 0.24895021 0.48011187 0.16946610666666667
2 0.5251709133333333 0.44091181833333337 0.36979490333333337 0.51889622 0.5609073966666667 0.634373125 0.77843381 0.5353929216666666 0.5251709133333333 0.44091181833333337
2 0.5842137966666666 0.7903419316666667 0.43816034833333334 0.883323335 0.6028589183333334 0.99580084 0.8250466133333333 0.8998200366666667 0.5842137966666666 0.7903419316666667
4 0.4866666666666667 0.05416666666666667 0.20166666666666666 0.08666666666666667
4 0.12583333333333332 0.5858333333333333 0.23916666666666667 0.08833333333333333
0 0.48333333333333334 0.13833333333333334 0.034166666666666665 0.07166666666666667
0 0.5683333333333334 0.72 0.059166666666666666 0.15
0 0.8191666666666667 0.4508333333333333 0.205 0.41833333333333333
0 0.0975 0.7675 0.11333333333333333 0.2658333333333333
0 0.8916666666666667 0.83 0.14333333333333334 0.19666666666666666
0 0.8058333333333333 0.625 0.07 0.20583333333333334
0 0.5241666666666667 0.3933333333333333 0.04833333333333333 0.09166666666666666
5 0.47583333333333333 0.05333333333333334 0.11666666666666667 0.04666666666666667
5 0.5741666666666667 0.3933333333333333 0.051666666666666666 0.04666666666666667
5 0.12333333333333334 0.5866666666666667 0.16 0.050833333333333335
5 0.5925 0.5341666666666667 0.2808333333333333 0.09333333333333334
5 0.6416666666666667 0.8866666666666667 0.28 0.08833333333333333
5 0.8566666666666667 0.8566666666666667 0.05416666666666667 0.043333333333333335
5 0.79 0.625 0.060833333333333336 0.034166666666666665
5 0.9 0.6908333333333333 0.07916666666666666 0.04666666666666667
5 0.625 0.7208333333333333 0.07 0.0375
5 0.785 0.2375 0.0625 0.04083333333333333
5 0.25666666666666665 0.9016666666666666 0.08083333333333333 0.04833333333333333
5 0.545 0.24 0.19083333333333333 0.08083333333333333