1 0.4111946266666667 0.31166666666666665 0.635 0.2423838766666667 0.635 0.23462101333333332 0.6253702466666666 0.058333333333333334 0.62454036 0.058333333333333334 0.422957205 0.11071559333333333 0.4101310933333333 0.31166666666666665 0.4111946266666667 0.31166666666666665
1 0.7830569333333334 0.475 0.9507633499999999 0.43623580333333334 0.96 0.28764044333333333 0.96 0.2746254733333333 0.8014039900000001 0.3140882016666667 0.7779380466666667 0.475 0.7830569333333334 0.475
1 0.8100715666666667 0.99 0.9790726833333334 0.9550726133333334 0.9816666666666667 0.8429490583333333 0.9816666666666667 0.7814936116666666 0.80974593 0.8206289016666667 0.8060687383333333 0.8146470866666666 0.8080757466666666 0.99 0.8100715666666667 0.99
2 0.6483333333333333 0.5077934183333332 0.5602554683333333 0.3958209816666667 0.41217222166666667 0.511952885 0.5481853833333333 0.6264534983333333 0.6483333333333333 0.508858955 0.6483333333333333 0.5077934183333332
4 0.06583333333333333 0.5291666666666667 0.11666666666666667 0.075
4 0.10916666666666666 0.17833333333333334 0.12666666666666668 0.07666666666666666
3 0.29083333333333333 0.19583333333333333 0.16833333333333333 0.185
3 0.26666666666666666 0.5233333333333333 0.18666666666666668 0.19333333333333333
3 0.5508333333333333 0.8016666666666666 0.225 0.19666666666666666
3 0.8833333333333333 0.6325 0.19666666666666666 0.16166666666666665
3 0.8858333333333334 0.1175 0.22833333333333333 0.215
0 0.19916666666666666 0.1775 0.08 0.025
0 0.3958333333333333 0.185 0.09166666666666666 0.03
0 0.715 0.12083333333333333 0.19 0.09666666666666666
0 0.8716666666666667 0.2675 0.07333333333333333 0.09666666666666666
0 0.5608333333333333 0.3416666666666667 0.065 0.13
0 0.8825 0.49916666666666665 0.10166666666666667 0.105
0 0.5566666666666666 0.6616666666666666 0.07666666666666666 0.08
0 0.37583333333333335 0.5075 0.12833333333333333 0.045
0 0.14166666666666666 0.5266666666666666 0.07 0.03333333333333333
0 0.8891666666666667 0.7533333333333333 0.10333333333333333 0.10333333333333333
0 0.7258333333333333 0.8525 0.185 0.10166666666666667
5 0.11333333333333333 0.17333333333333334 0.06666666666666667 0.02
5 0.059166666666666666 0.525 0.07833333333333334 0.03
5 0.2925 0.19583333333333333 0.08166666666666667 0.16666666666666666
5 0.24916666666666668 0.5216666666666666 0.085 0.17333333333333334
5 0.5566666666666666 0.5108333333333334 0.08 0.125
5 0.4166666666666667 0.5525 0.08666666666666667 0.035
5 0.4866666666666667 0.6508333333333334 0.05333333333333334 0.051666666666666666
5 0.5375 0.7816666666666666 0.10833333333333334 0.12333333333333334
5 0.8908333333333334 0.8891666666666667 0.17166666666666666 0.125
5 0.8666666666666667 0.635 0.11333333333333333 0.14333333333333334
5 0.86 0.39 0.10666666666666667 0.15333333333333332
5 0.8791666666666667 0.1075 0.13833333333333334 0.16833333333333333
5 0.5325 0.17833333333333334 0.17333333333333334 0.13