5 0.45 0.056666666666666664 0.315 0.056666666666666664
5 0.4816666666666667 0.23166666666666666 0.48333333333333334 0.0675
5 0.5391666666666667 0.4008333333333333 0.7358333333333333 0.07166666666666667
5 0.5341666666666667 0.5883333333333334 0.7983333333333333 0.06
5 0.5716666666666667 0.7625 0.69 0.06
5 0.3616666666666667 0.9433333333333334 0.24333333333333335 0.05416666666666667
0 0.46 0.14333333333333334 0.13833333333333334 0.0675
0 0.46 0.31583333333333335 0.13166666666666665 0.06166666666666667
0 0.4533333333333333 0.5025 0.13833333333333334 0.058333333333333334
0 0.48583333333333334 0.6808333333333333 0.085 0.07083333333333333
0 0.45166666666666666 0.865 0.10833333333333334 0.06333333333333334
1 0.26609724 0.17867867833333334 0.045992115 0.294294295 0.7490144550000001 0.2912912916666667 0.8935611033333334 0.16816816833333334 0.26609724 0.17867867833333334
1 0.26281209 0.7042042049999999 0.23981603166666668 0.7042042049999999 0.05256241833333333 0.825825825 0.8147174766666667 0.8273273266666666 0.9395532200000001 0.7027027033333333 0.26281209 0.7042042049999999
3 0.9592641266666667 0.545045045 0.029566360000000003 0.54954955 0.045992115 0.645645645 0.9691195800000001 0.6471471466666667 0.9592641266666667 0.545045045
3 0.9888304866666666 0.33183183166666663 0.075558475 0.34684684666666665 0.06241787166666667 0.46996997 0.9592641266666667 0.46546546499999997 0.9888304866666666 0.33183183166666663
4 0.4633333333333333 0.06416666666666666 0.5391666666666667 0.11416666666666667
4 0.37416666666666665 0.9391666666666667 0.4533333333333333 0.095