4 0.37166666666666665 0.04416666666666667 0.10416666666666667 0.0875
4 0.8758333333333334 0.9408333333333333 0.10583333333333333 0.11416666666666667
3 0.3958333333333333 0.31333333333333335 0.33 0.1375
3 0.4791666666666667 0.6166666666666667 0.4508333333333333 0.12
3 0.10083333333333333 0.4825 0.1975 0.14083333333333334
0 0.7066666666666667 0.5875 0.3958333333333333 0.2225
0 0.8625 0.855 0.04416666666666667 0.10083333333333333
0 0.2775 0.63 0.3725 0.22416666666666665
0 0.15666666666666668 0.37583333333333335 0.23416666666666666 0.1075
0 0.37833333333333335 0.10666666666666667 0.04583333333333333 0.06833333333333333
0 0.3725 0.24416666666666667 0.034166666666666665 0.0325
0 0.4116666666666667 0.4166666666666667 0.04416666666666667 0.08416666666666667
0 0.42333333333333334 0.5508333333333333 0.05 0.04583333333333333
5 0.36833333333333335 0.18583333333333332 0.1125 0.05583333333333333
5 0.38083333333333336 0.28833333333333333 0.265 0.05583333333333333
5 0.39416666666666667 0.3433333333333333 0.10666666666666667 0.03833333333333333
5 0.41833333333333333 0.4925 0.09666666666666666 0.04083333333333333
5 0.56 0.4483333333333333 0.06666666666666667 0.0475
5 0.47833333333333333 0.6166666666666667 0.4033333333333333 0.04833333333333333
5 0.085 0.48 0.08333333333333333 0.055
5 0.8741666666666666 0.7533333333333333 0.18583333333333332 0.0675
1 0.43928238833333333 0.23647220333333333 0.4963444316666667 0.137261855 0.3075170566666667 0.12292897000000001 0.25383074666666666 0.222070765 0.43928238833333333 0.23647220333333333
1 0.7673892466666666 0.7021208966666667 0.7708221533333334 0.6882623483333333 0.7146066816666666 0.84773615 0.9414284350000001 0.8253337833333333 0.9913577233333333 0.7021208966666667 0.7673892466666666 0.7021208966666667
2 0.4321496316666667 0.5501050116666667 0.5077568833333334 0.49089881333333335 0.41056254166666667 0.42548487833333337 0.32801136 0.5053002816666666 0.4321496316666667 0.5501050116666667
5 0.4658333333333333 0.5366666666666666 0.035833333333333335 0.04