4 0.39916666666666667 0.04583333333333333 0.17916666666666667 0.06416666666666666
4 0.5175 0.9641666666666666 0.12083333333333333 0.06166666666666667
0 0.3883333333333333 0.11166666666666666 0.04083333333333333 0.049166666666666664
0 0.3925 0.23 0.04416666666666667 0.049166666666666664
0 0.3958333333333333 0.3516666666666667 0.04083333333333333 0.04083333333333333
0 0.185 0.5025 0.19 0.16666666666666666
0 0.5975 0.4483333333333333 0.1575 0.1075
0 0.52 0.5991666666666666 0.145 0.09916666666666667
0 0.825 0.5675 0.13666666666666666 0.12416666666666666
0 0.855 0.7483333333333333 0.050833333333333335 0.04083333333333333
0 0.7391666666666666 0.9583333333333334 0.3025 0.0825
0 0.27666666666666667 0.8491666666666666 0.3525 0.3016666666666667
3 0.37666666666666665 0.29 0.22166666666666668 0.08583333333333333
2 0.3849431816666667 0.3702038366666667 0.38778409166666666 0.37470024 0.298295455 0.44964028833333336 0.3963068183333333 0.4886091133333333 0.5099431816666666 0.4331534766666667 0.3849431816666667 0.3702038366666667
2 0.6477272733333334 0.5035971216666667 0.6022727266666666 0.56354916 0.670454545 0.6010191850000001 0.7471590916666667 0.5530575533333334 0.6477272733333334 0.5035971216666667
1 0.765625 0.6399880099999999 0.6931818183333334 0.7523980816666667 0.9318181816666666 0.7164268583333333 0.9900568183333334 0.6205035966666667 0.765625 0.6399880099999999
1 0.4147727266666667 0.6624700233333333 0.36221590833333334 0.743405275 0.5838068183333334 0.726918465 0.6321022733333334 0.6429856116666667 0.4147727266666667 0.6624700233333333
1 0.7258522733333334 0.8048561150000001 0.6789772733333334 0.90677458 0.9332386366666666 0.867805755 0.9758522733333332 0.7718824933333334 0.7258522733333334 0.8048561150000001
5 0.375 0.0425 0.09083333333333334 0.04083333333333333
5 0.3983333333333333 0.17 0.15166666666666667 0.028333333333333332
5 0.3825 0.29083333333333333 0.18166666666666667 0.050833333333333335
5 0.40166666666666667 0.42583333333333334 0.08416666666666667 0.035833333333333335
5 0.6575 0.5491666666666667 0.050833333333333335 0.0375
5 0.5933333333333334 0.3858333333333333 0.07416666666666667 0.04666666666666667
5 0.22916666666666666 0.4216666666666667 0.060833333333333336 0.049166666666666664
5 0.1425 0.6325 0.16333333333333333 0.035833333333333335
5 0.4925 0.6991666666666667 0.2 0.0375
5 0.8416666666666667 0.6875 0.1975 0.07333333333333333
5 0.8266666666666667 0.84 0.2275 0.07333333333333333
5 0.5141666666666667 0.9625 0.0825 0.050833333333333335
5 0.55 0.5358333333333334 0.065 0.0525
5 0.8083333333333333 0.5141666666666667 0.0625 0.06916666666666667