5 0.29333333333333333 0.06333333333333334 0.1075 0.06166666666666667
5 0.2891666666666667 0.24333333333333335 0.12083333333333333 0.050833333333333335
5 0.2975 0.3983333333333333 0.175 0.06916666666666667
5 0.30416666666666664 0.5916666666666667 0.2625 0.08333333333333333
5 0.5383333333333333 0.5533333333333333 0.058333333333333334 0.051666666666666666
5 0.3375 0.7175 0.0475 0.04666666666666667
5 0.2675 0.8466666666666667 0.31 0.1225
5 0.7966666666666666 0.5766666666666667 0.2966666666666667 0.1
5 0.7466666666666667 0.8266666666666667 0.0875 0.04833333333333333
4 0.2941666666666667 0.059166666666666666 0.14583333333333334 0.10166666666666667
1 0.29 0.24666666666666667 0.1875 0.08666666666666667
3 0.2941666666666667 0.4066666666666667 0.21166666666666667 0.1125
2 0.30916666666666665 0.5883333333333334 0.3525 0.17333333333333334
3 0.27166666666666667 0.8466666666666667 0.37 0.17
1 0.7975 0.5758333333333333 0.39416666666666667 0.16
4 0.745 0.8283333333333334 0.11833333333333333 0.075
0 0.285 0.15666666666666668 0.03333333333333333 0.08416666666666667
0 0.2758333333333333 0.3175 0.030833333333333334 0.06583333333333333
0 0.31333333333333335 0.4741666666666667 0.03166666666666667 0.055
0 0.55 0.5875 0.13166666666666665 0.04416666666666667
0 0.2975 0.725 0.02666666666666667 0.07
0 0.08333333333333333 0.6433333333333333 0.09 0.16416666666666666
0 0.7583333333333333 0.7141666666666666 0.04416666666666667 0.1525