1 0.49166666666666664 0.09970288 0.5173059866666667 0.19016384833333333 0.7121083483333334 0.20296511166666667 0.6750896350000001 0.097278195 0.49166666666666664 0.09576317333333333 0.49166666666666664 0.09970288
1 1 0.6389453333333334 0.9678518383333333 0.5164234533333333 0.9625563699999999 0.5118276866666667 0.7933333333333333 0.51978332 0.7933333333333333 0.5240809133333334 0.81806009 0.63344037 0.8266227816666666 0.63344037 0.95318073 0.6416666666666667 0.9651481316666667 0.6416666666666667 1 0.639853415 1 0.6389453333333334
1 0.455 0.620196465 0.482695545 0.7266666666666667 0.559379695 0.7266666666666667 0.7022610283333334 0.7256246116666667 0.6679040833333334 0.6057799516666666 0.6647990316666667 0.6120127033333334 0.455 0.6120127033333334 0.455 0.620196465
1 0.03166666666666667 0.5601793683333334 0.06744573333333334 0.7096366033333333 0.26442592 0.73 0.2683333333333333 0.73 0.2683333333333333 0.728927835 0.23334887166666665 0.5720221883333334 0.20980136166666666 0.5720221883333334 0.21301242333333334 0.5736223916666666 0.03166666666666667 0.5576745866666667 0.03166666666666667 0.5601793683333334
1 0 0.7336745616666667 0.018948221666666668 0.8809730733333333 0.274556415 0.9116666666666666 0.285150225 0.9116666666666666 0.2459660233333333 0.7479400066666667 0 0.730585625 0 0.7336745616666667
2 0.5016666666666667 0.45377830999999996 0.5571967266666666 0.5383333333333333 0.5598054533333333 0.5383333333333333 0.6606934583333333 0.47705942 0.5984960650000001 0.3868848733333333 0.5921915833333333 0.379449245 0.5016666666666667 0.4502640983333333 0.5016666666666667 0.45377830999999996
2 0.28 0.5231966133333333 0.32721417166666666 0.6183333333333333 0.32984573 0.6183333333333333 0.4368605733333334 0.57127816 0.36418839666666664 0.47667572833333327 0.365147555 0.46886743500000005 0.28 0.5191571733333333 0.28 0.5231966133333333
4 0.6125 0.04 0.11166666666666666 0.08
0 0.6125 0.08583333333333333 0.015 0.035
0 0.6008333333333333 0.21416666666666667 0.028333333333333332 0.051666666666666666
0 0.59 0.3566666666666667 0.02666666666666667 0.09333333333333334
0 0.7716666666666666 0.48083333333333333 0.23666666666666666 0.075
0 0.42083333333333334 0.4575 0.155 0.06666666666666667
0 0.5116666666666667 0.5783333333333334 0.15666666666666668 0.05
0 0.20833333333333334 0.5341666666666667 0.16 0.065
0 0.3408333333333333 0.8783333333333333 0.395 0.24
0 0.77 0.7391666666666666 0.29 0.23
0 0.15333333333333332 0.7308333333333333 0.016666666666666666 0.028333333333333332
5 0.6125 0.041666666666666664 0.06833333333333333 0.043333333333333335
5 0.5991666666666666 0.13833333333333334 0.14833333333333334 0.06
5 0.5791666666666667 0.27 0.16333333333333333 0.05333333333333334
5 0.5775 0.4558333333333333 0.08 0.06333333333333334
5 0.57 0.6691666666666667 0.18 0.065
5 0.49166666666666664 0.53 0.05333333333333334 0.05333333333333334
5 0.7641666666666667 0.425 0.035 0.05333333333333334
5 0.43916666666666665 0.41833333333333333 0.051666666666666666 0.06
5 0.3566666666666667 0.5416666666666666 0.07333333333333333 0.05
5 0.24666666666666667 0.5058333333333334 0.03333333333333333 0.043333333333333335
5 0.14166666666666666 0.6241666666666666 0.18666666666666668 0.13166666666666665
5 0.15166666666666667 0.8058333333333333 0.21666666666666667 0.12833333333333333
5 0.58 0.8025 0.06 0.03666666666666667
4 0.5908333333333333 0.805 0.11833333333333333 0.08333333333333333
3 0.5816666666666667 0.27 0.21666666666666667 0.10666666666666667