4 0.9475 0.2075 0.095 0.155
0 0.8558333333333333 0.21166666666666667 0.095 0.03666666666666667
0 0.6683333333333333 0.21333333333333335 0.08 0.04
0 0.5016666666666667 0.25166666666666665 0.07333333333333333 0.043333333333333335
0 0.4025 0.5333333333333333 0.04833333333333333 0.19333333333333333
0 0.23916666666666667 0.35083333333333333 0.10166666666666667 0.06166666666666667
0 0.19 0.050833333333333335 0.37333333333333335 0.10166666666666667
5 0.7516666666666667 0.20583333333333334 0.07 0.15166666666666667
5 0.5891666666666666 0.25333333333333335 0.06666666666666667 0.19666666666666666
5 0.3775 0.2708333333333333 0.065 0.285
5 0.44583333333333336 0.5216666666666666 0.07 0.09666666666666666
5 0.41333333333333333 0.7883333333333333 0.11333333333333333 0.2833333333333333
5 0.24 0.41083333333333333 0.056666666666666664 0.06833333333333333
5 0.13666666666666666 0.3875 0.10666666666666667 0.3
1 0.76 0.21416666666666667 0.10666666666666667 0.24333333333333335
2 0.37333333333333335 0.26166666666666666 0.16666666666666666 0.36
1 0.42916666666666664 0.7916666666666666 0.175 0.4166666666666667
3 0.1275 0.39 0.16333333333333333 0.38
5 0.9425 0.2075 0.051666666666666666 0.11166666666666666