5 0.05 0.425 0.03333333333333333 0.17333333333333334
5 0.20666666666666667 0.4275 0.05333333333333334 0.21166666666666667
5 0.4075 0.4583333333333333 0.07666666666666666 0.14333333333333334
5 0.4 0.18166666666666667 0.06333333333333334 0.16
5 0.6358333333333334 0.1275 0.07166666666666667 0.17833333333333334
5 0.5591666666666667 0.9266666666666666 0.085 0.14333333333333334
5 0.7008333333333333 0.8591666666666666 0.075 0.205
5 0.9458333333333333 0.45166666666666666 0.058333333333333334 0.16
5 0.8283333333333334 0.1225 0.07 0.17833333333333334
2 0.40040639333333333 0.6016666666666667 0.49666666666666665 0.48906308833333334 0.49666666666666665 0.487093115 0.435588235 0.288867155 0.32454381666666665 0.4151915233333333 0.39918399833333335 0.6016666666666667 0.40040639333333333 0.6016666666666667
1 0.15046199 0.6133333333333333 0.26860844333333334 0.54429299 0.2716096433333334 0.269231865 0.15006102333333332 0.31201915166666666 0.15006102333333332 0.6133333333333333 0.15046199 0.6133333333333333
1 0.5773098783333332 0.2683333333333333 0.6828591433333333 0.19970456333333333 0.6866666666666666 0.03599448166666667 0.6866666666666666 0.006666666666666667 0.6855772983333334 0.006666666666666667 0.5766666666666667 0.038640078333333334 0.5766666666666667 0.2683333333333333 0.5773098783333332 0.2683333333333333
4 0.051666666666666666 0.44 0.08333333333333333 0.3
4 0.9433333333333334 0.47333333333333333 0.08333333333333333 0.30666666666666664
0 0.49833333333333335 0.7341666666666666 0.26666666666666666 0.23
0 0.49833333333333335 0.16666666666666666 0.13666666666666666 0.2866666666666667
0 0.29833333333333334 0.41833333333333333 0.043333333333333335 0.03666666666666667
0 0.12333333333333334 0.4075 0.04 0.056666666666666664
0 0.8533333333333334 0.7658333333333334 0.20333333333333334 0.25166666666666665
0 0.9375 0.18833333333333332 0.11166666666666666 0.27
0 0.7275 0.10916666666666666 0.06333333333333334 0.04666666666666667
3 0.69 0.8591666666666666 0.12 0.24666666666666667