4 0.12583333333333332 0.049166666666666664 0.15333333333333332 0.07833333333333334
4 0.9175 0.6766666666666666 0.10833333333333334 0.09
1 0.367280155 0.6 0.5432219983333333 0.5886174466666667 0.62 0.47874623833333335 0.62 0.47759734 0.4183906883333333 0.48357543000000003 0.35833333333333334 0.5993282316666667 0.35833333333333334 0.6 0.367280155 0.6
1 0.2820816466666667 0.9797599033333334 0.33 0.86511053 0.33 0.8626802766666667 0.05603576333333333 0.853709485 0.009074961666666666 0.985 0.04350877166666667 0.985 0.2820816466666667 0.9797599033333334
1 0.70413655 0.985 0.7533333333333333 0.8668391333333333 0.7533333333333333 0.86416977 0.4929554666666667 0.853709485 0.42041835333333333 0.975258105 0.683252355 0.985 0.70413655 0.985
1 0.553191635 0.7501640666666667 0.5916666666666667 0.6517652116666667 0.5916666666666667 0.6466990916666666 0.39630904333333333 0.6541256516666667 0.3596212733333333 0.755 0.3968967016666667 0.755 0.553191635 0.7501640666666667
2 0.17027435333333335 0.5916666666666667 0.215 0.5592484783333334 0.215 0.5589077066666667 0.14434547833333333 0.4870778316666666 0.078556005 0.569610845 0.16781511333333335 0.5916666666666667 0.17027435333333335 0.5916666666666667
2 0.21227226666666665 0.7533333333333333 0.24666666666666667 0.692141855 0.24666666666666667 0.6902961166666667 0.16316464333333333 0.65612745 0.09062752833333333 0.7191526616666667 0.21091269166666665 0.7533333333333333 0.21227226666666665 0.7533333333333333
1 0.22289811166666668 0.25518307333333334 0.2783333333333333 0.15207464999999998 0.2783333333333333 0.15163789166666666 0.09300607166666666 0.14864045666666667 0.03734681833333333 0.25666666666666665 0.03944125666666667 0.25666666666666665 0.22289811166666668 0.25518307333333334
5 0.12666666666666668 0.058333333333333334 0.10666666666666667 0.043333333333333335
5 0.1475 0.2175 0.16666666666666666 0.045
5 0.15083333333333335 0.38 0.17833333333333334 0.043333333333333335
5 0.27166666666666667 0.51 0.09333333333333334 0.04666666666666667
5 0.4691666666666667 0.5425 0.12833333333333333 0.06166666666666667
5 0.4725 0.7075 0.16833333333333333 0.043333333333333335
5 0.31666666666666665 0.6683333333333333 0.08333333333333333 0.056666666666666664
5 0.225 0.6225 0.09333333333333334 0.051666666666666666
5 0.15666666666666668 0.5475 0.08666666666666667 0.045
5 0.2475 0.8016666666666666 0.085 0.05333333333333334
5 0.9208333333333333 0.6758333333333333 0.08166666666666667 0.051666666666666666
5 0.6025 0.9216666666666666 0.26666666666666666 0.11
5 0.16833333333333333 0.9241666666666667 0.26 0.095
3 0.15583333333333332 0.37333333333333335 0.235 0.11666666666666667
0 0.7191666666666666 0.6991666666666667 0.27166666666666667 0.051666666666666666
0 0.7883333333333333 0.5683333333333334 0.35 0.10666666666666667
0 0.8575 0.8566666666666667 0.22833333333333333 0.20333333333333334
0 0.9383333333333334 0.7558333333333334 0.06333333333333334 0.041666666666666664
0 0.16916666666666666 0.7908333333333334 0.04833333333333333 0.085
0 0.30583333333333335 0.6891666666666667 0.11 0.04833333333333333
0 0.16833333333333333 0.6266666666666667 0.04 0.04666666666666667
0 0.2783333333333333 0.5583333333333333 0.1 0.06333333333333334
0 0.155 0.4625 0.05333333333333334 0.035
0 0.14 0.2975 0.07666666666666666 0.06833333333333333
0 0.1425 0.13 0.07833333333333334 0.04666666666666667