2 0.6128236666666667 0.717488005 0.5132135633333333 0.59488102 0.3924309033333333 0.6974798833333333 0.4303794066666667 0.7615057066666666 0.50043802 0.8055234083333334 0.6128236666666667 0.717488005
1 0.23479902333333333 0.79551944 0.3267509533333333 0.6474597633333333 0.16036174666666667 0.6274517333333334 0.07300331333333333 0.6428714216666667 0 0.7815137366666666 0.11803471333333335 0.7835146033333333 0.23479902333333333 0.79551944
1 0.23333955833333334 0.2973187366666667 0.2712879283333334 0.30532193 0.3398869433333333 0.207282465 0.08614391833333333 0.19896020333333334 0.012946793333333333 0.30732270666666667 0.179336 0.30732270666666667 0.23333955833333334 0.2973187366666667
4 0.15 0.08333333333333333 0.25083333333333335 0.1525
3 0.17083333333333334 0.4791666666666667 0.20083333333333334 0.18833333333333332
3 0.5125 0.4558333333333333 0.265 0.15916666666666668
3 0.87 0.7183333333333334 0.26 0.18666666666666668
4 0.14166666666666666 0.9366666666666666 0.22416666666666665 0.09916666666666667
0 0.16916666666666666 0.18333333333333332 0.043333333333333335 0.06416666666666666
0 0.17916666666666667 0.3458333333333333 0.0375 0.09
0 0.3516666666666667 0.6991666666666667 0.12416666666666666 0.07666666666666666
0 0.3258333333333333 0.4716666666666667 0.15416666666666667 0.07166666666666667
0 0.7633333333333333 0.5275 0.26416666666666666 0.18833333333333332
0 0.675 0.7233333333333334 0.14416666666666667 0.065
5 0.14916666666666667 0.07916666666666666 0.16 0.09666666666666666
5 0.17833333333333334 0.25083333333333335 0.21166666666666667 0.08
5 0.18083333333333335 0.46416666666666667 0.15416666666666667 0.14666666666666667
5 0.5208333333333334 0.4558333333333333 0.18666666666666668 0.11166666666666666
5 0.8725 0.7233333333333334 0.19666666666666666 0.12
5 0.4975 0.7025 0.13083333333333333 0.0825
5 0.685 0.6891666666666667 0.06333333333333334 0.056666666666666664
5 0.37083333333333335 0.665 0.07 0.06833333333333333
5 0.165 0.7033333333333334 0.18 0.10333333333333333
5 0.13833333333333334 0.9433333333333334 0.11333333333333333 0.08