1 0.8608645583333333 0.5066666666666667 0.862427355 0.25665392666666664 0.7666666666666667 0.18921139333333334 0.7666666666666667 0.19457589166666667 0.7760476116666666 0.4298626083333334 0.8594499616666667 0.5066666666666667 0.8608645583333333 0.5066666666666667
1 0.3915900116666666 0.21833333333333332 0.39259052333333333 0.21833333333333332 0.39259052333333333 0.05225126 0.39602250666666666 0.04973587833333333 0.33166666666666667 0.00978314 0.33166666666666667 0.14955878 0.33178430333333336 0.160722535 0.3915900116666666 0.21833333333333332
1 0.3306583 0.535 0.331554415 0.535 0.32996022666666663 0.31671175 0.32981183000000003 0.3207495716666667 0.24 0.28039279500000003 0.24 0.295828015 0.2531522116666666 0.46423258666666667 0.3306583 0.535
1 0.21368124833333335 0.9833333333333333 0.21607996166666665 0.9833333333333333 0.20970243333333333 0.7282628433333332 0.20559131166666667 0.72965687 0.13449450166666668 0.6588411249999999 0.125 0.9463203416666666 0.125 0.9495848666666666 0.21368124833333335 0.9833333333333333
1 0.34109042333333334 0.9733333333333334 0.34268600666666665 0.7418751299999999 0.355731025 0.7356771 0.26666666666666666 0.69100708 0.26666666666666666 0.96541703 0.3352766933333334 0.9733333333333334 0.34109042333333334 0.9733333333333334
2 0.51930782 0.5066666666666667 0.52015931 0.5066666666666667 0.57581052 0.33636726333333333 0.57118796 0.3452904766666667 0.508603485 0.25175980166666667 0.4633333333333333 0.3787426116666667 0.4633333333333333 0.3844037283333333 0.51930782 0.5066666666666667
4 0.95 0.375 0.08 0.24
4 0.058333333333333334 0.4525 0.1 0.25833333333333336
3 0.6725 0.3433333333333333 0.11833333333333333 0.2733333333333333
5 0.5241666666666667 0.18916666666666668 0.03166666666666667 0.06333333333333334
5 0.5516666666666666 0.5775 0.03666666666666667 0.08166666666666667
5 0.6783333333333333 0.33666666666666667 0.043333333333333335 0.21333333333333335
5 0.8083333333333333 0.3325 0.03 0.20166666666666666
5 0.9575 0.3375 0.055 0.12666666666666668
5 0.5158333333333334 0.36083333333333334 0.03166666666666667 0.125
5 0.40166666666666667 0.635 0.03666666666666667 0.09
5 0.4425 0.7533333333333333 0.035 0.06666666666666667
5 0.2975 0.85 0.06833333333333333 0.23
5 0.17583333333333334 0.8366666666666667 0.06833333333333333 0.26666666666666666
5 0.055 0.43916666666666665 0.04666666666666667 0.11
5 0.285 0.4033333333333333 0.056666666666666664 0.18
5 0.35833333333333334 0.11166666666666666 0.043333333333333335 0.15666666666666668
5 0.435 0.4691666666666667 0.04666666666666667 0.058333333333333334
0 0.8908333333333334 0.37 0.065 0.06666666666666667
0 0.7433333333333333 0.33416666666666667 0.06 0.06
0 0.5866666666666667 0.35583333333333333 0.05333333333333334 0.06
0 0.4975 0.5816666666666667 0.08833333333333333 0.18666666666666668
0 0.4608333333333333 0.19083333333333333 0.13 0.16833333333333333
0 0.37666666666666665 0.4633333333333333 0.09333333333333334 0.18333333333333332
0 0.18 0.4175 0.16 0.10666666666666667
0 0.18916666666666668 0.2275 0.3016666666666667 0.2916666666666667
0 0.3908333333333333 0.7933333333333333 0.105 0.16666666666666666
0 0.24 0.8566666666666667 0.06333333333333334 0.08
0 0.0825 0.7008333333333333 0.08833333333333333 0.3416666666666667
2 0.40573149666666664 0.7233333333333334 0.40681538666666667 0.7233333333333334 0.4527180783333334 0.6460791183333333 0.4527180783333334 0.6417403333333334 0.40791328833333335 0.5332690566666667 0.34 0.6253425266666667 0.34 0.627852535 0.40573149666666664 0.7233333333333334