4 0.05 0.29083333333333333 0.07666666666666666 0.345
5 0.0525 0.31583333333333335 0.04833333333333333 0.19833333333333333
0 0.11916666666666667 0.30666666666666664 0.07 0.07333333333333333
5 0.20083333333333334 0.2866666666666667 0.05 0.21333333333333335
3 0.35833333333333334 0.31083333333333335 0.08333333333333333 0.36666666666666664
5 0.35833333333333334 0.3358333333333333 0.05 0.24833333333333332
0 0.2775 0.32416666666666666 0.075 0.065
0 0.44083333333333335 0.3375 0.08166666666666667 0.075
3 0.5158333333333334 0.30416666666666664 0.08 0.43333333333333335
5 0.5141666666666667 0.27166666666666667 0.051666666666666666 0.36666666666666664
0 0.5933333333333334 0.25583333333333336 0.07333333333333333 0.08833333333333333
0 0.5608333333333333 0.7025 0.135 0.47833333333333333
5 0.6725 0.24666666666666667 0.035 0.20333333333333334
0 0.6925 0.5591666666666667 0.051666666666666666 0.26166666666666666
3 0.6841666666666667 0.8316666666666667 0.09166666666666666 0.2733333333333333
5 0.6841666666666667 0.825 0.06 0.25
0 0.7683333333333333 0.21583333333333332 0.08333333333333333 0.09666666666666666
5 0.8383333333333334 0.265 0.03 0.23
0 0.8825 0.24916666666666668 0.055 0.08333333333333333
4 0.955 0.2625 0.09 0.44666666666666666
5 0.9466666666666667 0.26916666666666667 0.03666666666666667 0.21166666666666667
2 0.6687429983333333 0.025 0.61859386 0.266633365 0.6823457233333333 0.4328585666666667 0.735 0.24181880000000003 0.735 0.2327723733333333 0.6690097583333333 0.025 0.6687429983333333 0.025
1 0.1619218166666667 0.10166666666666667 0.16042741500000002 0.4060325383333333 0.23841181833333333 0.48903386666666665 0.24333333333333335 0.24116564166666668 0.24333333333333335 0.18578162166666667 0.16295815666666666 0.10166666666666667 0.1619218166666667 0.10166666666666667
1 0.8419275916666668 0.07833333333333334 0.8038382316666667 0.08081341166666667 0.8098370316666667 0.36301792666666666 0.8716666666666667 0.4379755583333333 0.8716666666666667 0.4160978316666667 0.8548698066666667 0.07833333333333334 0.8419275916666668 0.07833333333333334