4 0.4075 0.95 0.18166666666666667 0.09833333333333333
0 0.6625 0.9408333333333333 0.35 0.08833333333333333
0 0.17916666666666667 0.825 0.2625 0.3075
0 0.1825 0.5158333333333334 0.1475 0.125
0 0.5625 0.48833333333333334 0.20166666666666666 0.07916666666666666
0 0.815 0.5833333333333334 0.22166666666666668 0.06583333333333333
0 0.8683333333333333 0.7525 0.07416666666666667 0.07833333333333334
0 0.4058333333333333 0.8183333333333334 0.0675 0.17
0 0.36666666666666664 0.4 0.05583333333333333 0.07083333333333333
0 0.36916666666666664 0.23833333333333334 0.06916666666666667 0.0675
0 0.37583333333333335 0.1075 0.055 0.05333333333333334
3 0.3641666666666667 0.31583333333333335 0.2325 0.12666666666666668
4 0.37333333333333335 0.05 0.19666666666666666 0.0925
5 0.37166666666666665 0.051666666666666666 0.10666666666666667 0.058333333333333334
5 0.37333333333333335 0.16583333333333333 0.14583333333333334 0.05583333333333333
5 0.37333333333333335 0.31333333333333335 0.1775 0.059166666666666666
5 0.5325 0.435 0.1 0.05333333333333334
5 0.7891666666666667 0.5391666666666667 0.045 0.0575
5 0.6141666666666666 0.5658333333333333 0.1025 0.04666666666666667
5 0.38 0.6933333333333334 0.18666666666666668 0.065
5 0.11166666666666666 0.6241666666666666 0.1525 0.058333333333333334
5 0.3525 0.4816666666666667 0.115 0.060833333333333336
5 0.39416666666666667 0.9483333333333334 0.125 0.056666666666666664
5 0.7983333333333333 0.8391666666666666 0.24916666666666668 0.1025
5 0.8183333333333334 0.6725 0.25083333333333335 0.08083333333333333
5 0.4725 0.55 0.07333333333333333 0.056666666666666664
5 0.18166666666666667 0.4425 0.049166666666666664 0.065
1 0.3175432066666667 0.12303001166666666 0.31332884 0.12399133166666668 0.24792606666666667 0.20300504666666666 0.439373075 0.20978259333333335 0.486230725 0.116252465 0.3175432066666667 0.12303001166666666
1 0.16759866833333334 0.6842109033333333 0.23052185833333336 0.5689926233333333 0.05012217833333333 0.5662865466666667 0.00158869 0.6882773166666667 0.16759866833333334 0.6842109033333333
1 0.45409974500000005 0.741142195 0.48890826333333337 0.6421900366666667 0.28930337333333334 0.6487093133333334 0.25060370833333334 0.73436465 0.45409974500000005 0.741142195
1 0.9293702899999999 0.9119363283333333 0.9574847583333334 0.7750299233333333 0.6772156966666666 0.7763559283333333 0.6160933116666666 0.8943147716666666 0.9293702899999999 0.9119363283333333
1 0.7098086100000001 0.616435445 0.7033161649999999 0.618601555 0.6321588533333333 0.722165045 0.9347253683333334 0.7289425916666666 1 0.6232129916666667 0.7098086100000001 0.616435445
2 0.6120770033333333 0.5039280916666666 0.6179541316666666 0.49833674 0.518361705 0.5717035500000001 0.6160933116666666 0.6381234666666666 0.7098086100000001 0.5730590383333333 0.6120770033333333 0.5039280916666666
2 0.3670783966666667 0.55408194 0.47284282499999997 0.4768179083333334 0.36188023166666666 0.40966721 0.23855457666666666 0.4917284883333334 0.3670783966666667 0.55408194
0 0.455 0.6075 0.17583333333333334 0.0825