4 0.9283333333333333 0.8858333333333334 0.13 0.21166666666666667
4 0.1525 0.845 0.11833333333333333 0.25333333333333335
0 0.8125 0.8825 0.13 0.035
0 0.5608333333333333 0.8525 0.11666666666666667 0.03
0 0.2833333333333333 0.8716666666666667 0.15333333333333332 0.03166666666666667
0 0.4058333333333333 0.5475 0.028333333333333332 0.2833333333333333
0 0.2608333333333333 0.2325 0.15666666666666668 0.03
0 0.12 0.5708333333333333 0.07666666666666666 0.31833333333333336
5 0.9358333333333333 0.8883333333333333 0.055 0.11
5 0.6716666666666666 0.8433333333333334 0.09666666666666666 0.24666666666666667
5 0.425 0.8516666666666667 0.07666666666666666 0.15
5 0.45416666666666666 0.5458333333333333 0.03166666666666667 0.058333333333333334
5 0.3933333333333333 0.2225 0.1 0.2816666666666667
5 0.15666666666666668 0.8525 0.04 0.18
5 0.2525 0.81 0.04666666666666667 0.06666666666666667
5 0.08333333333333333 0.19666666666666666 0.04666666666666667 0.36333333333333334
0 0.41 0.535 0.0033333333333333335 0.006666666666666667
3 0.6825 0.845 0.13333333333333333 0.2866666666666667
3 0.4083333333333333 0.22083333333333333 0.14666666666666667 0.36833333333333335
3 0.08916666666666667 0.215 0.165 0.42
2 0.43 0.8358333333333333 0.15333333333333332 0.285