1 0.48294128833333333 0.19006742166666665 0.5096998583333333 0.09565750166666666 0.32515763999999997 0.09718176833333333 0.28813892666666663 0.202868685 0.48294128833333333 0.19006742166666665
1 0.03767869 0.511700975 0.03238322166666666 0.5162967416666667 0 0.6397144733333333 0.04173393833333333 0.6418857816666667 0.17361227666666668 0.6333136583333334 0.18217497 0.6333136583333334 0.207863215 0.5197018099999999 0.03767869 0.511700975
1 0.33523402666666663 0.6125114966666666 0.33212897333333335 0.606278745 0.2977720283333333 0.7261234049999999 0.5171923083333333 0.72772367 0.5471618566666667 0.6125114966666666 0.33523402666666663 0.6125114966666666
1 0.7312608716666666 0.730923895 0.9324853566666667 0.7101217316666667 0.9688769466666668 0.5581058483333333 0.7869186666666667 0.57410752 0.7901297283333333 0.5725073166666667 0.7665822183333333 0.5725073166666667 0.7312608716666666 0.730923895
1 0.9806507833333334 0.8813396366666666 1 0.730923895 0.7536329816666667 0.7483065683333333 0.7141353216666667 0.9133429800000001 0.9806507833333334 0.8813396366666666
2 0.40801729 0.37888710833333333 0.40171280833333334 0.38632273666666667 0.339515415 0.47649728333333335 0.44226831000000005 0.5389038300000001 0.5000668383333333 0.45089463333333335 0.40801729 0.37888710833333333
2 0.6349300183333333 0.4684964483333333 0.6358891766666667 0.4763047416666667 0.563217 0.5709071733333334 0.6723920166666666 0.61891219 0.7216278516666667 0.5197018099999999 0.6349300183333333 0.4684964483333333
4 0.3875 0.04 0.11083333333333334 0.08
0 0.3875 0.08583333333333333 0.015 0.035
0 0.39916666666666667 0.21416666666666667 0.0275 0.051666666666666666
0 0.41 0.3566666666666667 0.02666666666666667 0.0925
0 0.22833333333333333 0.48083333333333333 0.23583333333333334 0.07416666666666667
0 0.5791666666666667 0.4575 0.15416666666666667 0.06666666666666667
0 0.48833333333333334 0.5783333333333334 0.15666666666666668 0.04833333333333333
0 0.7916666666666666 0.5341666666666667 0.15916666666666668 0.06416666666666666
0 0.6591666666666667 0.8783333333333333 0.39416666666666667 0.24
0 0.23 0.7391666666666666 0.2891666666666667 0.23
0 0.8466666666666667 0.7308333333333333 0.0175 0.029166666666666667
5 0.3875 0.041666666666666664 0.06833333333333333 0.043333333333333335
5 0.4008333333333333 0.13833333333333334 0.14833333333333334 0.059166666666666666
5 0.42083333333333334 0.27 0.16333333333333333 0.055
5 0.4225 0.4558333333333333 0.08 0.06333333333333334
5 0.43 0.6691666666666667 0.17916666666666667 0.06583333333333333
5 0.5083333333333333 0.53 0.0525 0.0525
5 0.23583333333333334 0.425 0.034166666666666665 0.05416666666666667
5 0.5608333333333333 0.41833333333333333 0.0525 0.059166666666666666
5 0.6433333333333333 0.5416666666666666 0.07416666666666667 0.051666666666666666
5 0.7533333333333333 0.5058333333333334 0.0325 0.043333333333333335
5 0.8583333333333333 0.6241666666666666 0.1875 0.13083333333333333
5 0.8483333333333334 0.8058333333333333 0.21833333333333332 0.12833333333333333
5 0.42 0.8025 0.06 0.03666666666666667
4 0.4091666666666667 0.805 0.1175 0.08166666666666667
3 0.41833333333333333 0.27 0.2175 0.10666666666666667