4 0.6558333333333334 0.04833333333333333 0.3416666666666667 0.06333333333333334
5 0.6725 0.043333333333333335 0.245 0.04
0 0.6558333333333334 0.1325 0.09166666666666666 0.08
1 0.7075 0.21 0.48833333333333334 0.06
5 0.6941666666666667 0.21 0.375 0.04
0 0.6725 0.29333333333333333 0.125 0.07
3 0.6925 0.3775 0.4666666666666667 0.07833333333333334
5 0.69 0.36833333333333335 0.37666666666666665 0.07
0 0.6666666666666666 0.4725 0.07 0.08
3 0.7158333333333333 0.5266666666666666 0.5683333333333334 0.05333333333333334
5 0.7358333333333333 0.5366666666666666 0.5266666666666666 0.04
5 0.2816666666666667 0.5691666666666667 0.2833333333333333 0.095
3 0.16916666666666666 0.6475 0.285 0.05
0 0.66 0.6175 0.10666666666666667 0.095
0 0.34833333333333333 0.7091666666666666 0.31666666666666665 0.07833333333333334
5 0.18666666666666668 0.6466666666666666 0.22333333333333333 0.03333333333333333
5 0.64 0.7191666666666666 0.15333333333333332 0.035
0 0.64 0.7966666666666666 0.07666666666666666 0.06333333333333334
5 0.7633333333333333 0.7825 0.11666666666666667 0.03166666666666667
5 0.4175 0.7033333333333334 0.125 0.04666666666666667
1 0.6316666666666667 0.8558333333333333 0.415 0.058333333333333334
5 0.6316666666666667 0.86 0.29333333333333333 0.04
0 0.6275 0.9166666666666666 0.07833333333333334 0.06
4 0.625 0.9633333333333334 0.24666666666666667 0.05333333333333334
5 0.6183333333333333 0.965 0.16333333333333333 0.03666666666666667
2 0.7933333333333333 0.71095743 0.6534060583333333 0.6690563199999999 0.49234435666666665 0.7231321516666667 0.6280379766666667 0.7616666666666667 0.64101115 0.7616666666666667 0.7933333333333333 0.7113149249999999 0.7933333333333333 0.71095743