4 0.6425 0.0525 0.3675 0.09583333333333334
4 0.7116666666666667 0.9466666666666667 0.3591666666666667 0.08666666666666667
0 0.64 0.13833333333333334 0.08666666666666667 0.06416666666666666
0 0.6333333333333333 0.2675 0.0825 0.07083333333333333
0 0.705 0.4266666666666667 0.12083333333333333 0.0825
0 0.7158333333333333 0.5725 0.12583333333333332 0.058333333333333334
0 0.7008333333333333 0.7383333333333333 0.06916666666666667 0.07916666666666666
0 0.6683333333333333 0.865 0.065 0.050833333333333335
0 0.305 0.5425 0.35 0.08583333333333333
0 0.6966666666666667 0.7341666666666666 0.10416666666666667 0.07333333333333333
5 0.625 0.05 0.22916666666666666 0.04666666666666667
5 0.6291666666666667 0.2075 0.26416666666666666 0.0375
5 0.6791666666666667 0.3475 0.3283333333333333 0.06166666666666667
5 0.735 0.49666666666666665 0.415 0.03916666666666667
5 0.7183333333333334 0.6425 0.17333333333333334 0.043333333333333335
1 0.484429065 0.18146370666666667 0.41522491333333333 0.24145171 0.8174740483333333 0.2219556083333333 0.89532872 0.15296940666666667 0.484429065 0.18146370666666667
1 0.5709342566666668 0.7693461300000001 0.4714532866666667 0.8368326333333334 0.8564013833333333 0.8293341333333334 0.9299307966666667 0.75434913 0.5709342566666668 0.7693461300000001
2 0.674740485 0.5938812233333334 0.6963667816666667 0.6028794233333333 0.497404845 0.644871025 0.7266435983333334 0.7033593283333334 0.9299307966666667 0.6508698266666667 0.674740485 0.5938812233333334
3 0.225 0.6091666666666666 0.3983333333333333 0.056666666666666664
3 0.6875 0.3408333333333333 0.5883333333333334 0.10916666666666666