4 0.03333333333333333 0.46416666666666667 0.06666666666666667 0.145
4 0.9641666666666666 0.41333333333333333 0.07166666666666667 0.14
3 0.2991666666666667 0.4525 0.07666666666666666 0.16166666666666665
0 0.09166666666666666 0.45666666666666667 0.06666666666666667 0.03333333333333333
0 0.22083333333333333 0.46 0.085 0.03333333333333333
0 0.375 0.4533333333333333 0.09666666666666666 0.03
0 0.58 0.25083333333333335 0.24666666666666667 0.2683333333333333
0 0.5025 0.6 0.09833333333333333 0.19333333333333333
0 0.5983333333333334 0.8058333333333333 0.07666666666666666 0.155
0 0.6483333333333333 0.525 0.15666666666666668 0.19
0 0.8858333333333334 0.23 0.21833333333333332 0.22666666666666666
0 0.7816666666666666 0.8525 0.10666666666666667 0.028333333333333332
0 0.955 0.6658333333333334 0.09 0.35833333333333334
0 0.8641666666666666 0.4225 0.14 0.055
5 0.0325 0.46 0.035 0.07
5 0.15166666666666667 0.4558333333333333 0.03 0.11166666666666666
5 0.29833333333333334 0.45416666666666666 0.05 0.13166666666666665
5 0.4708333333333333 0.4508333333333333 0.03333333333333333 0.07666666666666666
5 0.43916666666666665 0.30333333333333334 0.028333333333333332 0.06
5 0.4375 0.5833333333333334 0.03833333333333333 0.05
5 0.5483333333333333 0.785 0.043333333333333335 0.06
5 0.5616666666666666 0.5475 0.056666666666666664 0.035
5 0.5833333333333334 0.6741666666666667 0.04666666666666667 0.058333333333333334
5 0.6833333333333333 0.8658333333333333 0.06333333333333334 0.205
5 0.7658333333333334 0.4216666666666667 0.055 0.16
5 0.7425 0.1175 0.051666666666666666 0.15666666666666668
5 0.9683333333333334 0.4191666666666667 0.03 0.08166666666666667
5 0.8808333333333334 0.84 0.065 0.2
1 0.10745744666666666 0.5383333333333333 0.180084995 0.504647995 0.18166666666666667 0.4388435133333333 0.18166666666666667 0.37197494000000003 0.106352505 0.39766598166666667 0.11443869333333334 0.405582605 0.10646160333333334 0.5383333333333333 0.10745744666666666 0.5383333333333333
1 0.703291965 0.25 0.7873755283333334 0.196846135 0.79 0.0428668 0.79 0.009160335 0.71532478 0.034583945 0.7105215333333333 0.029459823333333333 0.7009796883333334 0.25 0.703291965 0.25
1 0.7272098666666666 0.5166666666666667 0.7966666666666666 0.48123039166666665 0.7966666666666666 0.31540925166666667 0.7223054633333333 0.34418427833333337 0.72417484 0.34570468 0.72417484 0.5166666666666667 0.7272098666666666 0.5166666666666667
1 0.9166666666666666 0.9270581366666666 0.9120203866666666 0.6907957316666666 0.8328630766666667 0.7328943583333333 0.8303628983333333 0.7386204283333333 0.8367673116666666 0.9743276616666666 0.9166666666666666 0.9351201366666667 0.9166666666666666 0.9270581366666666
1 0.633316885 0.9883333333333333 0.72425253 0.93983009 0.7283333333333334 0.7497376483333333 0.7283333333333334 0.7164404066666666 0.63634874 0.762452615 0.6345893416666667 0.75536355 0.6314011616666666 0.9883333333333333 0.633316885 0.9883333333333333
2 0.4661443 0.5116666666666667 0.5083333333333333 0.45701687166666666 0.5083333333333333 0.45158691833333336 0.4731350333333333 0.37975547833333334 0.41652026833333333 0.44657301499999996 0.42350003833333333 0.43953628499999997 0.46438423166666665 0.5116666666666667 0.4661443 0.5116666666666667
2 0.535 0.6672496583333333 0.5374071266666667 0.6689945766666667 0.5596019216666667 0.7383333333333333 0.560401855 0.7383333333333333 0.6133333333333333 0.6752251566666666 0.6133333333333333 0.6723471433333333 0.5838397933333334 0.6160458883333334 0.535 0.6668867266666667 0.535 0.6672496583333333