2 0.5633333333333334 0.358545775 0.5633333333333334 0.35960963 0.8055675683333333 0.44074566166666673 0.7989316266666666 0.4361646316666667 0.9164951333333332 0.341535405 0.769238155 0.2733333333333333 0.7664884633333333 0.2733333333333333 0.5633333333333334 0.358545775
1 0.5816666666666667 0.6995255183333333 0.5816666666666667 0.6996651683333334 0.8985030816666667 0.691666845 0.90277899 0.6838098366666667 0.9989885383333332 0.55 0.9908834733333333 0.55 0.6667435516666667 0.5780549366666666 0.5816666666666667 0.6995255183333333
1 0.9075 0.145 0.005 0.01
1 0.5783333333333334 0.161845685 0.9042964666666667 0.145886955 0.9984492316666667 0.011666666666666667 0.978096855 0.011666666666666667 0.65272859 0.03867567833333334 0.5783333333333334 0.16045289999999998 0.5783333333333334 0.161845685
1 0.5025071116666667 0.005 0.116189865 0.014504771666666668 0.015166700000000002 0.13451731333333333 0.37171953333333335 0.13131702666666667 0.37541278333333333 0.12563012 0.5063129916666667 0.005 0.5025071116666667 0.005
4 0.7783333333333333 0.9241666666666667 0.2633333333333333 0.15166666666666667
0 0.7941666666666667 0.7633333333333333 0.09166666666666666 0.17666666666666667
0 0.7966666666666666 0.49583333333333335 0.09 0.14333333333333334
0 0.38166666666666665 0.25416666666666665 0.37333333333333335 0.25166666666666665
0 0.7741666666666667 0.22583333333333333 0.08833333333333333 0.14
5 0.7941666666666667 0.9116666666666666 0.15833333333333333 0.07
5 0.7658333333333334 0.6075 0.28833333333333333 0.08833333333333333
5 0.7625 0.35083333333333333 0.20166666666666666 0.07833333333333334
5 0.12666666666666668 0.24666666666666667 0.1 0.07333333333333333
5 0.6366666666666667 0.22083333333333333 0.15666666666666668 0.10166666666666667
5 0.7633333333333333 0.07166666666666667 0.2866666666666667 0.09
5 0.22333333333333333 0.06416666666666666 0.31333333333333335 0.08666666666666667