4 0.21666666666666667 0.12083333333333333 0.055 0.0775
4 0.5633333333333334 0.07916666666666666 0.07416666666666667 0.12833333333333333
0 0.2225 0.21833333333333332 0.025833333333333333 0.12166666666666667
0 0.56 0.19583333333333333 0.019166666666666665 0.10166666666666667
0 0.4008333333333333 0.6158333333333333 0.16166666666666665 0.0525
0 0.6925 0.6075 0.07916666666666666 0.03833333333333333
0 0.77 0.9025 0.07333333333333333 0.02666666666666667
0 0.5041666666666667 0.9175 0.09 0.030833333333333334
0 0.22666666666666666 0.9075 0.11083333333333334 0.03833333333333333
0 0.157830485 0.6886967266666666 0.10202301999999999 0.7952439783333334 0.14823857666666668 0.7998764666666667 0.208406 0.6871525633333333 0.157830485 0.6886967266666666
3 0.22 0.33416666666666667 0.18833333333333332 0.1125
3 0.5641666666666667 0.31166666666666665 0.1775 0.12333333333333334
0 0.5491666666666667 0.4475 0.0225 0.13583333333333333
3 0.8125 0.6091666666666666 0.16916666666666666 0.15583333333333332
3 0.6358333333333334 0.8975 0.17666666666666667 0.13
3 0.0875 0.8958333333333334 0.15666666666666668 0.16083333333333333
2 0.5231949766666667 0.6763434216666667 0.5711545166666666 0.693329215 0.6034182066666667 0.6531809766666666 0.6391698633333334 0.6006794316666667 0.5964422733333333 0.546633725 0.548482735 0.5111179733333334 0.50837112 0.5651636816666666 0.48569933666666665 0.62538604 0.5231949766666667 0.6763434216666667
1 0.4726194633333334 0.8400247066666666 0.30432507833333333 0.8400247066666666 0.26770143 0.9759110566666668 0.44297174666666667 0.9867201983333332 0.4726194633333334 0.8400247066666666
1 0.9940704566666667 0.8477455216666666 0.826648065 0.8353922166666666 0.79264039 0.9481161216666667 0.9548308333333334 0.960469425 0.9940704566666667 0.8477455216666666
1 0.3461806766666667 0.5281037683333333 0.13864666833333333 0.5281037683333333 0.11074293666666667 0.697961705 0.2799093133333333 0.6809759116666667 0.3461806766666667 0.5281037683333333
5 0.21833333333333332 0.3325 0.1575 0.06333333333333334
5 0.5608333333333333 0.31583333333333335 0.15583333333333332 0.06916666666666667
5 0.5625 0.09 0.025 0.10333333333333333
5 0.2175 0.12416666666666666 0.023333333333333334 0.035833333333333335
5 0.20833333333333334 0.6083333333333333 0.13916666666666666 0.11416666666666667
5 0.5608333333333333 0.6191666666666666 0.11583333333333333 0.05583333333333333
5 0.5916666666666667 0.44666666666666666 0.03833333333333333 0.08916666666666667
5 0.6816666666666666 0.545 0.03833333333333333 0.08333333333333333
5 0.8141666666666667 0.6258333333333334 0.1325 0.0575
5 0.6441666666666667 0.8883333333333333 0.13833333333333334 0.09083333333333334
5 0.37083333333333335 0.9208333333333333 0.14666666666666667 0.07916666666666666
5 0.08333333333333333 0.9066666666666666 0.14833333333333334 0.0775
5 0.8775 0.8991666666666667 0.10666666666666667 0.10666666666666667