5 0.22083333333333333 0.2791666666666667 0.365 0.15
5 0.215 0.6216666666666667 0.22333333333333333 0.12333333333333334
5 0.7291666666666666 0.6341666666666667 0.27166666666666667 0.16833333333333333
5 0.7675 0.9258333333333333 0.4116666666666667 0.095
5 0.19666666666666666 0.8875 0.22 0.06166666666666667
5 0.25833333333333336 0.8016666666666666 0.06 0.056666666666666664
5 0.4716666666666667 0.5891666666666666 0.06333333333333334 0.065
5 0.20833333333333334 0.075 0.13 0.06333333333333334
3 0.2175 0.275 0.4116666666666667 0.19666666666666666
3 0.7308333333333333 0.63 0.34833333333333333 0.21666666666666667
2 0.323760065 0.6888585433333334 0.37166666666666665 0.6232608766666666 0.37166666666666665 0.6200810333333334 0.2885346216666667 0.54630152 0.19326939333333334 0.485 0.19264297333333333 0.485 0.10636875999999999 0.5538045216666667 0.053027374999999995 0.631835735 0.12247182 0.6918597433333333 0.20835857833333332 0.7633333333333333 0.20987479833333333 0.7633333333333333 0.323760065 0.6888585433333334
4 0.20666666666666667 0.075 0.18333333333333332 0.12666666666666668
4 0.18833333333333332 0.8916666666666667 0.27 0.11
0 0.2025 0.15666666666666668 0.018333333333333333 0.03666666666666667
0 0.19166666666666668 0.42333333333333334 0.03 0.12
0 0.4666666666666667 0.6208333333333333 0.18333333333333332 0.06333333333333334
0 0.43 0.9175 0.2 0.07333333333333333
3 0.7591666666666667 0.9116666666666666 0.4683333333333333 0.13
0 0.20916666666666667 0.8016666666666666 0.018333333333333333 0.06666666666666667