4 0.9541666666666667 0.18333333333333332 0.06833333333333333 0.25333333333333335
4 0.11333333333333333 0.16333333333333333 0.06333333333333334 0.21666666666666667
0 0.835 0.18583333333333332 0.17 0.028333333333333332
0 0.5375 0.17083333333333334 0.14166666666666666 0.058333333333333334
0 0.3975 0.485 0.041666666666666664 0.31666666666666665
0 0.23916666666666667 0.16333333333333333 0.18333333333333332 0.02666666666666667
0 0.23666666666666666 0.795 0.20333333333333334 0.05
0 0.09916666666666667 0.43083333333333335 0.051666666666666666 0.3
3 0.6791666666666667 0.17833333333333334 0.13166666666666665 0.32
3 0.39416666666666667 0.8041666666666667 0.115 0.30833333333333335
3 0.07333333333333333 0.7925 0.12666666666666668 0.37333333333333335
2 0.33166666666666667 0.16795839333333334 0.39809521166666667 0.32166666666666666 0.39891275833333334 0.32166666666666666 0.4600420166666667 0.17061655333333334 0.389513805 0.020701013333333334 0.33166666666666667 0.16471002333333334 0.33166666666666667 0.16795839333333334
5 0.9591666666666666 0.19416666666666665 0.041666666666666664 0.13833333333333334
5 0.6875 0.18083333333333335 0.09833333333333333 0.29333333333333333
5 0.38916666666666666 0.1625 0.055 0.17833333333333334
5 0.4275 0.4683333333333333 0.043333333333333335 0.09333333333333334
5 0.24333333333333335 0.23833333333333334 0.07333333333333333 0.12333333333333334
5 0.11166666666666666 0.175 0.043333333333333335 0.20666666666666667
5 0.0775 0.7941666666666667 0.06333333333333334 0.38
5 0.39 0.81 0.07666666666666666 0.2733333333333333