5 0.4033333333333333 0.059166666666666666 0.3333333333333333 0.08166666666666667
5 0.405 0.25833333333333336 0.4266666666666667 0.06666666666666667
5 0.44333333333333336 0.43416666666666665 0.6633333333333333 0.06166666666666667
5 0.45166666666666666 0.5991666666666666 0.7433333333333333 0.075
5 0.5333333333333333 0.7725 0.8966666666666666 0.06833333333333333
5 0.3283333333333333 0.9525 0.25 0.07833333333333334
0 0.4033333333333333 0.1625 0.11333333333333333 0.10333333333333333
0 0.3641666666666667 0.3541666666666667 0.11333333333333333 0.075
0 0.33166666666666667 0.5166666666666667 0.09666666666666666 0.07666666666666666
0 0.3383333333333333 0.6841666666666667 0.11 0.07166666666666667
0 0.36333333333333334 0.8583333333333333 0.06333333333333334 0.07666666666666666
4 0.3825 0.059166666666666666 0.47833333333333333 0.11833333333333333
4 0.32083333333333336 0.945 0.35333333333333333 0.10333333333333333
3 0.43666666666666665 0.42833333333333334 0.7466666666666667 0.08666666666666667
3 0.44083333333333335 0.5908333333333333 0.8316666666666667 0.09666666666666666
1 0.715 0.2219829633333333 0.17989342333333333 0.22066712666666666 0.09915937166666668 0.31 0.10452964666666667 0.31 0.63427162 0.30524530833333335 0.715 0.22409246166666666 0.715 0.2219829633333333
1 0.109623985 0.725 0.104252905 0.725 0.00046654 0.8048629833333334 0.85904192 0.815 0.9502745866666668 0.815 0.99 0.7366676266666667 0.99 0.7344024916666667 0.109623985 0.725