3 0.9425 0.23916666666666667 0.10833333333333334 0.18
3 0.7058333333333333 0.77 0.19166666666666668 0.4533333333333333
3 0.3516666666666667 0.205 0.11666666666666667 0.18333333333333332
3 0.13833333333333334 0.7683333333333333 0.15 0.2733333333333333
2 0.44349566333333335 0.6283333333333333 0.30333333333333334 0.7566966483333334 0.30333333333333334 0.7591310649999999 0.40449224666666667 0.92751352 0.522097155 0.8060327033333333 0.4705584783333333 0.6346158666666667 0.44794899333333327 0.6283333333333333 0.44349566333333335 0.6283333333333333
0 0.7183333333333334 0.4241666666666667 0.07666666666666666 0.26166666666666666
0 0.5741666666666667 0.8008333333333333 0.12333333333333334 0.065
0 0.345 0.37 0.10333333333333333 0.15666666666666668
0 0.5258333333333334 0.22666666666666666 0.23833333333333334 0.06
0 0.8375 0.12333333333333334 0.295 0.1
0 0.25166666666666665 0.7633333333333333 0.10666666666666667 0.043333333333333335
0 0.16833333333333333 0.38416666666666666 0.30333333333333334 0.385
5 0.6966666666666667 0.7791666666666667 0.11333333333333333 0.39666666666666667
5 0.42083333333333334 0.7758333333333334 0.08166666666666667 0.20833333333333334
5 0.1425 0.7658333333333334 0.09166666666666666 0.23166666666666666
5 0.255 0.7041666666666667 0.08333333333333333 0.06166666666666667
5 0.4075 0.4708333333333333 0.06666666666666667 0.06166666666666667
5 0.75 0.4425 0.06666666666666667 0.07833333333333334
5 0.9475 0.23666666666666666 0.07833333333333334 0.10666666666666667
5 0.8458333333333333 0.020833333333333332 0.09 0.041666666666666664
5 0.7141666666666666 0.2225 0.07166666666666667 0.105
5 0.3541666666666667 0.21333333333333335 0.07666666666666666 0.12666666666666668
2 0.714996055 0.14333333333333334 0.63 0.22707131166666666 0.63 0.22964689166666669 0.71268854 0.30076687 0.8070984466666666 0.22066445 0.7186052516666667 0.14333333333333334 0.714996055 0.14333333333333334