4 0.04416666666666667 0.4558333333333333 0.08833333333333333 0.8666666666666667
4 0.9533333333333334 0.5533333333333333 0.09333333333333334 0.6566666666666666
0 0.1275 0.485 0.09666666666666666 0.3
0 0.37583333333333335 0.44583333333333336 0.10833333333333334 0.18833333333333332
0 0.6308333333333334 0.5191666666666667 0.075 0.26
0 0.8725 0.5991666666666666 0.07333333333333333 0.21
3 0.5008333333333334 0.49583333333333335 0.205 0.8683333333333333
5 0.25 0.5183333333333333 0.12333333333333334 0.29
5 0.5033333333333333 0.5308333333333334 0.14666666666666667 0.36
5 0.7491666666666666 0.5575 0.13166666666666665 0.335
1 0.8566666666666667 0.9177056333333333 0.8067962966666667 0.15 0.8029422966666666 0.15 0.645587595 0.20888425166666666 0.6868558633333334 0.9370562583333333 0.6888311783333333 0.9433545066666666 0.8566666666666667 0.9324541866666668 0.8566666666666667 0.9177056333333333
1 0.3566666666666667 0.8929527116666666 0.30907481166666667 0.17166666666666666 0.28464509833333335 0.17166666666666666 0.141627545 0.1763497 0.195368785 0.84836725 0.19254337 0.8669708233333334 0.3566666666666667 0.910507025 0.3566666666666667 0.8929527116666666