4 0.37666666666666665 0.06 0.05333333333333334 0.09916666666666667
4 0.6658333333333334 0.049166666666666664 0.045 0.085
3 0.36666666666666664 0.2841666666666667 0.17 0.1325
3 0.9191666666666667 0.5108333333333334 0.1175 0.175
3 0.7266387733333334 0.17085427166666667 0.547419805 0.20674802666666667 0.555090655 0.30581478833333336 0.7308228733333333 0.277099785 0.7266387733333334 0.17085427166666667
3 0.16178521666666665 0.8097631016666667 0.007670849999999999 0.8040201 0.017433751666666667 0.9877961233333333 0.17015341666666667 0.9519023683333334 0.16178521666666665 0.8097631016666667
3 0.7301255233333334 0.8040201 0.546025105 0.8155061016666666 0.5655509066666666 0.9720028716666667 0.7357043233333334 0.9533381200000001 0.7301255233333334 0.8040201
2 0.6617852166666667 0.43646805499999997 0.60460251 0.5412778183333333 0.6729428166666667 0.6231155783333333 0.742677825 0.4895908116666666 0.6617852166666667 0.43646805499999997
1 0.4776847983333333 0.47523331 0.27615062833333337 0.4953338116666667 0.251743375 0.6231155783333333 0.4337517433333333 0.6116295766666667 0.4776847983333333 0.47523331
1 0.49860530000000003 0.8269921033333334 0.29149232833333333 0.8356066050000001 0.2629009766666667 0.9748743716666667 0.45327754499999995 0.9691313716666667 0.49860530000000003 0.8269921033333334
1 0.857740585 0.8083273516666667 0.80753138 0.9303661166666666 0.948396095 0.9145728650000001 0.99511855 0.8025843500000001 0.857740585 0.8083273516666667
5 0.3525 0.2875 0.13416666666666666 0.04583333333333333
5 0.6441666666666667 0.23583333333333334 0.15416666666666667 0.05583333333333333
5 0.92 0.5041666666666667 0.10083333333333333 0.07166666666666667
5 0.6683333333333333 0.5175 0.095 0.05333333333333334
5 0.35583333333333333 0.5541666666666667 0.14083333333333334 0.0975
5 0.6383333333333333 0.8683333333333333 0.16166666666666665 0.09166666666666666
5 0.9016666666666666 0.8666666666666667 0.09666666666666666 0.09333333333333334
5 0.38416666666666666 0.8941666666666667 0.15416666666666667 0.0875
5 0.0875 0.8783333333333333 0.1275 0.06
5 0.8016666666666666 0.4691666666666667 0.030833333333333334 0.05416666666666667
0 0.6791666666666667 0.37416666666666665 0.04083333333333333 0.059166666666666666
0 0.37083333333333335 0.17333333333333334 0.02 0.1175
0 0.6508333333333334 0.12916666666666668 0.029166666666666667 0.0975
0 0.6475 0.37083333333333335 0.03166666666666667 0.13333333333333333
0 0.37083333333333335 0.415 0.034166666666666665 0.135
0 0.535 0.5316666666666666 0.14416666666666667 0.0475
0 0.8008333333333333 0.505 0.11166666666666666 0.0675
0 0.92 0.6958333333333333 0.02666666666666667 0.21083333333333334
0 0.5208333333333334 0.8925 0.06666666666666667 0.03916666666666667
0 0.7816666666666666 0.8733333333333333 0.0875 0.04416666666666667
0 0.22833333333333333 0.9075 0.11416666666666667 0.06333333333333334
0 0.3200836816666667 0.6130653266666667 0.08786610833333333 0.7796123466666667 0.153417015 0.79971285 0.345885635 0.6503948316666667 0.3200836816666667 0.6130653266666667