5 0.6383333333333333 0.9625 0.10333333333333333 0.06666666666666667
5 0.6325 0.8266666666666667 0.155 0.07
5 0.6383333333333333 0.7091666666666666 0.17666666666666667 0.08
5 0.6591666666666667 0.4608333333333333 0.21166666666666667 0.07333333333333333
5 0.48583333333333334 0.4825 0.055 0.04833333333333333
5 0.18 0.44666666666666666 0.2866666666666667 0.1
5 0.21833333333333332 0.22333333333333333 0.11 0.06666666666666667
5 0.6366666666666667 0.315 0.056666666666666664 0.043333333333333335
5 0.6733333333333333 0.1475 0.32 0.11166666666666666
0 0.6366666666666667 0.8941666666666667 0.02 0.04666666666666667
0 0.6425 0.7658333333333334 0.03166666666666667 0.04833333333333333
0 0.6566666666666666 0.6 0.03666666666666667 0.10666666666666667
0 0.6816666666666666 0.2758333333333333 0.03 0.115
0 0.2075 0.30833333333333335 0.025 0.11666666666666667
4 0.6358333333333334 0.9566666666666667 0.14833333333333334 0.08666666666666667
4 0.22 0.21 0.18 0.09
3 0.6408333333333334 0.7033333333333334 0.235 0.11333333333333333
3 0.6666666666666666 0.1575 0.39 0.15166666666666667
1 0.5016666666666667 0.8775932000000001 0.7244255716666667 0.8617056166666667 0.7539819083333333 0.7883333333333333 0.6296407300000001 0.7883333333333333 0.5519881950000001 0.7895595283333333 0.5016666666666667 0.8769670466666668 0.5016666666666667 0.8775932000000001
1 0.005 0.5154895233333334 0.33708093 0.5311751466666667 0.40580867833333334 0.388886185 0.06667754833333334 0.37333333333333335 0.05651358833333333 0.37333333333333335 0.005 0.5088832400000001 0.005 0.5154895233333334
2 0.5416666666666666 0.4419434316666667 0.5416666666666666 0.44656286500000003 0.5948752866666667 0.5205007616666667 0.6656199783333333 0.55550914 0.8091871366666668 0.47246777 0.6772842083333334 0.335 0.6732806966666667 0.335 0.5416666666666666 0.4419434316666667
0 0.8056302750000001 0.4876889383333333 0.9926703450000001 0.48388243 0.9926703450000001 0.006666666666666667 0.8467656716666666 0.006666666666666667 0.685 0.008344156666666666 0.685 0.08200636500000001 0.7023123666666667 0.08200636500000001 0.7023123666666667 0.024366798333333335 0.9661693800000001 0.04037779666666667 0.9776915233333333 0.448658285 0.807163855 0.45506264666666674 0.8056302750000001 0.4876889383333333
0 0.5361586566666667 0.4700553433333333 0.538580475 0.43333333333333335 0.505548845 0.43333333333333335 0.37 0.4346146516666667 0.37 0.4746281516666666 0.5361586566666667 0.4700553433333333