4 0.94 0.37666666666666665 0.1 0.05333333333333334
4 0.9508333333333333 0.6658333333333334 0.085 0.045
3 0.7158333333333333 0.36666666666666664 0.13166666666666665 0.17
3 0.4891666666666667 0.9191666666666667 0.175 0.11833333333333333
3 0.8283333333333334 0.7274587266666667 0.8283333333333334 0.7233764333333333 0.7932507766666667 0.5482078116666667 0.695 0.5558154783333333 0.695 0.5608723866666667 0.7226357983333334 0.73 0.7638035533333333 0.73 0.8283333333333334 0.7274587266666667
3 0.19016212000000002 0.1615306833333333 0.19590512166666668 0.007416316666666667 0.012129098333333335 0.017179218333333336 0.047654901666666666 0.16833333333333333 0.07461472833333332 0.16833333333333333 0.19016212000000002 0.1615306833333333
3 0.04606969166666667 0.735 0.06584172666666666 0.735 0.19546841333333334 0.730156905 0.18402048166666668 0.5466666666666666 0.1790919 0.5466666666666666 0.028333333333333332 0.5654765233333333 0.028333333333333332 0.5733100966666667 0.04606969166666667 0.735
2 0.5109356516666667 0.7416666666666667 0.5637401283333333 0.6612587166666667 0.458930365 0.60407601 0.37833333333333335 0.6713802233333332 0.37833333333333335 0.673064305 0.5096893716666667 0.7416666666666667 0.5109356516666667 0.7416666666666667
1 0.5046584116666667 0.27586471500000004 0.376876645 0.2514574616666667 0.388362645 0.43346583 0.5224856383333333 0.4766666666666667 0.5246858816666666 0.4766666666666667 0.5046584116666667 0.27586471500000004
1 0.16429349 0.2914121333333334 0.025025723333333336 0.26282078166666667 0.030768723333333334 0.45319735 0.16708028 0.49666666666666665 0.1728306933333333 0.49666666666666665 0.16429349 0.2914121333333334
1 0.19754673833333333 0.9933333333333333 0.19186408166666666 0.8573988833333334 0.07166666666666667 0.8079472466666666 0.07166666666666667 0.8236132266666667 0.08561856833333334 0.9480543933333333 0.19414713833333333 0.9933333333333333 0.19754673833333333 0.9933333333333333
5 0.7125 0.3525 0.045 0.135
5 0.7641666666666667 0.6441666666666667 0.055 0.155
5 0.49583333333333335 0.92 0.07166666666666667 0.1
5 0.4825 0.6683333333333333 0.05333333333333334 0.09666666666666666
5 0.44583333333333336 0.35583333333333333 0.09833333333333333 0.14166666666666666
5 0.13166666666666665 0.6383333333333333 0.09 0.16333333333333333
5 0.13333333333333333 0.9016666666666666 0.09333333333333334 0.09666666666666666
5 0.10583333333333333 0.38416666666666666 0.08833333333333333 0.155
5 0.12166666666666667 0.0875 0.06 0.12833333333333333
5 0.5308333333333334 0.8016666666666666 0.055 0.03
0 0.6258333333333334 0.6791666666666667 0.058333333333333334 0.041666666666666664
0 0.8266666666666667 0.37083333333333335 0.11666666666666667 0.02
0 0.8708333333333333 0.6508333333333334 0.09833333333333333 0.028333333333333332
0 0.6291666666666667 0.6475 0.13333333333333333 0.03166666666666667
0 0.585 0.37083333333333335 0.13666666666666666 0.035
0 0.4683333333333333 0.535 0.04666666666666667 0.14333333333333334
0 0.495 0.8008333333333333 0.06666666666666667 0.11166666666666666
0 0.30416666666666664 0.92 0.21166666666666667 0.02666666666666667
0 0.1075 0.5208333333333334 0.03833333333333333 0.06666666666666667
0 0.12666666666666668 0.7816666666666666 0.043333333333333335 0.08666666666666667
0 0.0925 0.22833333333333333 0.06333333333333334 0.11333333333333333
0 0.35026108666666667 0.345 0.3872122516666667 0.31945955333333337 0.22066523166666666 0.08724198 0.20166666666666666 0.14919929166666668 0.20166666666666666 0.15421326833333335 0.3496798683333333 0.345 0.35026108666666667 0.345