5 0.9433333333333334 0.4775 0.06333333333333334 0.195
5 0.785 0.45916666666666667 0.06333333333333334 0.295
5 0.6191666666666666 0.4216666666666667 0.07166666666666667 0.52
5 0.445 0.4325 0.07666666666666666 0.535
5 0.245 0.5066666666666667 0.09666666666666666 0.7533333333333333
5 0.065 0.3625 0.08 0.17166666666666666
0 0.8625 0.49 0.058333333333333334 0.06
0 0.7016666666666667 0.4275 0.06666666666666667 0.06166666666666667
0 0.5325 0.42333333333333334 0.085 0.05
0 0.3525 0.435 0.07 0.04666666666666667
0 0.14 0.4075 0.08 0.07166666666666667
4 0.9366666666666666 0.49 0.10666666666666667 0.29
4 0.0575 0.36333333333333334 0.10833333333333334 0.31666666666666665
3 0.6241666666666666 0.41833333333333333 0.13166666666666665 0.6066666666666667
3 0.4425 0.41083333333333333 0.12833333333333333 0.6716666666666666
1 0.8272318233333333 0.7283333333333334 0.8276858866666666 0.7283333333333334 0.839382635 0.29550415999999996 0.74121236 0.19602375666666666 0.73000465 0.6121023916666667 0.8272318233333333 0.7283333333333334
1 0.20354164833333332 0.010608378333333335 0.15 0.6328082683333333 0.15 0.6642989083333333 0.15550865666666666 0.7939401866666667 0.27794068666666666 0.99 0.27909429333333335 0.99 0.309214205 0.8533800616666667 0.33147812000000004 0.07715477833333334 0.22435587166666665 0.010608378333333335 0.20354164833333332 0.010608378333333335