4 0.5991666666666666 0.045 0.25166666666666665 0.06583333333333333
3 0.5182072833333333 0.14847030666666666 0.44817927166666666 0.2144571083333333 0.6582633050000001 0.2144571083333333 0.7236227816666667 0.15146970666666665 0.5182072833333333 0.14847030666666666
3 0.07936508 0.4634073183333334 0.035014005 0.5353929216666666 0.263772175 0.5233953216666667 0.32212885166666666 0.45590881833333335 0.07936508 0.4634073183333334
2 0.5695611583333333 0.3194361133333333 0.485527545 0.356928615 0.571895425 0.40041991666666665 0.6582633050000001 0.359928015 0.5695611583333333 0.3194361133333333
3 0.17166666666666666 0.6925 0.30583333333333335 0.07833333333333334
3 0.8766666666666667 0.67 0.22666666666666666 0.07833333333333334
0 0.32416666666666666 0.4025 0.33166666666666667 0.10083333333333333
0 0.7783333333333333 0.4825 0.24083333333333334 0.29583333333333334
0 0.2475 0.8683333333333333 0.2708333333333333 0.24333333333333335
0 0.7666666666666667 0.8508333333333333 0.36666666666666664 0.27416666666666667
0 0.16833333333333333 0.5891666666666666 0.051666666666666666 0.11666666666666667
0 0.5741666666666667 0.27 0.0325 0.10166666666666667
0 0.5916666666666667 0.10833333333333334 0.035 0.075
4 0.48 0.9633333333333334 0.18416666666666667 0.04666666666666667
5 0.16583333333333333 0.6941666666666667 0.20083333333333334 0.04833333333333333
5 0.8908333333333334 0.675 0.15666666666666668 0.04833333333333333
5 0.5858333333333333 0.03333333333333333 0.1075 0.034166666666666665
5 0.5866666666666667 0.18166666666666667 0.15166666666666667 0.03916666666666667
5 0.5683333333333334 0.3641666666666667 0.11916666666666667 0.035833333333333335
5 0.18666666666666668 0.49083333333333334 0.15416666666666667 0.049166666666666664
5 0.2991666666666667 0.33666666666666667 0.12583333333333332 0.043333333333333335
5 0.48 0.9616666666666667 0.105 0.03166666666666667
5 0.945 0.47833333333333333 0.08833333333333333 0.03916666666666667