0 0.9066666666666666 0.6491666666666667 0.06666666666666667 0.035
0 0.6425 0.6366666666666667 0.14166666666666666 0.02666666666666667
0 0.5591666666666667 0.29833333333333334 0.535 0.43666666666666665
0 0.37333333333333335 0.33666666666666667 0.31666666666666665 0.31666666666666665
0 0.1375 0.28583333333333333 0.135 0.355
0 0.30333333333333334 0.6116666666666667 0.15666666666666668 0.02666666666666667
0 0.165 0.8475 0.14333333333333334 0.19333333333333333
0 0.21833333333333332 0.9283333333333333 0.013333333333333334 0.04
0 0.19166666666666668 0.1225 0.04 0.043333333333333335
0 0.30333333333333334 0.1125 0.03333333333333333 0.043333333333333335
0 0.2633333333333333 0.19333333333333333 0.043333333333333335 0.02
2 0.8 0.6408333333333334 0.14333333333333334 0.23166666666666666
4 0.9608333333333333 0.65 0.055 0.15
2 0.1125 0.6041666666666666 0.22166666666666668 0.2816666666666667
4 0.26166666666666666 0.9133333333333333 0.056666666666666664 0.15
5 0.4825 0.6058333333333333 0.07833333333333334 0.18166666666666667
2 0.47833333333333333 0.6233333333333333 0.19 0.26666666666666666
5 0.25583333333333336 0.09666666666666666 0.051666666666666666 0.10666666666666667
5 0.10916666666666666 0.6041666666666666 0.08 0.21833333333333332
5 0.10666666666666667 0.84 0.05 0.056666666666666664
5 0.31416666666666665 0.58 0.058333333333333334 0.05333333333333334
5 0.7975 0.635 0.08 0.14
5 0.96 0.6425 0.056666666666666664 0.08
5 0.37666666666666665 0.315 0.05 0.043333333333333335
5 0.6091666666666666 0.0475 0.07166666666666667 0.05
5 0.14416666666666667 0.30666666666666664 0.041666666666666664 0.06
5 0.26166666666666666 0.9083333333333333 0.043333333333333335 0.12666666666666668