5 0.36 0.03916666666666667 0.20333333333333334 0.058333333333333334
5 0.4 0.18916666666666668 0.24333333333333335 0.06583333333333333
5 0.4058333333333333 0.3458333333333333 0.23916666666666667 0.09833333333333333
5 0.385 0.5116666666666667 0.3075 0.06333333333333334
5 0.82 0.5033333333333333 0.21083333333333334 0.06166666666666667
5 0.4533333333333333 0.6758333333333333 0.15833333333333333 0.0625
5 0.18 0.82 0.23833333333333334 0.04666666666666667
5 0.17583333333333334 0.9458333333333333 0.22916666666666666 0.07583333333333334
0 0.37833333333333335 0.11083333333333334 0.0575 0.07583333333333334
0 0.365 0.2625 0.04833333333333333 0.07583333333333334
0 0.38416666666666666 0.43 0.06833333333333333 0.07583333333333334
0 0.6333333333333333 0.5025 0.15 0.04083333333333333
0 0.15 0.87 0.056666666666666664 0.06416666666666666
4 0.36666666666666664 0.0425 0.31416666666666665 0.08416666666666667
4 0.1825 0.9483333333333334 0.3566666666666667 0.1025
3 0.4041666666666667 0.3466666666666667 0.31333333333333335 0.1325
3 0.3858333333333333 0.51 0.35333333333333333 0.09916666666666667
3 0.8425 0.49166666666666664 0.29833333333333334 0.07833333333333334
1 0.5674520999999999 0.14366876 0.31107442 0.15636872833333332 0.23334973666666664 0.23167641833333336 0.48172846 0.21727514166666664 0.5674520999999999 0.14366876
1 0.34105378999999997 0.774123585 0.06924974333333334 0.7962407533333333 0.00255541 0.8733322916666666 0.26851853000000003 0.8445297366666668 0.34105378999999997 0.774123585
2 0.41824672 0.6302739466666667 0.2948949583333333 0.6973169133333333 0.486124475 0.73251999 0.5806403133333333 0.65571344 0.41824672 0.6302739466666667
0 0.840009075 0.54050328 0.77846419 0.53410276 0.8004446016666666 0.6317113516666667 0.5886231983333333 0.6462707466666667 0.5784423066666666 0.6589136083333333 0.83341522 0.6621139 0.840009075 0.54050328
0 0.18059688166666668 0.7309198733333333 0.28830076666666665 0.6973169133333333 0.13663605833333334 0.7117183133333334 0.14323008166666668 0.7965255583333334 0.18499289833333332 0.7885248633333333 0.18059688166666668 0.7309198733333333
5 0.6741666666666667 0.6191666666666666 0.045 0.0375
5 0.22916666666666666 0.66 0.03916666666666667 0.035833333333333335