5 0.49166666666666664 0.12 0.6275 0.04
5 0.4066666666666667 0.2175 0.31 0.04083333333333333
5 0.43 0.3983333333333333 0.2925 0.0725
5 0.5416666666666666 0.53 0.5158333333333334 0.09083333333333334
5 0.06666666666666667 0.6258333333333334 0.10166666666666667 0.04666666666666667
5 0.9591666666666666 0.32916666666666666 0.08166666666666667 0.0325
5 0.4683333333333333 0.32 0.08916666666666667 0.04666666666666667
5 0.5425 0.6691666666666667 0.4116666666666667 0.056666666666666664
5 0.6158333333333333 0.7941666666666667 0.5133333333333333 0.0625
5 0.6375 0.895 0.09583333333333334 0.056666666666666664
0 0.37583333333333335 0.15416666666666667 0.09333333333333334 0.04833333333333333
0 0.41833333333333333 0.3358333333333333 0.05 0.08583333333333333
0 0.42 0.4708333333333333 0.04666666666666667 0.06
0 0.4475 0.6133333333333333 0.06416666666666666 0.06166666666666667
0 0.495 0.7275 0.06666666666666667 0.0575
0 0.5683333333333334 0.8983333333333333 0.06416666666666666 0.06833333333333333
4 0.3233333333333333 0.03 0.13833333333333334 0.06
4 0.5683333333333334 0.9641666666666666 0.13083333333333333 0.06583333333333333
3 0.42583333333333334 0.395 0.3375 0.08916666666666667
3 0.5466666666666666 0.535 0.555 0.09666666666666666
2 0.3518308116666667 0.16446578833333333 0.17483679666666668 0.22981468000000002 0.42847536166666667 0.2935048883333333 0.6398407966666666 0.21184882833333332 0.3518308116666667 0.16446578833333333
2 0.47980687666666666 0.7514194416666667 0.28388064166666666 0.8167266916666667 0.5643531416666666 0.8779063433333333 0.9538692583333334 0.7818403616666667 0.47980687666666666 0.7514194416666667
0 0.911596355 0.5064511983333333 0.8119525583333334 0.50164785 0.7998744883333333 0.5432764800000001 0.9387717266666668 0.5432764800000001 0.9417914183333332 0.19904004166666667 0.6311815083333333 0.19847939333333334 0.6217238066666667 0.22305653833333333 0.9025377450000001 0.21985432666666668 0.911596355 0.5064511983333333
0 0.29863650333333336 0.8074579316666667 0.13558312333333333 0.81226128 0.12954420333333333 0.24226974666666667 0.17785625666666666 0.24066860999999998 0.18195538666666666 0.21048419499999999 0.07519299833333334 0.21665211499999998 0.11142721166666665 0.8330755033333334 0.29863650333333336 0.82346893 0.29863650333333336 0.8074579316666667
0 0.33 0.07416666666666667 0.04 0.028333333333333332