5 0.5041666666666667 0.9266666666666666 0.15 0.07333333333333333
5 0.48083333333333333 0.7683333333333333 0.18833333333333332 0.07
5 0.46416666666666667 0.64 0.17166666666666666 0.08666666666666667
5 0.49583333333333335 0.5033333333333333 0.21 0.08
5 0.8666666666666667 0.5016666666666667 0.16 0.06
5 0.715 0.365 0.043333333333333335 0.04
5 0.49 0.3416666666666667 0.14333333333333334 0.05
5 0.16833333333333333 0.215 0.20333333333333334 0.056666666666666664
5 0.16833333333333333 0.059166666666666666 0.15 0.06833333333333333
0 0.495 0.8491666666666666 0.04666666666666667 0.055
0 0.485 0.7141666666666666 0.03333333333333333 0.045
0 0.4775 0.5658333333333333 0.03833333333333333 0.055
0 0.4791666666666667 0.425 0.055 0.05333333333333334
0 0.19083333333333333 0.13416666666666666 0.06833333333333333 0.065
0 0.6691666666666667 0.5141666666666667 0.165 0.055
4 0.49333333333333335 0.9341666666666667 0.22666666666666666 0.11833333333333333
4 0.17916666666666667 0.05583333333333333 0.22166666666666668 0.09833333333333333
3 0.4841666666666667 0.6433333333333333 0.24666666666666667 0.1
3 0.48583333333333334 0.49916666666666665 0.22 0.10833333333333334
3 0.8716666666666667 0.5075 0.22666666666666666 0.115
1 0.64 0.8206464333333333 0.5880826766666667 0.7316666666666667 0.5454215416666667 0.7316666666666667 0.345 0.7329871833333333 0.345 0.73338038 0.388860375 0.8051942683333333 0.64 0.8210853083333334 0.64 0.8206464333333333
1 0.32666666666666666 0.2800467366666667 0.28054932833333335 0.17378740333333334 0.018298748333333333 0.15833333333333333 0.009139758333333333 0.15833333333333333 0.084825885 0.2525597866666667 0.32666666666666666 0.2825831733333333 0.32666666666666666 0.2800467366666667
2 0.47368475 0.39666666666666667 0.5966666666666667 0.34432076166666664 0.5966666666666667 0.34323448666666667 0.48258644333333334 0.28833333333333333 0.48004397000000004 0.28833333333333333 0.35808326166666665 0.34381093 0.47259076833333336 0.39666666666666667 0.47368475 0.39666666666666667
5 0.2833333333333333 0.375 0.02666666666666667 0.03333333333333333
0 0.26 0.30916666666666665 0.20333333333333334 0.08833333333333333
0 0.7408333333333333 0.38416666666666666 0.29833333333333334 0.12166666666666667