2 0.51835824 0.9833333333333333 0.5987294933333334 0.8570922 0.5011904766666667 0.733611955 0.43333333333333335 0.8662033083333334 0.43333333333333335 0.8700761199999999 0.516930545 0.9833333333333333 0.51835824 0.9833333333333333
0 0.7258333333333333 0.8425 0.245 0.035
0 0.5058333333333334 0.5458333333333333 0.043333333333333335 0.405
0 0.375 0.18333333333333332 0.12666666666666668 0.05333333333333334
0 0.11833333333333333 0.4575 0.14666666666666667 0.6233333333333333
0 0.2791666666666667 0.8708333333333333 0.31333333333333335 0.055
4 0.9175 0.8533333333333334 0.13166666666666665 0.17
4 0.06666666666666667 0.8575 0.12666666666666668 0.165
3 0.49166666666666664 0.1825 0.10666666666666667 0.34833333333333333
3 0.25583333333333336 0.17166666666666666 0.125 0.30333333333333334
5 0.5008333333333334 0.17916666666666667 0.06833333333333333 0.165
5 0.25083333333333335 0.1575 0.09833333333333333 0.155
5 0.32666666666666666 0.9358333333333333 0.06 0.10833333333333334
5 0.5133333333333333 0.8675 0.07 0.155