2 0.35 0.5087167783333334 0.35 0.50971313 0.46332565499999995 0.5541032716666667 0.4590917 0.55748845 0.5777780383333334 0.4996649066666667 0.44862906 0.4666666666666667 0.43539335500000004 0.4666666666666667 0.35 0.5087167783333334
1 0.31666666666666665 0.8564585033333333 0.31666666666666665 0.8578148833333333 0.4975933783333333 0.8578148833333333 0.5050724733333333 0.857105845 0.5496172616666667 0.7969720416666667 0.43908722333333333 0.795 0.36908554666666665 0.795 0.31666666666666665 0.8564585033333333
1 0.011666666666666667 0.20778465833333334 0.011666666666666667 0.20913765 0.2189290366666667 0.2155165433333333 0.221808995 0.21860444666666667 0.2579469466666667 0.14826923 0.08330181166666667 0.14 0.05421418833333333 0.14 0.011666666666666667 0.20778465833333334
4 0.41833333333333333 0.9625 0.12333333333333334 0.06666666666666667
4 0.14083333333333334 0.035 0.09833333333333333 0.07
0 0.42333333333333334 0.9033333333333333 0.06 0.09333333333333334
0 0.4425 0.7533333333333333 0.04666666666666667 0.09333333333333334
0 0.43833333333333335 0.5866666666666667 0.05 0.08666666666666667
0 0.20416666666666666 0.36833333333333335 0.2966666666666667 0.33
0 0.13833333333333334 0.10083333333333333 0.06333333333333334 0.085
0 0.6741666666666667 0.3325 0.48833333333333334 0.13
0 0.7208333333333333 0.49 0.375 0.06666666666666667
0 0.4625 0.42583333333333334 0.045 0.095
3 0.44416666666666665 0.665 0.25166666666666665 0.1
3 0.8825 0.4191666666666667 0.235 0.08
3 0.435 0.355 0.3433333333333333 0.07666666666666666
5 0.4375 0.8258333333333333 0.115 0.04
5 0.4508333333333333 0.685 0.17166666666666666 0.03333333333333333
5 0.44083333333333335 0.65 0.095 0.02666666666666667
5 0.4583333333333333 0.5125 0.09333333333333334 0.041666666666666664
5 0.24916666666666668 0.5266666666666666 0.095 0.03666666666666667
5 0.42 0.435 0.05333333333333334 0.04
5 0.89 0.42083333333333334 0.11333333333333333 0.03833333333333333
5 0.445 0.3541666666666667 0.30333333333333334 0.03833333333333333
5 0.12 0.18083333333333335 0.16666666666666666 0.03833333333333333