4 0.17 0.04833333333333333 0.17916666666666667 0.09416666666666666
3 0.15416666666666667 0.4891666666666667 0.21583333333333332 0.12416666666666666
3 0.5241666666666667 0.47333333333333333 0.21416666666666667 0.1525
3 0.8975 0.7733333333333333 0.205 0.12916666666666668
1 0.08351096166666667 0.20808322999999998 0.021933906666666666 0.32152128333333335 0.2137641733333333 0.319519215 0.286588735 0.20540481666666668 0.08351096166666667 0.20808322999999998
2 0.5286069116666667 0.7032813083333334 0.45532826666666665 0.7719728583333333 0.537033805 0.8400411583333334 0.62051544 0.7719728583333333 0.5286069116666667 0.7032813083333334
1 0.059523755 0.6912765066666666 0.0023956933333333335 0.8060069166666667 0.21731669333333334 0.8200210266666667 0.27770759500000003 0.6978985383333334 0.059523755 0.6912765066666666
5 0.17333333333333334 0.0425 0.11583333333333333 0.07
5 0.15333333333333332 0.25666666666666665 0.135 0.09
5 0.14416666666666667 0.48083333333333333 0.12583333333333332 0.08916666666666667
5 0.5116666666666667 0.47333333333333333 0.12583333333333332 0.08083333333333333
5 0.9033333333333333 0.7708333333333334 0.1375 0.075
5 0.5391666666666667 0.7716666666666666 0.10583333333333333 0.065
5 0.6875 0.735 0.06166666666666667 0.075
5 0.3541666666666667 0.7375 0.0675 0.05
5 0.14416666666666667 0.9566666666666667 0.10416666666666667 0.05583333333333333
0 0.1525 0.36666666666666664 0.0475 0.13083333333333333
0 0.165 0.1375 0.06166666666666667 0.135
0 0.33666666666666667 0.48583333333333334 0.14916666666666667 0.06833333333333333
0 0.7825 0.5725 0.32666666666666666 0.2783333333333333
0 0.365 0.7725 0.195 0.0475
0 0.1225 0.8675 0.0575 0.10083333333333333
0 0.5233333333333333 0.6141666666666666 0.0525 0.1825