5 0.12 0.051666666666666666 0.14833333333333334 0.07416666666666667
5 0.18583333333333332 0.2758333333333333 0.2833333333333333 0.15083333333333335
5 0.5058333333333334 0.52 0.09583333333333334 0.07916666666666666
5 0.8158333333333333 0.5775 0.26916666666666667 0.18916666666666668
5 0.185 0.58 0.16916666666666666 0.11583333333333333
5 0.2725 0.7433333333333333 0.09083333333333334 0.06166666666666667
5 0.1775 0.8975 0.21666666666666667 0.0775
5 0.8266666666666667 0.9191666666666667 0.3075 0.08166666666666667
0 0.14833333333333334 0.14 0.05 0.08666666666666667
0 0.16083333333333333 0.4175 0.04666666666666667 0.1175
0 0.19416666666666665 0.7641666666666667 0.050833333333333335 0.12666666666666668
0 0.4925 0.5766666666666667 0.3525 0.05583333333333333
0 0.8258333333333333 0.7533333333333333 0.056666666666666664 0.14083333333333334
0 0.5058333333333334 0.8866666666666667 0.32 0.06333333333333334
4 0.14333333333333334 0.06 0.28 0.12
3 0.19666666666666666 0.26416666666666666 0.32916666666666666 0.1875
3 0.8191666666666667 0.5858333333333333 0.3425 0.23916666666666667
3 0.8233333333333334 0.9041666666666667 0.35083333333333333 0.1875
3 0.19333333333333333 0.89 0.30583333333333335 0.12666666666666668
2 0.15855180333333335 0.46658663666666667 0.048543144999999996 0.5964665383333334 0.19833528166666667 0.6989368816666667 0.3331481783333333 0.570848905 0.15855180333333335 0.46658663666666667