4 0.035833333333333335 0.8575 0.051666666666666666 0.11333333333333333
4 0.8033333333333333 0.0675 0.06 0.12166666666666667
0 0.14 0.8583333333333333 0.14333333333333334 0.03333333333333333
0 0.33 0.8725 0.09666666666666666 0.028333333333333332
0 0.5025 0.8716666666666667 0.115 0.03
0 0.6083333333333333 0.7 0.04 0.17333333333333334
0 0.6758333333333333 0.22 0.17833333333333334 0.37333333333333335
0 0.7 0.8691666666666666 0.08666666666666667 0.03833333333333333
0 0.8716666666666667 0.8641666666666666 0.11666666666666667 0.03833333333333333
0 0.7816666666666666 0.7066666666666667 0.03333333333333333 0.17333333333333334
0 0.8008333333333333 0.25583333333333336 0.041666666666666664 0.21833333333333332
0 0.9608333333333333 0.6008333333333333 0.028333333333333332 0.30333333333333334
0 0.9025 0.1125 0.13166666666666665 0.19
1 0.207157335 0.7666666666666667 0.20566136833333334 0.9336607149999999 0.26864877000000004 0.9745833333333334 0.27 0.8170422016666666 0.27 0.7996532216666666 0.20794491166666668 0.7666666666666667 0.207157335 0.7666666666666667
1 0.5522217150000001 0.4 0.5566861616666667 0.5735044650000001 0.64 0.6122556283333334 0.64 0.5361856416666667 0.639169665 0.44143601166666663 0.5549251199999999 0.4 0.5522217150000001 0.4
1 0.74484763 0.34 0.7403604283333333 0.5644791666666666 0.8303424316666667 0.6295833333333334 0.8383333333333334 0.44622364333333336 0.8383333333333334 0.422217705 0.745531395 0.34 0.74484763 0.34
1 0.9147935416666667 0.42385416666666664 0.985 0.4583229316666667 0.985 0.24888481666666668 0.9206299783333333 0.22166666666666668 0.9192800933333333 0.22166666666666668 0.9147935416666667 0.42385416666666664
1 0.9284935216666665 0.745 0.9344551083333332 0.96313244 0.985 0.99079077 0.985 0.97098418 0.9809458116666667 0.78828125 0.9300572383333334 0.745 0.9284935216666665 0.745
2 0.6011649216666667 0.7866666666666666 0.6004495766666667 0.7866666666666666 0.557267545 0.8697767850000001 0.6064543916666667 0.9566666666666667 0.60699398 0.9566666666666667 0.65 0.859180395 0.65 0.8582511466666667 0.6011649216666667 0.7866666666666666
2 0.78288205 0.7816666666666666 0.7486102783333333 0.8703794633333333 0.78010398 0.9429241066666666 0.8183333333333334 0.8535614616666667 0.8183333333333334 0.8502801516666667 0.7833951116666666 0.7816666666666666 0.78288205 0.7816666666666666
5 0.0425 0.8508333333333333 0.035 0.08833333333333333
5 0.23416666666666666 0.8691666666666666 0.035 0.125
5 0.4091666666666667 0.8633333333333333 0.051666666666666666 0.18666666666666668
5 0.5991666666666666 0.8658333333333333 0.035 0.09666666666666666
5 0.6008333333333333 0.5225 0.04833333333333333 0.125
5 0.585 0.7141666666666666 0.03333333333333333 0.10166666666666667
5 0.7633333333333333 0.7225 0.03333333333333333 0.08166666666666667
5 0.7766666666666666 0.8541666666666666 0.03666666666666667 0.065
5 0.785 0.49666666666666665 0.05 0.17333333333333334
5 0.8 0.06833333333333333 0.03666666666666667 0.07
5 0.95 0.3375 0.05333333333333334 0.175
5 0.9616666666666667 0.8683333333333333 0.043333333333333335 0.19
5 0.8708333333333333 0.8125 0.041666666666666664 0.07166666666666667
5 0.6775 0.83 0.03833333333333333 0.05333333333333334