4 0.07666666666666666 0.4925 0.14666666666666667 0.16583333333333333
1 0.31666666666666665 0.4575 0.22416666666666665 0.24083333333333334
5 0.07083333333333333 0.4866666666666667 0.08916666666666667 0.09583333333333334
5 0.31916666666666665 0.4816666666666667 0.15666666666666668 0.10666666666666667
0 0.4708333333333333 0.47 0.085 0.08833333333333333
0 0.19 0.47 0.06 0.0725
2 0.59 0.46166666666666667 0.14333333333333334 0.24333333333333335
5 0.5841666666666666 0.4775 0.1075 0.12583333333333332
0 0.6691666666666667 0.7516666666666667 0.1775 0.3425
0 0.7375 0.8616666666666667 0.025 0.09083333333333334
0 0.7458333333333333 0.34833333333333333 0.175 0.25166666666666665
0 0.8083333333333333 0.2608333333333333 0.029166666666666667 0.045
5 0.8325 0.12333333333333334 0.15333333333333332 0.1125
4 0.8708333333333333 0.8375 0.1525 0.14416666666666667
1 0.8291666666666667 0.12166666666666667 0.2791666666666667 0.21666666666666667
1 0.8725 0.8316666666666667 0.25 0.23