1 0.7433333333333333 0.6368384 0.7303442733333334 0.4116666666666667 0.72830994 0.4116666666666667 0.5666666666666667 0.4827656483333333 0.5666666666666667 0.6995947733333333 0.7433333333333333 0.642758185 0.7433333333333333 0.6368384
1 0.4720189633333334 0.006666666666666667 0.30333333333333334 0.037342894999999994 0.30333333333333334 0.2556227383333333 0.45260447666666664 0.20911013833333333 0.47210554833333335 0.006666666666666667 0.4720189633333334 0.006666666666666667
2 0.64626471 0.058333333333333334 0.55 0.1477497 0.55 0.151519265 0.6463188683333333 0.259554605 0.7588433416666667 0.157508205 0.646375915 0.058333333333333334 0.64626471 0.058333333333333334
4 0.6475 0.8916666666666667 0.18666666666666668 0.20333333333333334
0 0.6608333333333334 0.7341666666666666 0.07666666666666666 0.10666666666666667
0 0.84 0.37333333333333335 0.20333333333333334 0.45666666666666667
0 0.655 0.35 0.09333333333333334 0.16333333333333333
0 0.5133333333333333 0.14666666666666667 0.09333333333333334 0.06333333333333334
0 0.24416666666666667 0.155 0.15166666666666667 0.056666666666666664
4 0.0825 0.15166666666666667 0.165 0.20333333333333334
5 0.6366666666666667 0.5633333333333334 0.13 0.16333333333333333
5 0.6458333333333334 0.895 0.10666666666666667 0.13166666666666665
5 0.6541666666666667 0.1425 0.10166666666666667 0.13833333333333334
5 0.9666666666666667 0.3416666666666667 0.06333333333333334 0.13666666666666666
5 0.37583333333333335 0.1375 0.09166666666666666 0.165
5 0.525 0.07166666666666667 0.09666666666666666 0.11
5 0.085 0.15833333333333333 0.1 0.10666666666666667