1 0.24416666666666667 0.31166666666666665 0.115 0.44
2 0.6025 0.2775 0.165 0.33166666666666667
3 0.425 0.295 0.12333333333333334 0.4
3 0.6241666666666666 0.7841666666666667 0.12 0.40166666666666667
1 0.7758333333333334 0.2125 0.10166666666666667 0.4083333333333333
4 0.9391666666666667 0.20666666666666667 0.12166666666666667 0.39
5 0.07333333333333333 0.3283333333333333 0.056666666666666664 0.24333333333333335
5 0.2475 0.30833333333333335 0.055 0.29
5 0.43 0.30833333333333335 0.05333333333333334 0.31666666666666665
5 0.6091666666666666 0.27416666666666667 0.03666666666666667 0.235
5 0.775 0.22416666666666665 0.05 0.26666666666666666
5 0.93 0.20916666666666667 0.04666666666666667 0.20166666666666666
5 0.6233333333333333 0.8241666666666667 0.07666666666666666 0.17833333333333334
0 0.49916666666666665 0.6758333333333333 0.16166666666666665 0.38666666666666666
0 0.16083333333333333 0.31583333333333335 0.07333333333333333 0.135
0 0.3358333333333333 0.30666666666666664 0.105 0.14
0 0.505 0.295 0.06 0.14
0 0.7066666666666667 0.2425 0.06666666666666667 0.11833333333333333
0 0.8533333333333334 0.2175 0.07333333333333333 0.10333333333333333
4 0.0625 0.3283333333333333 0.12 0.42333333333333334
5 0.5933333333333334 0.5066666666666667 0.03666666666666667 0.08666666666666667
0 0.6266666666666667 0.515 0.03333333333333333 0.22
5 0.6958333333333333 0.1325 0.041666666666666664 0.155