5 0.034166666666666665 0.16333333333333333 0.055 0.10666666666666667
5 0.23916666666666667 0.14833333333333334 0.055 0.14333333333333334
5 0.4666666666666667 0.14 0.05333333333333334 0.16
5 0.4625 0.5858333333333333 0.055 0.11166666666666666
5 0.4475 0.7975 0.055 0.10833333333333334
5 0.6716666666666666 0.10833333333333334 0.07 0.11666666666666667
5 0.6525 0.3975 0.06 0.10166666666666667
5 0.7533333333333333 0.88 0.06 0.16333333333333333
5 0.945 0.8708333333333333 0.06333333333333334 0.12833333333333333
0 0.14166666666666666 0.16083333333333333 0.13333333333333333 0.04
0 0.34 0.145 0.15333333333333332 0.05333333333333334
0 0.5608333333333333 0.13 0.11166666666666666 0.03333333333333333
0 0.465 0.365 0.043333333333333335 0.21333333333333335
0 0.8375 0.8583333333333333 0.12166666666666667 0.043333333333333335
4 0.04083333333333333 0.1625 0.08166666666666667 0.175
4 0.9516666666666667 0.8716666666666667 0.09666666666666666 0.24666666666666667
3 0.46 0.14 0.10333333333333333 0.21333333333333335
3 0.6616666666666666 0.12583333333333332 0.10333333333333333 0.22833333333333333
1 0.20537534166666668 0.24666666666666667 0.2733333333333333 0.20698512333333333 0.2733333333333333 0.054462145 0.20593664333333334 0.092309705 0.20209830333333334 0.24666666666666667 0.20537534166666668 0.24666666666666667
1 0.715 0.807826845 0.7166524633333333 0.9883333333333333 0.7172187033333334 0.9883333333333333 0.7816666666666666 0.9487509316666666 0.7816666666666666 0.7506069949999999 0.715 0.7850588933333333 0.715 0.807826845
2 0.47575741666666665 0.6766666666666666 0.5316666666666666 0.5797485133333333 0.5316666666666666 0.5763600983333333 0.46686134333333335 0.4756300333333333 0.39340157 0.579715045 0.4740485633333334 0.6766666666666666 0.47575741666666665 0.6766666666666666
0 0.5776602366666667 0.5933333333333334 0.715 0.589510565 0.715 0.5466821550000001 0.7065264600000001 0.22662006333333332 0.67290339 0.21610244166666664 0.6953187500000001 0.56493782 0.532197125 0.5686740166666666 0.5274723716666667 0.5933333333333334 0.5776602366666667 0.5933333333333334
0 0.4858376316666667 0.8983333333333333 0.7066666666666667 0.8834294533333333 0.7066666666666667 0.8571713550000001 0.49595436 0.8833867400000001 0.48698105666666663 0.6783333333333333 0.48379147499999997 0.6783333333333333 0.45912907999999997 0.683551385 0.47348352833333335 0.8983333333333333 0.4858376316666667 0.8983333333333333