4 0.8858333333333334 0.9283333333333333 0.21166666666666667 0.13
4 0.845 0.1525 0.25333333333333335 0.11833333333333333
0 0.8825 0.8125 0.035 0.13
0 0.8525 0.5608333333333333 0.03 0.11666666666666667
0 0.8716666666666667 0.2833333333333333 0.03 0.15333333333333332
0 0.5475 0.4058333333333333 0.2833333333333333 0.028333333333333332
0 0.2325 0.2608333333333333 0.03 0.15666666666666668
0 0.5708333333333333 0.12 0.31833333333333336 0.07666666666666666
5 0.8883333333333333 0.9358333333333333 0.11 0.055
5 0.8433333333333334 0.6716666666666666 0.24666666666666667 0.09666666666666666
5 0.8516666666666667 0.425 0.15 0.07666666666666666
5 0.5458333333333333 0.45416666666666666 0.058333333333333334 0.03166666666666667
5 0.2225 0.3933333333333333 0.2816666666666667 0.1
5 0.8525 0.15666666666666668 0.18 0.04
5 0.81 0.2525 0.06666666666666667 0.04666666666666667
5 0.19666666666666666 0.08333333333333333 0.36333333333333334 0.04666666666666667
0 0.535 0.41 0.006666666666666667 0.0033333333333333335
3 0.845 0.6825 0.2866666666666667 0.13333333333333333
3 0.22083333333333333 0.4083333333333333 0.36833333333333335 0.14666666666666667
3 0.215 0.08916666666666667 0.42 0.165
2 0.8358333333333333 0.43 0.285 0.15333333333333332