1 0.42935803333333333 0.22367087833333335 0.5074573183333334 0.13886202833333333 0.2561493516666667 0.13729113499999998 0.18855183166666667 0.23327188666666668 0.42935803333333333 0.22367087833333335
1 0.05187795833333333 0.6077111283333333 0.049362576666666665 0.604279145 0.008489446666666668 0.6701175516666666 0.16034923333333334 0.6685173483333333 0.21892382333333335 0.6077111283333333 0.05187795833333333 0.6077111283333333
1 0.3165479716666667 0.6701175516666666 0.3205857933333333 0.6702659483333333 0.2796676383333333 0.7613270950000001 0.4640688083333333 0.7469255666666667 0.5356599166666667 0.6685173483333333 0.3165479716666667 0.6701175516666666
1 0.7287388233333333 0.7901300316666666 0.7301328499999999 0.7942411533333333 0.659317105 0.8653379633333332 0.950020325 0.8749389433333332 0.9847309350000001 0.78372946 0.7287388233333333 0.7901300316666666
1 0.7417553433333333 0.6573161666666667 0.7355573133333333 0.6442711483333333 0.6896890966666667 0.735724505 0.9652062383333333 0.73412424 0.9738838083333333 0.65891637 0.7417553433333333 0.6573161666666667
2 0.3360726683333333 0.4236917783333333 0.34499588166666667 0.4283143383333334 0.25146520666666666 0.49089881333333335 0.3816307366666667 0.5373036250000001 0.5074573183333334 0.47969763 0.3360726683333333 0.4236917783333333
4 0.375 0.05 0.23916666666666667 0.07916666666666666
4 0.4525 0.9416666666666667 0.25833333333333336 0.09916666666666667
3 0.3433333333333333 0.3275 0.2725 0.11833333333333333
5 0.18916666666666668 0.47583333333333333 0.06333333333333334 0.030833333333333334
5 0.5775 0.4483333333333333 0.08083333333333333 0.03666666666666667
5 0.33666666666666667 0.32166666666666666 0.21166666666666667 0.043333333333333335
5 0.3325 0.19166666666666668 0.2025 0.03166666666666667
5 0.3375 0.0425 0.12666666666666668 0.05583333333333333
5 0.36083333333333334 0.4841666666666667 0.12416666666666666 0.0325
5 0.635 0.5983333333333334 0.09166666666666666 0.035833333333333335
5 0.7533333333333333 0.5575 0.06833333333333333 0.034166666666666665
5 0.85 0.7025 0.23 0.06916666666666667
5 0.8366666666666667 0.8241666666666667 0.26666666666666666 0.0675
5 0.43916666666666665 0.945 0.11 0.04583333333333333
5 0.4033333333333333 0.715 0.18166666666666667 0.0575
5 0.11166666666666666 0.6416666666666667 0.1575 0.043333333333333335
5 0.4691666666666667 0.565 0.059166666666666666 0.04583333333333333
0 0.37 0.10916666666666666 0.06666666666666667 0.06583333333333333
0 0.33416666666666667 0.25666666666666665 0.06 0.06166666666666667
0 0.35583333333333333 0.41333333333333333 0.06 0.05333333333333334
0 0.5816666666666667 0.5025 0.18583333333333332 0.08833333333333333
0 0.19083333333333333 0.5391666666666667 0.16916666666666666 0.13
0 0.4633333333333333 0.6233333333333333 0.18333333333333332 0.09416666666666666
0 0.4175 0.82 0.10666666666666667 0.16
0 0.2275 0.8108333333333333 0.29083333333333333 0.30083333333333334
0 0.7933333333333333 0.6091666666666666 0.165 0.10583333333333333
0 0.8566666666666667 0.76 0.07916666666666666 0.06333333333333334
0 0.7008333333333333 0.9175 0.3425 0.0875
2 0.6463005866666667 0.546904665 0.6419618016666666 0.546904665 0.5334905249999999 0.5917094566666666 0.6267757233333333 0.6605165133333334 0.7243998716666666 0.5933094783333334 0.6463005866666667 0.546904665