3 0.525 0.5625 0.26666666666666666 0.15166666666666667
0 0.7783333333333333 0.53 0.23 0.2
0 0.31666666666666665 0.5625 0.15333333333333332 0.058333333333333334
0 0.13833333333333334 0.8316666666666667 0.05333333333333334 0.07
4 0.13 0.9358333333333333 0.25666666666666665 0.115
0 0.12583333333333332 0.6525 0.058333333333333334 0.09166666666666666
3 0.11666666666666667 0.5491666666666667 0.22666666666666666 0.12166666666666667
1 0.13583333333333333 0.7491666666666666 0.22833333333333333 0.08666666666666667
5 0.11666666666666667 0.94 0.14666666666666667 0.06
5 0.14083333333333334 0.7591666666666667 0.16333333333333333 0.065
5 0.11666666666666667 0.545 0.12333333333333334 0.09
5 0.5383333333333333 0.5733333333333334 0.20333333333333334 0.07666666666666666
5 0.8933333333333333 0.3325 0.16 0.056666666666666664
5 0.6541666666666667 0.36583333333333334 0.105 0.06
5 0.3225 0.3383333333333333 0.08833333333333333 0.05
5 0.5183333333333333 0.31583333333333335 0.09333333333333334 0.056666666666666664
5 0.14333333333333334 0.2775 0.16 0.07666666666666666
5 0.1325 0.060833333333333336 0.155 0.051666666666666666
0 0.5183333333333333 0.42333333333333334 0.056666666666666664 0.11666666666666667
0 0.6966666666666667 0.3225 0.15333333333333332 0.035
0 0.3358333333333333 0.2833333333333333 0.16666666666666666 0.056666666666666664
0 0.13583333333333333 0.15666666666666668 0.04833333333333333 0.1