5 0.6491666666666667 0.0875 0.17666666666666667 0.058333333333333334
5 0.4675 0.32916666666666666 0.10583333333333333 0.05416666666666667
5 0.7066666666666667 0.37583333333333335 0.115 0.05583333333333333
5 0.9641666666666666 0.21333333333333335 0.059166666666666666 0.05
5 0.1825 0.37916666666666665 0.275 0.10583333333333333
5 0.17416666666666666 0.645 0.19416666666666665 0.09416666666666666
5 0.22916666666666666 0.7733333333333333 0.065 0.03
5 0.49666666666666665 0.7333333333333333 0.0925 0.08166666666666667
5 0.7058333333333333 0.865 0.2675 0.06166666666666667
5 0.1525 0.8783333333333333 0.2425 0.08
0 0.695 0.23416666666666666 0.034166666666666665 0.12416666666666666
0 0.4841666666666667 0.3825 0.2525 0.06
0 0.865 0.22083333333333333 0.12666666666666668 0.3458333333333333
3 0.6641666666666667 0.0875 0.28833333333333333 0.16583333333333333
3 0.18416666666666667 0.385 0.36 0.16583333333333333
0 0.18666666666666668 0.5008333333333334 0.0425 0.08583333333333333
0 0.4508333333333333 0.7658333333333334 0.23083333333333333 0.2875
0 0.6866666666666666 0.6375 0.04 0.3575
0 0.4266666666666667 0.9641666666666666 0.5875 0.06416666666666666
0 0.17333333333333334 0.7908333333333334 0.0425 0.06583333333333333
3 0.7133333333333334 0.8691666666666666 0.29833333333333334 0.13
3 0.16833333333333333 0.8816666666666667 0.32166666666666666 0.12
2 0.6932409016666667 0.28944211166666667 0.6094742916666667 0.370425915 0.703350665 0.4619076183333333 0.7986712883333333 0.371925615 0.6932409016666667 0.28944211166666667
2 0.18775274333333333 0.5428914216666666 0.044771808333333336 0.6208758249999999 0.18775274333333333 0.75434913 0.33651068666666667 0.644871025 0.18775274333333333 0.5428914216666666