2 0.40734837 0.37666666666666665 0.40738489333333333 0.37666666666666665 0.59 0.24972121666666666 0.59 0.2487285233333333 0.40880542833333333 0.16509103666666666 0.25685588666666664 0.28814025666666665 0.30129395999999997 0.3361594633333333 0.40734837 0.37666666666666665
2 0.6533333333333333 0.566278255 0.6533333333333333 0.5654457733333333 0.40902523 0.4622499 0.25277523 0.5898009216666668 0.4348279816666667 0.6963435383333334 0.6533333333333333 0.566278255
2 0.592469155 0.9916666666666667 0.5953028183333333 0.9916666666666667 0.7266666666666667 0.865981705 0.7266666666666667 0.8641366683333332 0.43136468 0.7655742283333333 0.43853211 0.77457783 0.246444955 0.9171348533333332 0.592469155 0.9916666666666667
5 0.415 0.04833333333333333 0.10333333333333333 0.06
5 0.4275 0.275 0.21166666666666667 0.08666666666666667
5 0.8958333333333334 0.7008333333333333 0.095 0.03833333333333333
5 0.9658333333333333 0.4741666666666667 0.055 0.06
5 0.7316666666666667 0.6241666666666666 0.06333333333333334 0.045
5 0.4875 0.7266666666666667 0.03833333333333333 0.043333333333333335
5 0.4583333333333333 0.5725 0.2633333333333333 0.10666666666666667
5 0.52 0.8791666666666667 0.3466666666666667 0.12833333333333333
5 0.7891666666666667 0.83 0.058333333333333334 0.05333333333333334
5 0.12416666666666666 0.8091666666666667 0.19166666666666668 0.045
0 0.9116666666666666 0.43083333333333335 0.06 0.4483333333333333
0 0.4008333333333333 0.4141666666666667 0.055 0.09
0 0.43833333333333335 0.7366666666666667 0.043333333333333335 0.09666666666666666
0 0.165 0.895 0.18666666666666668 0.09666666666666666
0 0.8341666666666666 0.8266666666666667 0.22666666666666666 0.22
0 0.7391666666666666 0.6275 0.19166666666666668 0.18833333333333332
0 0.41833333333333333 0.13583333333333333 0.04 0.07333333333333333
4 0.1225 0.8091666666666667 0.23666666666666666 0.085
4 0.41333333333333333 0.051666666666666666 0.20666666666666667 0.09333333333333334
4 0.8991666666666667 0.6966666666666667 0.145 0.08