5 0.4775 0.056666666666666664 0.195 0.06416666666666666
5 0.45916666666666667 0.215 0.29583333333333334 0.065
5 0.4216666666666667 0.38083333333333336 0.5191666666666667 0.0725
5 0.4325 0.555 0.535 0.07666666666666666
5 0.5066666666666667 0.755 0.7525 0.09666666666666666
5 0.3625 0.935 0.17083333333333334 0.08083333333333333
0 0.49 0.1375 0.06 0.059166666666666666
0 0.4275 0.29833333333333334 0.0625 0.0675
0 0.42333333333333334 0.4675 0.049166666666666664 0.08583333333333333
0 0.435 0.6475 0.04666666666666667 0.07
0 0.4075 0.86 0.07166666666666667 0.07833333333333334
4 0.49 0.06333333333333334 0.2891666666666667 0.10583333333333333
4 0.36333333333333334 0.9425 0.3175 0.10833333333333334
3 0.41833333333333333 0.37583333333333335 0.6066666666666667 0.13083333333333333
3 0.41083333333333333 0.5575 0.6725 0.12916666666666668
1 0.728471765 0.172175145 0.295116765 0.16046418666666667 0.19563636 0.25863446166666665 0.611714995 0.2698421716666667 0.728471765 0.172175145
1 0.64355775 0.851041355 0.7942800916666667 0.8446369316666666 0.9917052383333333 0.7213523033333333 0.8537199666666667 0.6909313833333334 0.07749468333333334 0.6686674683333333 0.010948283333333335 0.7757897166666667 0.010948283333333335 0.79660394 0.64355775 0.851041355