5 0.4608333333333333 0.05 0.37833333333333335 0.07166666666666667
5 0.455 0.22083333333333333 0.4891666666666667 0.0925
5 0.475 0.41083333333333333 0.32 0.07666666666666666
5 0.7508333333333334 0.555 0.33 0.07
5 0.5 0.6916666666666667 0.6533333333333333 0.07833333333333334
5 0.49166666666666664 0.935 0.31666666666666665 0.0625
0 0.455 0.13416666666666666 0.13333333333333333 0.10833333333333334
0 0.4216666666666667 0.30916666666666665 0.15166666666666667 0.085
0 0.5141666666666667 0.5808333333333333 0.16416666666666666 0.12083333333333333
0 0.5325 0.8216666666666667 0.215 0.10333333333333333
4 0.4825 0.049166666666666664 0.57 0.09833333333333333
4 0.48583333333333334 0.9291666666666667 0.6241666666666666 0.10666666666666667
1 0.8086907166666667 0.16287041333333332 0.2226322066666667 0.18036392833333334 0.05110723666666667 0.28768129166666667 0.6512705633333333 0.2556785066666667 0.8086907166666667 0.16287041333333332
1 0.9907073566666665 0.6205102416666667 0.2226322066666667 0.6442711483333333 0.011752104999999999 0.7837245183333333 0.77425488 0.7517217333333334 0.9907073566666665 0.6205102416666667
2 0.42989878833333334 0.334085355 0.13653134666666666 0.4183163383333333 0.5184476483333333 0.5245018883333333 0.8480454716666667 0.4220930133333333 0.42989878833333334 0.334085355