2 0.3973350583333333 0.5616666666666666 0.399536585 0.5616666666666666 0.49 0.49989678 0.49 0.49678944166666666 0.38632577333333334 0.4262891733333333 0.38478682999999997 0.42411033833333334 0.2960042316666667 0.49833992000000005 0.3973350583333333 0.5616666666666666
2 0.6236082483333333 0.675 0.6883333333333334 0.6043455033333334 0.6883333333333334 0.603848845 0.5978682566666667 0.563697645 0.5166983516666667 0.632812695 0.62009595 0.675 0.6236082483333333 0.675
1 0.25544602666666666 0.22 0.47275169833333336 0.19634099666666666 0.5133333333333333 0.11217246 0.5133333333333333 0.10890623833333334 0.5016289116666667 0.09859403166666666 0.31121508000000003 0.13389696333333334 0.25240309666666666 0.22 0.25544602666666666 0.22
1 0.028624043333333335 0.8233333333333334 0.23707239333333333 0.8190947266666667 0.2994490316666667 0.6833333333333333 0.2923461333333333 0.6833333333333333 0.05642917833333333 0.6942069016666667 0.05917854666666667 0.6947354649999999 0.0011017966666666667 0.8233333333333334 0.028624043333333335 0.8233333333333334
1 0.3033603716666667 0.84 0.55205943 0.818603185 0.615 0.6915893433333333 0.615 0.6889929133333333 0.327992505 0.7065242466666667 0.3227815916666667 0.7097266366666667 0.29175902833333334 0.84 0.3033603716666667 0.84
1 0.9451445616666666 0.7260091933333334 0.9933333333333333 0.6213037766666667 0.9933333333333333 0.6203725933333333 0.729762405 0.64275048 0.676318815 0.7333333333333333 0.8211953716666667 0.7333333333333333 0.9451445616666666 0.7260091933333334
1 0.9219215083333334 0.9006588483333333 0.98 0.78728648 0.98 0.7854324816666666 0.6676121616666667 0.8029327783333333 0.6218465183333334 0.9283333333333333 0.633375585 0.9283333333333333 0.9219215083333334 0.9006588483333333
4 0.37833333333333335 0.04416666666666667 0.14333333333333334 0.08333333333333333
4 0.43 0.955 0.2 0.09
3 0.3933333333333333 0.31416666666666665 0.22666666666666666 0.1
0 0.3825 0.1025 0.04666666666666667 0.055
0 0.3958333333333333 0.24083333333333334 0.058333333333333334 0.06166666666666667
0 0.38166666666666665 0.3958333333333333 0.04 0.08166666666666667
0 0.5541666666666667 0.5208333333333334 0.14833333333333334 0.09333333333333334
0 0.215 0.5858333333333333 0.17666666666666667 0.215
0 0.22583333333333333 0.9016666666666666 0.255 0.18
0 0.42083333333333334 0.8716666666666667 0.041666666666666664 0.10666666666666667
0 0.6708333333333333 0.9508333333333333 0.325 0.085
0 0.8208333333333333 0.7616666666666667 0.04833333333333333 0.07666666666666666
0 0.7608333333333334 0.61 0.14 0.043333333333333335
0 0.4633333333333333 0.6566666666666666 0.14333333333333334 0.1
5 0.36916666666666664 0.041666666666666664 0.08166666666666667 0.03333333333333333
5 0.39916666666666667 0.17333333333333334 0.15833333333333333 0.06666666666666667
5 0.4008333333333333 0.32 0.17166666666666666 0.056666666666666664
5 0.395 0.4825 0.09333333333333334 0.04833333333333333
5 0.5433333333333333 0.46416666666666667 0.06666666666666667 0.051666666666666666
5 0.21916666666666668 0.4708333333333333 0.055 0.051666666666666666
5 0.1725 0.7566666666666667 0.18833333333333332 0.07333333333333333
5 0.44916666666666666 0.7608333333333334 0.24166666666666667 0.06833333333333333
5 0.425 0.9591666666666666 0.09666666666666666 0.06
5 0.8208333333333333 0.845 0.24166666666666667 0.10333333333333333
5 0.8491666666666666 0.6716666666666666 0.21666666666666667 0.10333333333333333
5 0.7458333333333333 0.5783333333333334 0.08 0.04666666666666667
5 0.47 0.5941666666666666 0.06 0.043333333333333335
5 0.5941666666666666 0.6166666666666667 0.08833333333333333 0.04