4 0.035833333333333335 0.4766666666666667 0.06666666666666667 0.5391666666666667
4 0.9566666666666667 0.5258333333333334 0.0775 0.575
0 0.11333333333333333 0.5333333333333333 0.085 0.2075
0 0.35 0.6116666666666667 0.08333333333333333 0.22833333333333333
0 0.5758333333333333 0.4741666666666667 0.08416666666666667 0.26416666666666666
0 0.8633333333333333 0.4483333333333333 0.10416666666666667 0.24333333333333335
1 0.6385500166666667 0.07253886 0.5988149183333333 0.8963730566666667 0.7633321716666667 0.9119170983333333 0.8239804816666666 0.08808290166666667 0.6385500166666667 0.07253886
1 0.147786685 0.8238341966666667 0.27466016 0.8549222799999999 0.33112582833333337 0.23316062166666668 0.189714475 0.20727244333333333 0.19170442666666665 0.227979275 0.147786685 0.8238341966666667
3 0.5360752883333333 0.13989637333333335 0.39525967166666665 0.24352331666666666 0.39247124499999997 0.953367875 0.5277100033333334 0.8704663216666667 0.5360752883333333 0.13989637333333335
5 0.7041666666666667 0.4483333333333333 0.1375 0.4091666666666667
5 0.4625 0.4816666666666667 0.12166666666666667 0.2175
5 0.23 0.5233333333333333 0.09 0.3525