1 0.11246404833333334 0.6818089716666667 0.24079989166666668 0.7680421199999999 0.31961487 0.14141404833333332 0.14803541666666667 0.11841867166666667 0.15538889166666667 0.13074713166666665 0.11246404833333334 0.6818089716666667
1 0.6830006883333333 0.026436515 0.6090680316666667 0.8197816616666667 0.6216226483333334 0.8197816616666667 0.8231936016666667 0.8600236200000001 0.8559750233333333 0.11841867166666667 0.6830006883333333 0.026436515
4 0.03166666666666667 0.5291666666666667 0.060833333333333336 0.5816666666666667
4 0.965 0.5291666666666667 0.06833333333333333 0.6391666666666667
0 0.3275 0.5675 0.11833333333333333 0.24083333333333334
0 0.09083333333333334 0.575 0.06916666666666667 0.2708333333333333
0 0.615 0.49333333333333335 0.0925 0.30833333333333335
0 0.865 0.55 0.11833333333333333 0.32083333333333336
5 0.7375 0.5 0.12416666666666666 0.3516666666666667
5 0.4716666666666667 0.58 0.15083333333333335 0.295
5 0.20833333333333334 0.4375 0.13416666666666666 0.32666666666666666
3 0.48 0.5066666666666667 0.19166666666666668 0.925