5 0.44916666666666666 0.14333333333333334 0.2775 0.07333333333333333
5 0.495 0.27416666666666667 0.29 0.04666666666666667
5 0.6058333333333333 0.34833333333333333 0.0975 0.03916666666666667
5 0.4633333333333333 0.4008333333333333 0.3125 0.09333333333333334
5 0.9566666666666667 0.42333333333333334 0.06 0.03833333333333333
5 0.5233333333333333 0.545 0.4266666666666667 0.08083333333333333
5 0.48333333333333334 0.68 0.3641666666666667 0.041666666666666664
5 0.5191666666666667 0.8 0.37166666666666665 0.041666666666666664
5 0.6183333333333333 0.8808333333333334 0.14083333333333334 0.03666666666666667
0 0.4675 0.08666666666666667 0.051666666666666666 0.049166666666666664
0 0.4766666666666667 0.20583333333333334 0.0525 0.0225
0 0.5225 0.3541666666666667 0.035 0.04666666666666667
0 0.48583333333333334 0.48083333333333333 0.0425 0.035833333333333335
0 0.505 0.6133333333333333 0.04583333333333333 0.04083333333333333
0 0.5058333333333334 0.7241666666666666 0.05333333333333334 0.0425
0 0.5133333333333333 0.8908333333333334 0.056666666666666664 0.07166666666666667
4 0.4675 0.03333333333333333 0.10833333333333334 0.06666666666666667
4 0.5316666666666666 0.955 0.13916666666666666 0.08
3 0.4766666666666667 0.145 0.365 0.10166666666666667
3 0.4741666666666667 0.4083333333333333 0.39166666666666666 0.12
3 0.5191666666666667 0.5491666666666667 0.5041666666666667 0.105
3 0.5008333333333334 0.6783333333333333 0.3983333333333333 0.07083333333333333
0 0.2989728033333333 0.7885984416666667 0.10869191666666665 0.7869973666666666 0.143080015 0.284252095 0.32648321333333336 0.28905538166666667 0.32444821333333335 0.25250100166666667 0.10181440166666667 0.24902788833333334 0.046793408333333335 0.828625935 0.3012653083333333 0.8110138616666667 0.2989728033333333 0.7885984416666667
0 0.8904480083333334 0.5372258366666667 0.7620659816666667 0.5436301983333333 0.75518829 0.5788544033333333 0.9225437783333332 0.556439045 0.9294214683333333 0.25543225 0.6999139633333333 0.25250100166666667 0.6932896066666667 0.2794487466666667 0.8950333683333334 0.284252095 0.8904480083333334 0.5372258366666667
2 0.48008349499999997 0.21060147 0.31298361 0.26450580333333334 0.52364179 0.343492735 0.7139225016666667 0.2698421716666667 0.48008349499999997 0.21060147
2 0.7643583116666667 0.7966040616666668 0.51447142 0.7373633 0.2848955733333333 0.789517235 0.27375472333333334 0.8014072883333334 0.50988641 0.8718557 0.7643583116666667 0.7966040616666668