4 0.8416666666666667 0.9258333333333333 0.17666666666666667 0.12166666666666667
4 0.82 0.07583333333333334 0.20666666666666667 0.125
0 0.8225 0.755 0.06 0.20666666666666667
0 0.4041666666666667 0.5575 0.4266666666666667 0.12333333333333334
0 0.21916666666666668 0.2775 0.06 0.15166666666666667
0 0.7966666666666666 0.2925 0.05333333333333334 0.315
0 0.5891666666666666 0.09083333333333334 0.3016666666666667 0.06166666666666667
3 0.22916666666666666 0.425 0.325 0.12666666666666668
3 0.22583333333333333 0.12 0.4116666666666667 0.17666666666666667
5 0.7966666666666666 0.5575 0.19333333333333333 0.06833333333333333
5 0.27 0.43416666666666665 0.22333333333333333 0.07166666666666667
5 0.29583333333333334 0.15583333333333332 0.195 0.051666666666666666
5 0.265 0.08333333333333333 0.21 0.06
5 0.7166666666666667 0.2733333333333333 0.08 0.08333333333333333
5 0.37333333333333335 0.6525 0.11333333333333333 0.06833333333333333
2 0.605 0.5948169249999999 0.833590865 0.647077585 0.990296405 0.5570955799999999 0.802031165 0.4483333333333333 0.7998335033333334 0.4483333333333333 0.605 0.5938405283333333 0.605 0.5948169249999999