4 0.715 0.051666666666666666 0.3125 0.0825
4 0.7241666666666666 0.9566666666666667 0.2225 0.0675
5 0.7125 0.049166666666666664 0.24083333333333334 0.05416666666666667
5 0.7358333333333333 0.24333333333333335 0.3641666666666667 0.050833333333333335
5 0.7266666666666667 0.41833333333333333 0.4083333333333333 0.04833333333333333
5 0.72 0.5858333333333333 0.24583333333333332 0.0375
5 0.4275 0.5683333333333334 0.1425 0.043333333333333335
5 0.16416666666666666 0.6025 0.22 0.07083333333333333
5 0.8533333333333334 0.6925 0.15 0.06416666666666666
5 0.7758333333333334 0.8058333333333333 0.3416666666666667 0.056666666666666664
5 0.725 0.955 0.17833333333333334 0.04083333333333333
3 0.72 0.4083333333333333 0.4575 0.07166666666666667
3 0.16416666666666666 0.5958333333333333 0.2975 0.09333333333333334
0 0.72 0.14583333333333334 0.07 0.11416666666666667
0 0.6875 0.3325 0.056666666666666664 0.07666666666666666
0 0.7266666666666667 0.5075 0.06166666666666667 0.08416666666666667
0 0.7525 0.7066666666666667 0.0775 0.09583333333333334
0 0.7316666666666667 0.8733333333333333 0.0875 0.08416666666666667
0 0.29833333333333334 0.4558333333333333 0.3441666666666667 0.16333333333333333
0 0.4191666666666667 0.605 0.2325 0.05416666666666667
2 0.7057911066666667 0.5447178866666667 0.5196483966666666 0.5927370949999999 0.757497415 0.652761105 0.9410548083333333 0.5762304916666666 0.7057911066666667 0.5447178866666667
1 0.56876939 0.20708283333333333 0.5455015516666667 0.20408163333333335 0.4808686666666667 0.277611045 0.9281282316666667 0.280612245 0.9772492249999999 0.20108043166666667 0.56876939 0.20708283333333333
1 0.5946225433333333 0.7653061216666667 0.5170630816666666 0.841836735 0.9643226466666666 0.8373349333333333 0.98500517 0.7638055216666667 0.5946225433333333 0.7653061216666667