4 0.3983333333333333 0.9066666666666666 0.19666666666666666 0.16666666666666666
4 0.2425 0.14166666666666666 0.18166666666666667 0.16
3 0.8091666666666667 0.5408333333333334 0.365 0.20166666666666666
3 0.7491666666666666 0.215 0.3466666666666667 0.19666666666666666
5 0.8358333333333333 0.545 0.225 0.09166666666666666
5 0.5875 0.5941666666666666 0.14666666666666667 0.06166666666666667
5 0.1075 0.33916666666666667 0.215 0.095
5 0.7433333333333333 0.21166666666666667 0.24333333333333335 0.16666666666666666
0 0.3825 0.7508333333333334 0.056666666666666664 0.12
0 0.2658333333333333 0.32416666666666666 0.09833333333333333 0.185
0 0.5425 0.058333333333333334 0.4666666666666667 0.11666666666666667
0 0.7958333333333333 0.3775 0.06166666666666667 0.10833333333333334
0 0.5833333333333334 0.5308333333333334 0.13333333333333333 0.04833333333333333
2 0.273202445 0.4166666666666667 0.16333333333333333 0.5786153900000001 0.16333333333333333 0.5820452616666666 0.38227932 0.69215057 0.52414565 0.5046880633333334 0.274820675 0.4166666666666667 0.273202445 0.4166666666666667