4 0.155 0.06666666666666667 0.16333333333333333 0.1125
4 0.8975 0.675 0.19166666666666668 0.12
5 0.14666666666666667 0.07666666666666666 0.11083333333333334 0.056666666666666664
5 0.16833333333333333 0.19833333333333333 0.24666666666666667 0.06
5 0.195 0.3375 0.25916666666666666 0.07166666666666667
5 0.20083333333333334 0.5325 0.10083333333333333 0.06333333333333334
5 0.4683333333333333 0.5366666666666666 0.135 0.06416666666666666
5 0.48 0.6933333333333334 0.25416666666666665 0.06
5 0.89 0.6816666666666666 0.08583333333333333 0.07833333333333334
5 0.5525 0.8916666666666667 0.255 0.12916666666666668
5 0.62 0.8808333333333334 0.14083333333333334 0.14083333333333334
5 0.17916666666666667 0.9125 0.24916666666666668 0.11083333333333334
5 0.26 0.8975 0.125 0.11416666666666667
5 0.33416666666666667 0.5033333333333333 0.059166666666666666 0.058333333333333334
5 0.20416666666666666 0.7366666666666667 0.0925 0.056666666666666664
3 0.1925 0.3408333333333333 0.31 0.12333333333333334
1 0.03543667166666667 0.14705882333333334 0.010288066666666667 0.25810324166666665 0.2914951983333333 0.25060024 0.3223593966666667 0.13655462166666665 0.03543667166666667 0.14705882333333334
2 0.18861454 0.45168067166666664 0.09487883 0.5747298916666667 0.22519433000000003 0.6467587033333334 0.32007315999999997 0.5372148866666667 0.18861454 0.45168067166666664
1 0.41152263333333333 0.47719087666666665 0.3657978966666667 0.5927370949999999 0.541838135 0.5927370949999999 0.5875628716666668 0.45168067166666664 0.41152263333333333 0.47719087666666665
2 0.20804755333333333 0.6767707083333334 0.10859624999999999 0.74879952 0.22519433000000003 0.8058223283333333 0.280064015 0.7352941183333334 0.20804755333333333 0.6767707083333334
1 0.35550983 0.6452581033333333 0.30635573833333335 0.74729892 0.5967078183333334 0.7352941183333334 0.6458619116666667 0.6227490999999999 0.35550983 0.6452581033333333
1 0.05144033 0.838835535 0.019433013333333332 0.9873949583333332 0.32007315999999997 0.9738895550000001 0.360082305 0.840336135 0.05144033 0.838835535
1 0.41266575166666664 0.8133253300000001 0.37494284333333333 0.9723889549999999 0.6778692266666667 0.969387755 0.7395976216666666 0.7983193283333333 0.41266575166666664 0.8133253300000001
0 0.7166666666666667 0.6925 0.16666666666666666 0.049166666666666664
0 0.7516666666666667 0.5625 0.35333333333333333 0.11083333333333334
0 0.30083333333333334 0.7225 0.04583333333333333 0.019166666666666665
0 0.37583333333333335 0.9 0.0575 0.03
0 0.8183333333333334 0.83 0.21 0.17666666666666667