5 0.65 0.051666666666666666 0.1825 0.0675
5 0.6875 0.22833333333333333 0.2891666666666667 0.06
5 0.715 0.39666666666666667 0.3125 0.0925
5 0.165 0.5775 0.25416666666666665 0.10583333333333333
5 0.44 0.5583333333333333 0.11083333333333334 0.05583333333333333
5 0.7408333333333333 0.5633333333333334 0.24166666666666667 0.0625
5 0.8566666666666667 0.6666666666666666 0.13 0.06416666666666666
5 0.7733333333333333 0.7791666666666667 0.26 0.07333333333333333
5 0.7958333333333333 0.9425 0.1925 0.055
0 0.6566666666666666 0.155 0.05583333333333333 0.05333333333333334
0 0.6791666666666667 0.31 0.06416666666666666 0.07083333333333333
0 0.7116666666666667 0.4725 0.04666666666666667 0.04833333333333333
0 0.45916666666666667 0.5941666666666666 0.27416666666666667 0.03916666666666667
0 0.7491666666666666 0.6725 0.055 0.07166666666666667
0 0.745 0.8575 0.0625 0.03833333333333333
4 0.6525 0.06333333333333334 0.32166666666666666 0.12666666666666668
4 0.815 0.935 0.3425 0.12
3 0.7266666666666667 0.3958333333333333 0.3883333333333333 0.09916666666666667
3 0.17083333333333334 0.5725 0.325 0.12416666666666666
1 0.9241719150000001 0.18338279333333332 0.54028079 0.18247299166666667 0.4837424116666667 0.27464546 0.8414065583333333 0.28104988166666667 0.9241719150000001 0.18338279333333332
1 0.9685104516666666 0.7197512266666667 0.6733184833333333 0.714685875 0.5960667933333333 0.8254237833333333 0.885745095 0.82702486 0.9685104516666666 0.7197512266666667
2 0.7054350916666666 0.4955972066666666 0.577235705 0.578631455 0.7497736283333333 0.6428983933333333 0.9093924050000001 0.5532368333333333 0.7054350916666666 0.4955972066666666
0 0.164505085 0.4379576416666667 0.5399046016666667 0.433154355 0.5310370299999999 0.3931268633333333 0.11529926666666666 0.41456582833333333 0.11721069333333332 0.5196137033333333 0.1704168 0.5196137033333333 0.164505085 0.4379576416666667