0 0.5116666666666667 0.1975 0.17583333333333334 0.12833333333333333
0 0.4708333333333333 0.42833333333333334 0.17583333333333334 0.1225
0 0.505 0.6616666666666666 0.20333333333333334 0.09666666666666666
0 0.5116666666666667 0.8566666666666667 0.17583333333333334 0.09083333333333334
3 0.47583333333333333 0.5491666666666667 0.8625 0.16083333333333333
1 0.5216666666666666 0.3125 0.8933333333333333 0.12583333333333332
1 0.525 0.7558333333333334 0.9 0.12833333333333333
4 0.52 0.08 0.5825 0.13916666666666666
4 0.5233333333333333 0.9441666666666667 0.5066666666666667 0.11166666666666666
5 0.45666666666666667 0.32 0.64 0.07416666666666667
5 0.44333333333333336 0.56 0.6133333333333333 0.0675
5 0.49416666666666664 0.7625 0.715 0.058333333333333334