4 0.03833333333333333 0.5958333333333333 0.056666666666666664 0.49833333333333335
4 0.9633333333333334 0.54 0.05333333333333334 0.4766666666666667
0 0.11 0.6116666666666667 0.07333333333333333 0.11166666666666666
0 0.2683333333333333 0.5725 0.11 0.17666666666666667
0 0.4791666666666667 0.54 0.12833333333333333 0.13666666666666666
0 0.6866666666666666 0.5466666666666666 0.12 0.15
0 0.8758333333333334 0.4975 0.10833333333333334 0.145
5 0.03333333333333333 0.6083333333333333 0.03666666666666667 0.23666666666666666
5 0.17666666666666667 0.54 0.03666666666666667 0.38666666666666666
5 0.36583333333333334 0.6083333333333333 0.055 0.63
5 0.5858333333333333 0.5991666666666666 0.043333333333333335 0.635
5 0.7791666666666667 0.5133333333333333 0.043333333333333335 0.5966666666666667
5 0.9675 0.5466666666666666 0.041666666666666664 0.26666666666666666
1 0.20166666666666666 0.24778711 0.14254301833333335 0.38614747 0.14254301833333335 0.9162521816666667 0.20106642666666666 0.8246291450000001 0.20166666666666666 0.7081370633333333 0.20166666666666666 0.24778711
1 0.7503630733333334 0.8966666666666666 0.8133333333333334 0.8072524233333334 0.8133333333333334 0.056104350000000004 0.7381892766666667 0.24245637000000003 0.750189675 0.8966666666666666 0.7503630733333334 0.8966666666666666
3 0.36583333333333334 0.5825 0.09 0.6816666666666666
3 0.585 0.6025 0.08333333333333333 0.7333333333333333