4 0.030833333333333334 0.5841666666666666 0.055 0.73
4 0.9566666666666667 0.5441666666666667 0.07833333333333334 0.8541666666666666
0 0.105 0.595 0.08 0.19666666666666666
0 0.31416666666666665 0.5841666666666666 0.10583333333333333 0.20416666666666666
0 0.5775 0.5108333333333334 0.12416666666666666 0.24833333333333332
0 0.8541666666666666 0.5216666666666666 0.11166666666666666 0.21166666666666667
5 0.205 0.5075 0.06 0.3283333333333333
5 0.4325 0.46 0.07916666666666666 0.365
5 0.7333333333333333 0.40166666666666667 0.08916666666666667 0.4091666666666667
3 0.44083333333333335 0.4675 0.13416666666666666 0.6133333333333333
3 0.26996860833333336 0.24087591166666664 0.17509591833333335 0.23357664166666667 0.14649459333333334 0.7591240883333333 0.23927450333333336 0.7956204383333333 0.26996860833333336 0.24087591166666664
3 0.69061737 0.06569343 0.6424834316666667 0.7153284666666667 0.7715381933333333 0.7883211683333333 0.8217649116666667 0.10948905166666667 0.69061737 0.06569343