5 0.2875 0.04416666666666667 0.095 0.06416666666666666
5 0.3333333333333333 0.15 0.18666666666666668 0.06333333333333334
5 0.31666666666666665 0.2633333333333333 0.19166666666666668 0.06166666666666667
5 0.29 0.38166666666666665 0.08916666666666667 0.051666666666666666
5 0.3875 0.3541666666666667 0.03166666666666667 0.043333333333333335
5 0.4033333333333333 0.5016666666666667 0.0375 0.03916666666666667
5 0.495 0.5258333333333334 0.08666666666666667 0.03916666666666667
5 0.6625 0.49 0.04583333333333333 0.043333333333333335
5 0.13083333333333333 0.67 0.17833333333333334 0.055
5 0.4033333333333333 0.6966666666666667 0.23583333333333334 0.065
5 0.835 0.6216666666666667 0.22833333333333333 0.1225
5 0.8275 0.7858333333333334 0.21333333333333335 0.12
5 0.3333333333333333 0.9558333333333333 0.10666666666666667 0.05333333333333334
0 0.30916666666666665 0.095 0.0275 0.03333333333333333
0 0.31083333333333335 0.20583333333333334 0.03 0.03916666666666667
0 0.28583333333333333 0.32 0.029166666666666667 0.04
0 0.3516666666666667 0.8183333333333334 0.04 0.1925
0 0.8325 0.6883333333333334 0.0275 0.04
0 0.7091666666666666 0.52 0.2783333333333333 0.035
4 0.2925 0.045 0.15083333333333335 0.08916666666666667
4 0.3308333333333333 0.9525 0.16333333333333333 0.08083333333333333
3 0.31166666666666665 0.2608333333333333 0.2325 0.10166666666666667
0 0.12832182 0.40929185 0.22804727333333333 0.410892025 0.22241327333333336 0.38832233666666666 0.11456652666666665 0.38849005166666667 0.09966507 0.6285109383333333 0.13978452 0.6301111133333334 0.12832182 0.40929185
0 0.4848117666666667 0.468497015 0.5123222633333333 0.468497015 0.5123222633333333 0.370888545 0.3542562083333333 0.36632673666666665 0.35299071833333334 0.39329045833333337 0.4893968633333334 0.39009022833333334 0.4848117666666667 0.468497015
0 0.12259047 0.9325373933333333 0.11456652666666665 0.69891709 0.097735715 0.7002599500000001 0.10539641999999999 0.96133995 0.2509726716666667 0.96454018 0.24753391500000002 0.93093728 0.12259047 0.9325373933333333
0 0.37935496333333335 0.545303685 0.4309371116666667 0.5421034566666666 0.4259099766666667 0.5162967416666667 0.3587220683333333 0.5181013666666666 0.3610145733333333 0.6525130266666667 0.391963915 0.6525130266666667 0.37935496333333335 0.545303685
1 0.732406065 0.545303685 0.6590448566666667 0.6717148316666667 0.9421735066666668 0.6797155283333334 0.9960481600000001 0.5485039766666667 0.8733973083333333 0.5309024683333333 0.732406065 0.545303685
1 0.7266747149999999 0.7037176166666667 0.64803666 0.8362327549999999 0.9215406116666666 0.8557307833333334 0.9845854616666666 0.7149184816666667 0.7266747149999999 0.7037176166666667
0 0.8401555483333333 0.8381291550000001 0.8218151583333333 0.834928925 0.8149374683333334 0.9389379766666667 0.4115792233333333 0.9462107599999999 0.4125967233333333 0.9869421533333333 0.8286928483333333 0.9725408750000001 0.8401555483333333 0.8381291550000001
1 0.4587329683333333 0.10526542333333333 0.22957867166666668 0.108378325 0.19279078166666666 0.19647334333333333 0.4231976016666667 0.1884726466666667 0.4587329683333333 0.10526542333333333
1 0.5481446116666667 0.6781152916666666 0.284035535 0.6442711483333333 0.23978917333333333 0.7229191783333333 0.4999998466666667 0.740520685 0.5481446116666667 0.6781152916666666
1 0.2718856833333333 0.63811181 0.044711948333333335 0.6242751466666667 0.007089738333333333 0.6925165083333333 0.20196114999999998 0.7229191783333333 0.2718856833333333 0.63811181
2 0.29022650833333336 0.33088506333333334 0.21954714333333333 0.3983203383333333 0.27990976666666667 0.4524956216666666 0.35900467 0.38368964666666666 0.29022650833333336 0.33088506333333334
2 0.502292505 0.4636966083333333 0.43450845 0.5302939433333332 0.48280530666666666 0.5869073433333334 0.5756558933333333 0.5277021783333333 0.502292505 0.4636966083333333