5 0.78 0.16583333333333333 0.07333333333333333 0.12166666666666667
5 0.8175 0.47333333333333333 0.11166666666666666 0.15333333333333332
5 0.7691666666666667 0.5491666666666667 0.013333333333333334 0.0016666666666666668
5 0.705 0.47333333333333333 0.09 0.16
5 0.5983333333333334 0.5025 0.07666666666666666 0.075
5 0.3983333333333333 0.1575 0.09333333333333334 0.20166666666666666
5 0.415 0.3325 0.03666666666666667 0.021666666666666667
5 0.37333333333333335 0.465 0.08333333333333333 0.07666666666666666
5 0.27166666666666667 0.4775 0.05 0.021666666666666667
5 0.1225 0.5158333333333334 0.09833333333333333 0.44166666666666665
5 0.3975 0.9325 0.09666666666666666 0.07166666666666667
0 0.76 0.32083333333333336 0.04 0.12833333333333333
0 0.5016666666666667 0.4691666666666667 0.09 0.021666666666666667
0 0.36583333333333334 0.3333333333333333 0.05333333333333334 0.13
0 0.26916666666666667 0.45 0.06666666666666667 0.02
0 0.38083333333333336 0.695 0.06 0.32
0 0.25833333333333336 0.09333333333333334 0.17666666666666667 0.023333333333333334
4 0.9533333333333334 0.14166666666666666 0.09333333333333334 0.05333333333333334
4 0.1325 0.09333333333333334 0.075 0.06
3 0.7191666666666666 0.4791666666666667 0.3416666666666667 0.19833333333333333
3 0.12416666666666666 0.5125 0.22 0.49166666666666664
3 0.3908333333333333 0.9233333333333333 0.14666666666666667 0.13666666666666666
1 0.705 0.20558661166666667 0.8367291016666667 0.2783333333333333 0.8391258383333333 0.2783333333333333 0.844910795 0.10883861833333335 0.73129192 0.06418090500000001 0.705 0.199792325 0.705 0.20558661166666667
1 0.34275743666666664 0.23898818833333332 0.47457021166666663 0.305 0.47636792833333336 0.305 0.46331276833333335 0.056333855 0.33166666666666667 0.005564903333333333 0.33166666666666667 0.013671868333333332 0.34275743666666664 0.23898818833333332
2 0.29032408 0.454464725 0.3770557133333333 0.54 0.3791714683333333 0.54 0.48290804666666665 0.45864824 0.37287577166666663 0.3883333333333333 0.37277471166666665 0.3883333333333333 0.29032408 0.454464725
0 0.20916666666666667 0.8566666666666667 0.22333333333333333 0.19333333333333333