5 0.16833333333333333 0.3416666666666667 0.195 0.08333333333333333
5 0.5608333333333333 0.35 0.16333333333333333 0.16666666666666666
5 0.9066666666666666 0.635 0.08916666666666667 0.06416666666666666
5 0.5791666666666667 0.6316666666666667 0.10166666666666667 0.07416666666666667
5 0.1425 0.6391666666666667 0.18916666666666668 0.09
5 0.6466666666666666 0.9075 0.32916666666666666 0.07333333333333333
0 0.12916666666666668 0.215 0.034166666666666665 0.125
0 0.3575 0.3491666666666667 0.18833333333333332 0.03666666666666667
0 0.3625 0.6425 0.2525 0.04833333333333333
0 0.7541666666666667 0.6166666666666667 0.1725 0.043333333333333335
0 0.5708333333333333 0.7966666666666666 0.020833333333333332 0.105
4 0.12 0.08 0.12916666666666668 0.15916666666666668
4 0.14583333333333334 0.895 0.1025 0.11666666666666667
3 0.5608333333333333 0.34833333333333333 0.21916666666666668 0.19583333333333333
3 0.6566666666666666 0.92 0.36083333333333334 0.15
3 0.915 0.6316666666666667 0.15833333333333333 0.12833333333333333
1 0.3162815083333333 0.2698421716666667 0.06955983666666667 0.2585034033333333 0.014700311666666667 0.40113236 0.24981053166666664 0.41874443333333333 0.3162815083333333 0.2698421716666667
1 0.27196755666666667 0.5772533283333333 0.05878729166666666 0.55462185 0.006083648333333334 0.705341305 0.21411314666666664 0.7197512266666667 0.27196755666666667 0.5772533283333333
2 0.567394035 0.5436301983333333 0.4836898283333333 0.6477016800000001 0.5784724533333333 0.735762225 0.6732551716666667 0.62208423 0.567394035 0.5436301983333333
0 0.94036991 0.6973358066666666 0.9108273366666666 0.7005380183333333 0.9095963183333333 0.9102821183333333 0.8205601433333334 0.9127651066666665 0.8160447116666667 0.9375007633333333 0.9255986233333334 0.9342986133333333 0.94036991 0.6973358066666666
0 0.13265617333333335 0.7166866766666666 0.129178015 0.8414347816666666 0.16364447499999998 0.8398337066666667 0.16118262666666666 0.7197512266666667 0.13265617333333335 0.7166866766666666
0 0.5741666666666667 0.49583333333333335 0.030833333333333334 0.12166666666666667
5 0.365 0.5966666666666667 0.030833333333333334 0.03166666666666667
5 0.61 0.7766666666666666 0.030833333333333334 0.0475