4 0.8216666666666667 0.9216666666666666 0.07 0.13666666666666666
4 0.5 0.8791666666666667 0.056666666666666664 0.10666666666666667
3 0.7983333333333333 0.6841666666666667 0.15 0.165
3 0.4766666666666667 0.7191666666666666 0.24666666666666667 0.15166666666666667
3 0.8966666666666666 0.13583333333333333 0.2 0.195
3 0.3675 0.13416666666666666 0.22333333333333333 0.19833333333333333
3 0.17166666666666666 0.4633333333333333 0.15666666666666668 0.17333333333333334
0 0.8166666666666667 0.8125 0.02 0.115
0 0.8075 0.5816666666666667 0.021666666666666667 0.1
0 0.8633333333333333 0.2808333333333333 0.07666666666666666 0.13166666666666665
0 0.6491666666666667 0.4425 0.15166666666666667 0.058333333333333334
0 0.7775 0.1325 0.055 0.06833333333333333
0 0.5091666666666667 0.135 0.08833333333333333 0.07333333333333333
0 0.23333333333333334 0.13 0.06333333333333334 0.08
0 0.31833333333333336 0.47 0.14333333333333334 0.056666666666666664
0 0.13666666666666666 0.32166666666666666 0.09333333333333334 0.13333333333333333
0 0.49166666666666664 0.6166666666666667 0.023333333333333334 0.09333333333333334
0 0.49666666666666665 0.8033333333333333 0.03333333333333333 0.06333333333333334
5 0.825 0.9316666666666666 0.023333333333333334 0.07666666666666666
5 0.7966666666666666 0.6925 0.12666666666666668 0.09833333333333333
5 0.48 0.7133333333333334 0.20333333333333334 0.07666666666666666
5 0.4975 0.8841666666666667 0.023333333333333334 0.07
5 0.48 0.45666666666666667 0.12333333333333334 0.07333333333333333
5 0.4558333333333333 0.5991666666666666 0.035 0.055
5 0.32416666666666666 0.5125 0.035 0.055
5 0.16916666666666666 0.45916666666666667 0.12666666666666668 0.095
5 0.10583333333333333 0.1425 0.13166666666666665 0.16833333333333333
5 0.3675 0.14 0.16833333333333333 0.10333333333333333
5 0.6525 0.14166666666666666 0.17333333333333334 0.07333333333333333
5 0.8966666666666666 0.14166666666666666 0.16666666666666666 0.09333333333333334
5 0.8266666666666667 0.425 0.15666666666666668 0.15
2 0.3933333333333333 0.45635587166666663 0.5032370616666666 0.5849613066666667 0.5777130283333333 0.44106839166666667 0.4721902866666666 0.35333333333333333 0.47143774 0.35333333333333333 0.3933333333333333 0.4536930133333333 0.3933333333333333 0.45635587166666663
1 0.705 0.5251069033333333 0.9096701616666667 0.5413282983333334 0.9506518083333333 0.33682382 0.7720029066666667 0.3333333333333333 0.7455547983333333 0.3333333333333333 0.705 0.5228639916666666 0.705 0.5251069033333333
1 0.5646503866666667 0.08065738166666667 0.54 0.21636003833333334 0.54 0.21833333333333332 0.5478883333333333 0.21833333333333332 0.7382617383333333 0.20682175 0.7382141 0.20616065 0.7632328700000001 0.07333333333333333 0.7463342883333333 0.07333333333333333 0.5646503866666667 0.08065738166666667
1 0.008333333333333333 0.2388292383333333 0.191423855 0.271043345 0.22293791166666665 0.038420199999999995 0.046052311666666665 0.006666666666666667 0.044400013333333335 0.006666666666666667 0.008333333333333333 0.23339517333333334 0.008333333333333333 0.2388292383333333