5 0.6066666666666667 0.08583333333333333 0.36333333333333334 0.1025
5 0.6116666666666667 0.2775 0.5766666666666667 0.10416666666666667
5 0.4775 0.5008333333333334 0.31666666666666665 0.06916666666666667
5 0.7533333333333333 0.6158333333333333 0.31583333333333335 0.07916666666666666
5 0.4825 0.7275 0.6058333333333333 0.09333333333333334
5 0.41333333333333333 0.9275 0.31583333333333335 0.0775
0 0.6125 0.17916666666666667 0.16916666666666666 0.10166666666666667
0 0.5733333333333334 0.38166666666666665 0.125 0.07416666666666667
0 0.51 0.6166666666666667 0.14916666666666667 0.08083333333333333
0 0.48833333333333334 0.8375 0.15916666666666668 0.06916666666666667
4 0.6158333333333333 0.075 0.5158333333333334 0.13
4 0.4708333333333333 0.9283333333333333 0.6083333333333333 0.1275
1 0.9795517333333333 0.22180918166666666 0.36178342666666663 0.23449379833333334 0.21192884166666665 0.34669494666666667 0.8063269383333332 0.35630158166666664 0.9795517333333333 0.22180918166666666
1 0.9048272466666667 0.660510525 0.200424615 0.6646658683333334 0.042100815 0.79660394 0.741792495 0.7982051383333334 0.9048272466666667 0.660510525
2 0.5583781733333333 0.41394114666666665 0.18343947833333332 0.5046018416666667 0.47686066833333335 0.5772533283333333 0.8368960350000001 0.49879941833333336 0.5583781733333333 0.41394114666666665