5 0.8775 0.8708333333333333 0.13833333333333334 0.12666666666666668
5 0.5016666666666667 0.8333333333333334 0.16333333333333333 0.08
5 0.8516666666666667 0.15833333333333333 0.25 0.1
5 0.4558333333333333 0.13916666666666666 0.25166666666666665 0.11166666666666666
5 0.11083333333333334 0.15166666666666667 0.10666666666666667 0.07666666666666666
0 0.6733333333333333 0.8491666666666666 0.15666666666666668 0.06166666666666667
0 0.325 0.8333333333333334 0.13666666666666666 0.07333333333333333
0 0.655 0.14916666666666667 0.12333333333333334 0.06166666666666667
0 0.26666666666666666 0.1475 0.10666666666666667 0.07
4 0.8725 0.8816666666666667 0.24166666666666667 0.225
4 0.11583333333333333 0.16 0.2 0.22333333333333333
3 0.13083333333333333 0.8291666666666667 0.25 0.25833333333333336
3 0.8541666666666666 0.16333333333333333 0.2816666666666667 0.28
0 0.5041666666666667 0.5041666666666667 0.7683333333333333 0.43833333333333335
1 0.42404908 0.73 0.4156109183333333 0.73 0.36 0.95485034 0.36 0.9578323283333333 0.5663402716666667 0.9568182533333334 0.6316666666666667 0.7460300133333333 0.6316666666666667 0.7449861116666667 0.42404908 0.73
1 0.33916680666666665 0.02666666666666667 0.28 0.272978525 0.28 0.2751196633333333 0.5650335483333333 0.27748503666666663 0.6268403683333333 0.05519413833333334 0.3517036433333333 0.02666666666666667 0.33916680666666665 0.02666666666666667