5 0.4033333333333333 0.059166666666666666 0.335 0.08166666666666667
5 0.405 0.25833333333333336 0.4266666666666667 0.0675
5 0.44333333333333336 0.43416666666666665 0.6625 0.0625
5 0.45166666666666666 0.5991666666666666 0.7416666666666667 0.075
5 0.5333333333333333 0.7725 0.8975 0.0675
5 0.3283333333333333 0.9525 0.24916666666666668 0.07916666666666666
0 0.4033333333333333 0.1625 0.11166666666666666 0.10333333333333333
0 0.3641666666666667 0.3541666666666667 0.11333333333333333 0.075
0 0.33166666666666667 0.5166666666666667 0.09583333333333334 0.07583333333333334
0 0.3383333333333333 0.6841666666666667 0.10833333333333334 0.07083333333333333
0 0.36333333333333334 0.8583333333333333 0.06416666666666666 0.07833333333333334
4 0.3825 0.059166666666666666 0.4775 0.1175
4 0.32083333333333336 0.945 0.35333333333333333 0.10416666666666667
3 0.43666666666666665 0.42833333333333334 0.745 0.08666666666666667
3 0.44083333333333335 0.5908333333333333 0.8325 0.09666666666666666
1 0.71720781 0.22180918166666666 0.18000789166666667 0.22048819666666664 0.09922992166666667 0.30986966499999996 0.6343860866666666 0.30506637833333333 0.71720781 0.22180918166666666
1 0.9911569433333334 0.73416115 0.10434082666666666 0.7246898783333333 0.00048093500000000004 0.8046094383333333 0.94974596 0.81581721 0.9911569433333334 0.73416115