5 0.24083333333333334 0.03833333333333333 0.155 0.06
5 0.23916666666666667 0.16583333333333333 0.19166666666666668 0.03833333333333333
5 0.2683333333333333 0.3325 0.16333333333333333 0.065
5 0.2425 0.4825 0.2816666666666667 0.05
5 0.8383333333333334 0.6258333333333334 0.24 0.06666666666666667
5 0.5091666666666667 0.6041666666666666 0.09833333333333333 0.04666666666666667
5 0.20666666666666667 0.6291666666666667 0.19833333333333333 0.04833333333333333
5 0.12666666666666668 0.72 0.10333333333333333 0.06666666666666667
5 0.26666666666666666 0.8091666666666667 0.2866666666666667 0.065
5 0.275 0.9433333333333334 0.16333333333333333 0.06333333333333334
0 0.21583333333333332 0.09416666666666666 0.065 0.06333333333333334
0 0.24583333333333332 0.25 0.06333333333333334 0.08
0 0.2425 0.41333333333333333 0.06166666666666667 0.056666666666666664
0 0.23666666666666666 0.5675 0.08 0.06166666666666667
0 0.25083333333333335 0.7291666666666666 0.07333333333333333 0.075
0 0.2891666666666667 0.8766666666666667 0.065 0.05333333333333334
0 0.5325 0.6325 0.2816666666666667 0.03166666666666667
4 0.22 0.0375 0.26 0.075
4 0.2708333333333333 0.9441666666666667 0.27166666666666667 0.09666666666666666
3 0.26166666666666666 0.335 0.2733333333333333 0.08666666666666667
3 0.24666666666666667 0.49083333333333334 0.3433333333333333 0.095
3 0.8416666666666667 0.6266666666666667 0.30333333333333334 0.12666666666666668
1 0.08833333333333333 0.13604546166666667 0.18472970833333333 0.20166666666666666 0.22955942166666668 0.20166666666666666 0.39654350833333335 0.197851485 0.33825165500000004 0.13376903166666668 0.08833333333333333 0.13536477333333333 0.08833333333333333 0.13604546166666667
2 0.06333333333333334 0.6334573316666667 0.21102422166666665 0.6983333333333334 0.213119325 0.6983333333333334 0.40954625833333336 0.641026445 0.244808085 0.5753418933333333 0.06333333333333334 0.6326986966666667 0.06333333333333334 0.6334573316666667
0 0.4166666666666667 0.5136326966666667 0.8422797716666667 0.502422775 0.8270732083333333 0.5665052283333334 0.8777618766666666 0.5697093616666667 0.8701586933333334 0.4623712416666667 0.42663284166666665 0.460769205 0.4166666666666667 0.5127423483333333 0.4166666666666667 0.5136326966666667
1 0.006666666666666667 0.7779533416666666 0.09939321 0.8666666666666667 0.12230738166666666 0.8666666666666667 0.489987175 0.8621391316666668 0.42249473833333334 0.7705433116666667 0.006666666666666667 0.777217695 0.006666666666666667 0.7779533416666666