2 0.695 0.4168872383333333 0.7896069216666667 0.575 0.7909010466666667 0.575 0.8893468466666667 0.41361276166666666 0.7932507516666667 0.3105678316666667 0.695 0.41457140666666664 0.695 0.4168872383333333
2 0.395 0.42486786666666665 0.395 0.4259177083333333 0.529714715 0.6165592883333333 0.6408258266666667 0.4225377516666667 0.5267117116666666 0.2823595116666667 0.395 0.42486786666666665
2 0.01 0.46109851 0.19456930666666666 0.67 0.19630456 0.67 0.33225225166666666 0.4363160666666667 0.17309309333333334 0.25714785333333334 0.01 0.4597439483333333 0.01 0.46109851
5 0.9541666666666667 0.41833333333333333 0.04666666666666667 0.06333333333333334
5 0.8041666666666667 0.43833333333333335 0.08166666666666667 0.15333333333333332
5 0.5241666666666667 0.4325 0.095 0.235
5 0.4083333333333333 0.9133333333333333 0.06 0.10666666666666667
5 0.62 0.9366666666666666 0.08 0.05333333333333334
5 0.48333333333333334 0.7675 0.04666666666666667 0.04833333333333333
5 0.2275 0.7225 0.04833333333333333 0.04833333333333333
5 0.36 0.4708333333333333 0.05333333333333334 0.051666666666666666
5 0.2725 0.10166666666666667 0.04666666666666667 0.15
5 0.17333333333333334 0.45916666666666667 0.13 0.3
5 0.12916666666666668 0.205 0.06 0.04666666666666667
4 0.9558333333333333 0.4175 0.07166666666666667 0.11166666666666666
4 0.2775 0.105 0.065 0.20333333333333334
0 0.4635210216666667 0.87568975 0.46 0.8996361033333333 0.46 0.9063405233333333 0.79166194 0.9116666666666666 0.8058736966666668 0.9116666666666666 0.8208783799999999 0.5804799483333333 0.7638213233333334 0.58140828 0.7428003016666667 0.8794030833333333 0.4635210216666667 0.87568975
0 0.4068018016666667 0.7253190383333333 0.39178678666666666 0.8274356366666666 0.42773305 0.83 0.43087394166666665 0.83 0.4488438433333333 0.7475990233333334 0.5434384383333334 0.7513123533333333 0.56445946 0.6055641183333333 0.4068018016666667 0.7253190383333333
0 0.3675 0.43083333333333335 0.07333333333333333 0.021666666666666667
0 0.28583333333333333 0.8383333333333334 0.15833333333333333 0.3233333333333333
0 0.19333333333333333 0.16916666666666666 0.10666666666666667 0.17666666666666667