2 0.6583067533333333 0.21539982833333335 0.6542734649999999 0.21848739666666664 0.5506324033333333 0.287450545 0.660015845 0.361102455 0.7659812366666667 0.2906528116666667 0.6583067533333333 0.21539982833333335
2 0.14215319 0.482788135 0.1393162 0.48459383833333336 0.012260253333333334 0.5660469100000001 0.155826055 0.6396986366666667 0.28913730666666665 0.5596422516666667 0.14215319 0.482788135
3 0.6533333333333333 0.056666666666666664 0.225 0.11333333333333333
3 0.6491666666666667 0.8308333333333333 0.25833333333333336 0.10416666666666667
3 0.165 0.8791666666666667 0.25166666666666665 0.12
3 0.16333333333333333 0.2783333333333333 0.32083333333333336 0.12333333333333334
0 0.845 0.16 0.19333333333333333 0.2675
0 0.14666666666666667 0.725 0.04 0.20083333333333334
0 0.4025 0.7025 0.23166666666666666 0.3283333333333333
0 0.39 0.9383333333333334 0.5308333333333334 0.12333333333333334
0 0.15166666666666667 0.42083333333333334 0.059166666666666666 0.19166666666666668
0 0.44 0.2833333333333333 0.24583333333333332 0.06583333333333333
0 0.6558333333333334 0.165 0.059166666666666666 0.165
0 0.6591666666666667 0.5625 0.060833333333333336 0.44333333333333336
5 0.6475 0.0525 0.13166666666666665 0.056666666666666664
5 0.975 0.15583333333333332 0.0475 0.07083333333333333
5 0.46416666666666667 0.25666666666666665 0.1075 0.045
5 0.6625 0.2875 0.12833333333333333 0.0575
5 0.16666666666666666 0.2833333333333333 0.2991666666666667 0.0625
5 0.155 0.5683333333333334 0.18583333333333332 0.06333333333333334
5 0.435 0.6683333333333333 0.07 0.07083333333333333
5 0.6491666666666667 0.8266666666666667 0.21666666666666667 0.06833333333333333
5 0.1675 0.8816666666666667 0.20166666666666666 0.0775
5 0.1775 0.7166666666666667 0.0425 0.035833333333333335