5 0.5175 0.7258333333333333 0.21 0.25333333333333335
3 0.5466666666666666 0.14416666666666667 0.275 0.16833333333333333
3 0.9208333333333333 0.39916666666666667 0.14333333333333334 0.145
5 0.105 0.7025 0.13333333333333333 0.06
5 0.9175 0.4058333333333333 0.08833333333333333 0.06833333333333333
5 0.5275 0.395 0.07666666666666666 0.07
5 0.5425 0.14666666666666667 0.255 0.08666666666666667
5 0.10333333333333333 0.36 0.14333333333333334 0.07
5 0.5133333333333333 0.7233333333333334 0.15333333333333332 0.19
5 0 0.6468989416666666 0.02259762833333333 0.7824649850000001 0.2 0.780967945 0.2 0.7785434166666667 0.179501395 0.6609163650000001 0.024184551666666665 0.6466666666666666 0 0.6466666666666666 0 0.6468989416666666
2 0.59 0.390439 0.5378766433333333 0.30833333333333335 0.5358594366666667 0.30833333333333335 0.4523953966666666 0.3866786716666667 0.5067887016666667 0.48121648666666667 0.59 0.3916869233333333 0.59 0.390439
4 0.08083333333333333 0.9433333333333334 0.08166666666666667 0.1
4 0.0875 0.0925 0.115 0.17166666666666666
0 0.7225 0.36916666666666664 0.255 0.08166666666666667
0 0.3225 0.3775 0.265 0.045
0 0.2658333333333333 0.7125 0.145 0.055
0 0.08083333333333333 0.23 0.035 0.10666666666666667
0 0.815 0.19166666666666668 0.25 0.30333333333333334
5 0.3616666666666667 0.44333333333333336 0.043333333333333335 0.04