2 0.7233333333333334 0.239865775 0.6274229683333333 0.08906040333333333 0.5538935566666667 0.24845637666666667 0.5568947566666668 0.2501342283333333 0.6514325733333334 0.45147650999999994 0.7233333333333334 0.24044295000000002 0.7233333333333334 0.239865775
1 0.17240221 0.36666666666666664 0.23984793833333332 0.3010906033333333 0.25333333333333335 0.12919796833333333 0.25333333333333335 0.11094891833333333 0.17382152833333334 0.17021812 0.17084364166666666 0.36666666666666664 0.17240221 0.36666666666666664
1 0.607707885 0.9866666666666667 0.69962385 0.9458836683333334 0.7066666666666667 0.65294411 0.7066666666666667 0.634127365 0.5975830333333334 0.7109843416666667 0.6050545066666667 0.9866666666666667 0.607707885 0.9866666666666667
4 0.04666666666666667 0.2725 0.08 0.16166666666666665
4 0.9025 0.7991666666666667 0.08833333333333333 0.26666666666666666
0 0.13583333333333333 0.25916666666666666 0.085 0.025
0 0.2891666666666667 0.225 0.08833333333333333 0.043333333333333335
0 0.5175 0.2425 0.08166666666666667 0.025
0 0.66 0.5558333333333333 0.04 0.185
0 0.7933333333333333 0.2475 0.13 0.035
0 0.7775 0.7825 0.145 0.028333333333333332
0 0.7866666666666666 0.041666666666666664 0.35333333333333333 0.06666666666666667
3 0.4025 0.24333333333333335 0.13166666666666665 0.24666666666666667
3 0.9266666666666666 0.2425 0.12 0.345
5 0.049166666666666664 0.2725 0.051666666666666666 0.105
5 0.215 0.2325 0.056666666666666664 0.13166666666666665
5 0.395 0.2425 0.06666666666666667 0.20333333333333334
5 0.6208333333333333 0.5316666666666666 0.03 0.06666666666666667
5 0.9066666666666666 0.755 0.06333333333333334 0.08333333333333333
5 0.9291666666666667 0.23583333333333334 0.09 0.30666666666666664
5 0.6625 0.8058333333333333 0.08833333333333333 0.24
5 0.6375 0.2725 0.06833333333333333 0.24666666666666667
5 0.8216666666666667 0.31166666666666665 0.04 0.07666666666666666