5 0.0625 0.5475 0.10166666666666667 0.11166666666666666
5 0.26166666666666666 0.5591666666666667 0.12333333333333334 0.16333333333333333
5 0.4275 0.5066666666666667 0.07666666666666666 0.05333333333333334
5 0.38416666666666666 0.05583333333333333 0.095 0.05333333333333334
5 0.5191666666666667 0.33166666666666667 0.075 0.07
5 0.67 0.10083333333333333 0.08 0.16166666666666665
5 0.6625 0.9016666666666666 0.09833333333333333 0.17666666666666667
5 0.5716666666666667 0.5566666666666666 0.12333333333333334 0.25
5 0.7166666666666667 0.4925 0.07 0.075
5 0.835 0.305 0.08333333333333333 0.07
5 0.8966666666666666 0.7958333333333333 0.06 0.06833333333333333
5 0.8525 0.5675 0.12333333333333334 0.2783333333333333
0 0.13916666666666666 0.5441666666666667 0.065 0.035
0 0.4475 0.5533333333333333 0.11666666666666667 0.02666666666666667
0 0.7225 0.5625 0.09166666666666666 0.028333333333333332
4 0.06 0.5425 0.1 0.20333333333333334
4 0.6675 0.8958333333333334 0.15166666666666667 0.205
4 0.6658333333333334 0.10083333333333333 0.15833333333333333 0.19166666666666668
2 0.2825247416666667 0.37666666666666665 0.16811608 0.5409731 0.26731042833333335 0.6871328566666667 0.38166666666666665 0.5465507116666667 0.38166666666666665 0.5432421266666666 0.284253715 0.37666666666666665 0.2825247416666667 0.37666666666666665
2 0.7586415416666668 0.5539637433333333 0.8592677950000001 0.73473034 0.9797259333333334 0.568642145 0.8679844133333334 0.39 0.8671554816666666 0.39 0.7586415416666668 0.5539637433333333
0 0.8695262883333333 0.9065840016666668 0.8733333333333333 0.7811803066666667 0.8733333333333333 0.7483333333333333 0.8502487883333333 0.7483333333333333 0.8438933316666667 0.8824694783333332 0.7253407683333333 0.8730334366666667 0.7237387316666667 0.9170685633333333 0.7454962933333333 0.9198904266666666 0.8695262883333333 0.9065840016666668
0 0.4702334666666667 0.13200603833333333 0.495 0.06919900666666667 0.495 0.06833333333333333 0.45720867499999995 0.06833333333333333 0.25235315 0.07538947 0.26063222166666666 0.3826985783333333 0.28759845 0.3804901116666667 0.27638407 0.10789151500000001 0.4702334666666667 0.13200603833333333
0 0.5795086216666667 0.30551371666666666 0.7172858716666667 0.31180435833333336 0.7183333333333334 0.23914551666666667 0.7183333333333334 0.20064793333333333 0.661213785 0.19857106166666666 0.6692240916666666 0.28559295333333334 0.55067153 0.2845445933333333 0.55125751 0.35725750666666667 0.58111072 0.358984885 0.5795086216666667 0.30551371666666666
2 0.5689475316666667 0.36666666666666664 0.48128563333333335 0.548163315 0.5847942716666666 0.710315665 0.6866666666666666 0.54914749 0.6866666666666666 0.5451490133333333 0.5700099516666667 0.36666666666666664 0.5689475316666667 0.36666666666666664