5 0.8591666666666666 0.11916666666666667 0.1325 0.12083333333333333
5 0.059166666666666666 0.5866666666666667 0.06666666666666667 0.0925
5 0.305 0.595 0.10166666666666667 0.0975
5 0.5325 0.61 0.06333333333333334 0.06666666666666667
5 0.7708333333333334 0.5616666666666666 0.02 0.0625
5 0.5575 0.8441666666666666 0.018333333333333333 0.06666666666666667
5 0.7683333333333333 0.9116666666666666 0.10583333333333333 0.08083333333333333
0 0.17416666666666666 0.6041666666666666 0.11083333333333334 0.05416666666666667
0 0.4191666666666667 0.6175 0.11916666666666667 0.05
4 0.06 0.5858333333333333 0.11583333333333333 0.15
1 0.25043598 0.5286377716666667 0.22406042166666665 0.6701339183333334 0.3489089033333333 0.6701339183333334 0.3789004583333333 0.544710955 0.25043598 0.5286377716666667
1 0.8469079 0.8389130250000001 0.7152075183333333 0.8246904033333333 0.6767233266666667 0.9813687183333334 0.79947941 0.9922078133333334 0.8469079 0.8389130250000001
1 0.9943080599999999 0.014631066666666666 0.8052917216666666 0.014631066666666666 0.7245095333333333 0.21929944666666668 0.9050310249999999 0.24729573833333332 0.99535015 0.017160233333333334 0.9943080599999999 0.014631066666666666
2 0.5360944833333334 0.5105937966666666 0.4757586116666667 0.6042311683333333 0.5323745883333334 0.7046639666666666 0.5918926833333333 0.6262100183333333 0.5360944833333334 0.5105937966666666
0 0.8439146083333333 0.26078014 0.8095057466666666 0.25665097166666667 0.80392587 0.630339185 0.5920241616666666 0.6093911266666667 0.5928226383333333 0.6344685116666666 0.8113656583333333 0.65511427 0.8439146083333333 0.26078014
0 0.5351645283333334 0.876023755 0.5407443333333333 0.7025993433333333 0.5257527983333333 0.7074303433333333 0.5249348716666666 0.9152507283333333 0.6913994450000001 0.9338319433333333 0.6886096483333334 0.8904757233333334 0.5351645283333334 0.876023755