5 0.9483333333333334 0.65 0.06666666666666667 0.18333333333333332
5 0.7716666666666666 0.6875 0.06 0.28833333333333333
5 0.6033333333333334 0.715 0.09333333333333334 0.31333333333333335
5 0.4225 0.165 0.105 0.25333333333333335
5 0.44166666666666665 0.44 0.056666666666666664 0.11
5 0.43666666666666665 0.7408333333333333 0.06333333333333334 0.24166666666666667
5 0.3333333333333333 0.8566666666666667 0.06333333333333334 0.13
5 0.22083333333333333 0.7733333333333333 0.07333333333333333 0.26
5 0.0575 0.7958333333333333 0.055 0.19166666666666668
0 0.845 0.6566666666666666 0.05333333333333334 0.056666666666666664
0 0.69 0.6791666666666667 0.07 0.065
0 0.5275 0.7116666666666667 0.04833333333333333 0.04666666666666667
0 0.4058333333333333 0.45916666666666667 0.03833333333333333 0.275
0 0.3275 0.7491666666666666 0.07166666666666667 0.055
0 0.1425 0.745 0.03833333333333333 0.06333333333333334
4 0.9366666666666666 0.6525 0.12666666666666668 0.32166666666666666
4 0.065 0.815 0.12 0.3433333333333333
3 0.6041666666666666 0.7266666666666667 0.09833333333333333 0.38666666666666666
3 0.4275 0.17083333333333334 0.125 0.325
1 0.8157800933333333 0.9233333333333333 0.8165239283333333 0.9233333333333333 0.8174322383333333 0.5400712866666667 0.72525977 0.48353290833333334 0.7188553483333333 0.841197055 0.8157800933333333 0.9233333333333333
1 0.27811094833333333 0.9666666666666667 0.2802547516666667 0.9666666666666667 0.285 0.6901291516666667 0.285 0.67290334 0.17455418166666667 0.5958554166666667 0.17333333333333334 0.8167400733333333 0.17333333333333334 0.8858270766666667 0.27811094833333333 0.9666666666666667
2 0.4460979566666667 0.9083333333333333 0.446975885 0.9083333333333333 0.50432166 0.7054158133333334 0.42128741166666667 0.5772164266666667 0.35702047333333337 0.74975435 0.4460979566666667 0.9083333333333333
0 0.4816666666666667 0.170447495 0.5623387416666668 0.16460702 0.567141945 0.54 0.5671715350000001 0.54 0.60716952 0.531138965 0.585730555 0.1154012 0.4816666666666667 0.11729472166666667 0.4816666666666667 0.170447495