4 0.3775 0.115 0.15166666666666667 0.23
4 0.9366666666666666 0.7633333333333333 0.12333333333333334 0.26
0 0.3975 0.265 0.07833333333333334 0.09333333333333334
0 0.30343740333333336 0.8533333333333334 0.24549445333333333 0.5044799116666667 0.30955871 0.43285121833333334 0.27115790833333336 0.41813858666666665 0.27752653499999996 0.41422786666666667 0.12136998833333335 0.41422786666666667 0.05730582666666667 0.8439995066666667 0.28650848333333334 0.8533333333333334 0.30343740333333336 0.8533333333333334
2 0.3925 0.8616666666666667 0.18166666666666667 0.2733333333333333
0 0.3875 0.65 0.08333333333333333 0.15333333333333332
0 0.5383333333333333 0.8383333333333334 0.15 0.056666666666666664
0 0.8116666666666666 0.8008333333333333 0.13333333333333333 0.075
1 0.385 0.4483333333333333 0.19 0.27
1 0.6808333333333333 0.8133333333333334 0.15333333333333332 0.2966666666666667
5 0.05333333333333334 0.6041666666666666 0.10666666666666667 0.14166666666666666
5 0.38166666666666665 0.125 0.11333333333333333 0.16
5 0.3875 0.4483333333333333 0.10833333333333334 0.18
5 0.3925 0.845 0.09333333333333334 0.13
5 0.5591666666666667 0.9316666666666666 0.085 0.12333333333333334
5 0.6808333333333333 0.805 0.09833333333333333 0.17666666666666667
5 0.925 0.7641666666666667 0.09666666666666666 0.13833333333333334