1 0.22968670333333335 0.247673385 0.2562431133333333 0.25634873166666666 0.025594773333333334 0.37568676166666665 0.7768270633333334 0.3852877416666666 0.9896039616666666 0.25407407833333334 0.22968670333333335 0.247673385
1 0.23995646833333334 0.6722655483333333 0 0.8205332333333333 0.11813402666666666 0.8217789266666667 0.6769524216666667 0.8125323966666667 0.9244681966666667 0.6781183883333334 0.23837134000000001 0.6733178383333334 0.23995646833333334 0.6722655483333333
3 0.43833333333333335 0.53 0.8416666666666667 0.15166666666666667
4 0.5575 0.07333333333333333 0.3958333333333333 0.13416666666666666
4 0.44583333333333336 0.9416666666666667 0.38166666666666665 0.11666666666666667
5 0.4633333333333333 0.7291666666666666 0.5225 0.0575
5 0.4708333333333333 0.5183333333333333 0.56 0.06
5 0.5175 0.3075 0.5875 0.0625
0 0.5566666666666666 0.19666666666666666 0.10166666666666667 0.12416666666666666
0 0.44083333333333335 0.4191666666666667 0.195 0.08583333333333333
0 0.5033333333333333 0.6433333333333333 0.2 0.11083333333333334
0 0.4675 0.8508333333333333 0.18416666666666667 0.09666666666666666