4 0.9416666666666667 0.8266666666666667 0.08 0.06333333333333334
4 0.945 0.5083333333333333 0.08333333333333333 0.05
4 0.8441666666666666 0.8233333333333334 0.10166666666666667 0.03333333333333333
3 0.7416666666666667 0.8025 0.16 0.21833333333333332
5 0.7375 0.7983333333333333 0.06166666666666667 0.17666666666666667
3 0.7733333333333333 0.49333333333333335 0.12333333333333334 0.16666666666666666
0 0.6058333333333333 0.8175 0.13833333333333334 0.03166666666666667
0 0.6475 0.495 0.13166666666666665 0.04
0 0.505 0.365 0.04666666666666667 0.07
0 0.4666666666666667 0.6216666666666667 0.06333333333333334 0.13
0 0.16 0.23916666666666667 0.06 0.035
0 0.15 0.46416666666666667 0.06666666666666667 0.06166666666666667
0 0.12666666666666668 0.7625 0.05333333333333334 0.12166666666666667
5 0.44 0.795 0.15 0.15
5 0.4791666666666667 0.47583333333333333 0.06166666666666667 0.11333333333333333
5 0.5116666666666667 0.2725 0.05 0.085
5 0.635 0.4625 0.06333333333333334 0.03666666666666667
5 0.77 0.4925 0.07333333333333333 0.13833333333333334
3 0.5083333333333333 0.2725 0.12333333333333334 0.12833333333333333
0 0.3591666666666667 0.165 0.19 0.18333333333333332
0 0.2675 0.8791666666666667 0.145 0.12166666666666667
3 0.1275 0.9075 0.16833333333333333 0.175
5 0.1275 0.9066666666666666 0.08166666666666667 0.13666666666666666
5 0.165 0.59 0.09666666666666666 0.18
5 0.17666666666666667 0.3425 0.09333333333333334 0.14833333333333334
5 0.15083333333333335 0.12583333333333332 0.16833333333333333 0.13333333333333333
3 0.17416666666666666 0.3416666666666667 0.225 0.18666666666666668
2 0.5133755816666666 0.395 0.365 0.48244079166666665 0.365 0.48316710166666665 0.47752732166666667 0.55598321 0.5791666666666667 0.49585773166666663 0.5159183966666667 0.395 0.5133755816666666 0.395
1 0.25479673 0.4716666666666667 0.08105191166666667 0.5174195433333334 0.055 0.7121533833333333 0.055 0.71344549 0.23842896166666666 0.6768827716666667 0.25960609333333334 0.4716666666666667 0.25479673 0.4716666666666667
1 0.25758827 0.0033333333333333335 0.05407103666666667 0.05958609166666667 0.045 0.23638015333333334 0.045 0.25108084166666667 0.2540710366666667 0.19377919166666668 0.25833333333333336 0.028390511666666663 0.25833333333333336 0.0033333333333333335 0.25758827 0.0033333333333333335
1 0.32 0.9254067766666666 0.5296857933333334 0.8796142666666666 0.5608333333333333 0.66699663 0.357554645 0.7210224233333333 0.32 0.9164831816666666 0.32 0.9254067766666666