2 0.31970333 0.35112772999999997 0.24129514166666666 0.15284272999999998 0.24272763500000002 0.14333333333333334 0.24260903166666664 0.14333333333333334 0.18688943333333335 0.359979735 0.18038634666666667 0.35707895 0.26689782500000003 0.45204053499999997 0.31970333 0.35112772999999997
3 0.056666666666666664 0.3616666666666667 0.09333333333333334 0.30333333333333334
3 0.6941666666666667 0.325 0.095 0.27666666666666667
3 0.8391666666666666 0.735 0.07833333333333334 0.28
3 0.30416666666666664 0.7991666666666667 0.105 0.38333333333333336
5 0.04416666666666667 0.38666666666666666 0.06833333333333333 0.16
5 0.31 0.7925 0.05333333333333334 0.3566666666666667
5 0.24333333333333335 0.5308333333333334 0.06333333333333334 0.105
5 0.25083333333333335 0.3408333333333333 0.058333333333333334 0.135
5 0.13833333333333334 0.034166666666666665 0.056666666666666664 0.06166666666666667
5 0.7008333333333333 0.30666666666666664 0.07333333333333333 0.21666666666666667
5 0.7433333333333333 0.67 0.05333333333333334 0.06666666666666667
5 0.5808333333333333 0.4675 0.05333333333333334 0.105
5 0.8408333333333333 0.73 0.045 0.24
5 0.585 0.76 0.06333333333333334 0.2866666666666667
0 0.14416666666666667 0.3491666666666667 0.11166666666666666 0.06166666666666667
0 0.4791666666666667 0.33416666666666667 0.35333333333333333 0.10833333333333334
0 0.14166666666666666 0.145 0.22666666666666666 0.15
0 0.42 0.8016666666666666 0.14333333333333334 0.07
0 0.735 0.7383333333333333 0.15333333333333332 0.07666666666666666
0 0.6466666666666666 0.5141666666666667 0.21333333333333335 0.19166666666666668
0 0.8716666666666667 0.5316666666666666 0.25666666666666665 0.48
0 0.2833333333333333 0.5216666666666666 0.04666666666666667 0.17333333333333334