5 0.075 0.10583333333333333 0.07333333333333333 0.03
5 0.08583333333333333 0.4791666666666667 0.06166666666666667 0.028333333333333332
5 0.28833333333333333 0.525 0.08 0.2
5 0.43083333333333335 0.545 0.085 0.05333333333333334
5 0.6208333333333333 0.5158333333333334 0.06666666666666667 0.17166666666666666
5 0.5816666666666667 0.6658333333333334 0.03666666666666667 0.035
5 0.6341666666666667 0.7866666666666666 0.07833333333333334 0.13333333333333333
5 0.5825 0.1275 0.155 0.16333333333333333
5 0.885 0.11583333333333333 0.07666666666666666 0.195
5 0.8883333333333333 0.37666666666666665 0.07333333333333333 0.18
5 0.9183333333333333 0.6491666666666667 0.08 0.16166666666666665
5 0.2916666666666667 0.14666666666666667 0.07333333333333333 0.19333333333333333
5 0.9041666666666667 0.89 0.135 0.14
0 0.17833333333333334 0.11583333333333333 0.09 0.025
0 0.44416666666666665 0.1225 0.12 0.021666666666666667
0 0.18666666666666668 0.4775 0.08666666666666667 0.023333333333333334
0 0.43416666666666665 0.505 0.16833333333333333 0.02666666666666667
0 0.6033333333333334 0.32666666666666666 0.08666666666666667 0.18
0 0.6141666666666666 0.6666666666666666 0.028333333333333332 0.07666666666666666
0 0.88 0.2475 0.056666666666666664 0.058333333333333334
0 0.91 0.52 0.056666666666666664 0.07666666666666666
0 0.9041666666666667 0.7716666666666666 0.035 0.056666666666666664
3 0.2991666666666667 0.525 0.135 0.25
1 0.5145774083333333 0.26166666666666666 0.6966666666666667 0.21759224666666668 0.6966666666666667 0.21032757 0.6748044533333334 0.0018918466666666667 0.48851512500000005 0.04148472 0.5100027 0.26166666666666666 0.5145774083333333 0.26166666666666666
4 0.0675 0.10916666666666666 0.13333333333333333 0.07166666666666667
4 0.08 0.475 0.13 0.06666666666666667
3 0.3 0.15416666666666667 0.18666666666666668 0.23833333333333334
3 0.8833333333333333 0.11583333333333333 0.14333333333333334 0.225
3 0.9025 0.655 0.12833333333333333 0.19666666666666666
3 0.62 0.7975 0.18 0.19166666666666668
2 0.7816666666666666 0.514286225 0.5972565483333333 0.41001185 0.487285475 0.49886796666666666 0.6100003033333333 0.6299937583333334 0.7816666666666666 0.51564476 0.7816666666666666 0.514286225
1 0.8299509866666667 0.5083333333333333 0.9733333333333334 0.4732363266666667 0.9733333333333334 0.4562124233333334 0.9658922950000001 0.255 0.9650238116666666 0.255 0.80372425 0.29754721333333334 0.8285991416666667 0.5083333333333333 0.8299509866666667 0.5083333333333333
0 0.8014373316666666 0.8733333333333333 0.8283333333333334 0.8526790116666667 0.8283333333333334 0.8521955333333333 0.7008724866666666 0.777733125 0.702746785 0.8028834783333334 0.79775187 0.8733333333333333 0.8014373316666666 0.8733333333333333
1 0.7996992766666667 0.995 0.9933333333333333 0.9596388400000001 0.9933333333333333 0.9497911749999999 0.9764916433333334 0.7725468866666667 0.79697609 0.8141862066666667 0.7956542449999999 0.995 0.7996992766666667 0.995