4 0.7833333333333333 0.8791666666666667 0.05333333333333334 0.07833333333333334
4 0.43666666666666665 0.9208333333333333 0.07333333333333333 0.12833333333333333
0 0.7775 0.7816666666666666 0.025 0.12333333333333334
0 0.44 0.8041666666666667 0.02 0.10166666666666667
0 0.5991666666666666 0.38416666666666666 0.16166666666666665 0.051666666666666666
0 0.3075 0.3925 0.07833333333333334 0.03833333333333333
0 0.23 0.0975 0.07333333333333333 0.02666666666666667
0 0.49583333333333335 0.0825 0.09 0.03166666666666667
0 0.7733333333333333 0.0925 0.11 0.03833333333333333
0 0.7916666666666666 0.31265748666666665 0.841955005 0.3111220916666667 0.89776247 0.20457484 0.8521220366666666 0.2 0.8515161433333334 0.2 0.7916666666666666 0.3121282283333333 0.7916666666666666 0.31265748666666665
3 0.78 0.6658333333333334 0.18666666666666668 0.11166666666666666
3 0.43583333333333335 0.6883333333333334 0.17833333333333334 0.12333333333333334
0 0.4508333333333333 0.5525 0.021666666666666667 0.135
3 0.1875 0.3908333333333333 0.16833333333333333 0.155
3 0.3641666666666667 0.1025 0.17666666666666667 0.13
3 0.9125 0.10416666666666667 0.15666666666666668 0.16166666666666665
2 0.43282466666666664 0.30833333333333335 0.42779696 0.30833333333333335 0.3966471933333333 0.34709542833333334 0.3616666666666667 0.3984645633333333 0.3616666666666667 0.4005723683333333 0.40362312666666667 0.45364268166666666 0.45158266499999994 0.4891584316666667 0.49169428 0.43511272333333334 0.5143660633333333 0.374890365 0.47687042333333335 0.3239329833333333 0.43282466666666664 0.30833333333333335
1 0.5283333333333333 0.15993617499999999 0.6963478083333334 0.15993617499999999 0.7329714566666666 0.024049825 0.5592034600000001 0.013333333333333334 0.5576824149999999 0.013333333333333334 0.5283333333333333 0.15855119333333334 0.5283333333333333 0.15993617499999999
1 0.006666666666666667 0.14964266166666665 0.006666666666666667 0.15187967666666669 0.173329845 0.16417696333333334 0.20666666666666667 0.05367670833333333 0.20666666666666667 0.05140196166666666 0.05696668 0.04 0.04483369833333333 0.04 0.006666666666666667 0.14964266166666665
1 0.7199622133333333 0.319324685 0.65369085 0.4721968283333334 0.8612248583333333 0.4721968283333334 0.8889652266666667 0.30333333333333334 0.8792246616666667 0.30333333333333334 0.7199622133333333 0.319324685
5 0.7816666666666666 0.6675 0.15666666666666668 0.06333333333333334
5 0.43916666666666665 0.6841666666666667 0.155 0.06833333333333333
5 0.4375 0.91 0.025 0.10333333333333333
5 0.7825 0.8758333333333334 0.023333333333333334 0.035
5 0.7916666666666666 0.39166666666666666 0.14 0.11333333333333333
5 0.43916666666666665 0.38083333333333336 0.115 0.055
5 0.4083333333333333 0.5533333333333333 0.03666666666666667 0.09
5 0.31833333333333336 0.455 0.03666666666666667 0.08333333333333333
5 0.18583333333333332 0.37416666666666665 0.13166666666666665 0.058333333333333334
5 0.35583333333333333 0.11166666666666666 0.13833333333333334 0.09
5 0.6291666666666667 0.07916666666666666 0.14666666666666667 0.07833333333333334
5 0.9166666666666666 0.09333333333333334 0.14666666666666667 0.07666666666666666
5 0.1225 0.10083333333333333 0.10666666666666667 0.10666666666666667