4 0.525 0.058333333333333334 0.20666666666666667 0.09583333333333334
4 0.5 0.9516666666666667 0.2875 0.07333333333333333
0 0.5225 0.1625 0.105 0.09416666666666666
0 0.4825 0.4025 0.1375 0.12416666666666666
0 0.565 0.6483333333333333 0.10166666666666667 0.12166666666666667
0 0.4841666666666667 0.8733333333333333 0.09333333333333334 0.0825
5 0.515 0.27666666666666667 0.41333333333333333 0.049166666666666664
5 0.5858333333333333 0.5266666666666666 0.555 0.06916666666666667
5 0.4683333333333333 0.7733333333333333 0.5391666666666667 0.07666666666666666
1 0.33225283666666666 0.2144571083333333 0.13776337166666666 0.3449310133333333 0.7901134516666666 0.31793641333333333 0.97649919 0.20095980833333332 0.33225283666666666 0.2144571083333333
1 0.20259319333333334 0.7198560283333333 0.008103728333333334 0.8398320333333333 0.7455429499999999 0.8188362333333333 0.92382496 0.6883623283333333 0.20259319333333334 0.7198560283333333
1 0.22690437666666669 0.4739052183333334 0.21069692 0.5938812233333334 0.8752025933333334 0.5683863233333333 0.90356564 0.4424115183333333 0.22690437666666669 0.4739052183333334