4 0.2941666666666667 0.9075 0.135 0.16833333333333333
4 0.9275 0.19333333333333333 0.115 0.17333333333333334
0 0.29 0.7525 0.04666666666666667 0.10666666666666667
0 0.13333333333333333 0.3491666666666667 0.12 0.405
0 0.2891666666666667 0.37083333333333335 0.058333333333333334 0.165
0 0.4891666666666667 0.1625 0.23166666666666666 0.045
0 0.8075 0.17833333333333334 0.12333333333333334 0.05
1 0.22629934166666668 0.4483333333333333 0.22217083666666668 0.4483333333333333 0.20427871333333333 0.63887255 0.36184173666666664 0.6847549016666666 0.36484293833333337 0.49063725500000005 0.22629934166666668 0.4483333333333333
1 0.7366666666666667 0.31715001 0.7366666666666667 0.2968736066666667 0.7213915566666667 0.04102941 0.6088465383333334 0.006911763333333334 0.6178501383333334 0.2833823516666667 0.7366666666666667 0.31715001
5 0.034166666666666665 0.32666666666666666 0.058333333333333334 0.12333333333333334
5 0.2775 0.56 0.085 0.17333333333333334
5 0.2875 0.9033333333333333 0.07333333333333333 0.135
5 0.2816666666666667 0.16583333333333333 0.06333333333333334 0.11833333333333333
5 0.4666666666666667 0.07666666666666666 0.08 0.10666666666666667
5 0.6666666666666666 0.15583333333333332 0.07333333333333333 0.21833333333333332
5 0.9375 0.19916666666666666 0.06333333333333334 0.11166666666666666
2 0.375 0.151606035 0.26944462166666666 0.07 0.26746684000000004 0.07 0.18577030833333333 0.15617647166666668 0.286310525 0.27970588333333335 0.375 0.15454729333333334 0.375 0.151606035