4 0.058333333333333334 0.475 0.09666666666666666 0.20666666666666667
4 0.9516666666666667 0.5 0.07333333333333333 0.2866666666666667
0 0.1625 0.4775 0.095 0.105
0 0.4025 0.5175 0.125 0.13833333333333334
0 0.6483333333333333 0.435 0.12333333333333334 0.10333333333333333
0 0.8733333333333333 0.5158333333333334 0.08333333333333333 0.09333333333333334
5 0.27666666666666667 0.485 0.05 0.41333333333333333
5 0.5266666666666666 0.4141666666666667 0.07 0.555
5 0.7733333333333333 0.5316666666666666 0.07666666666666666 0.54
1 0.20059556833333334 0.025 0.214069185 0.6681158833333334 0.3433333333333333 0.8608020383333334 0.3433333333333333 0.8333704333333334 0.31754848999999996 0.21025526833333333 0.20128137333333332 0.025 0.20059556833333334 0.025
1 0.6883200316666667 0.07666666666666666 0.7197865433333333 0.797275795 0.8383333333333334 0.9894484033333333 0.8383333333333334 0.9415666866666667 0.8187667483333333 0.25432603833333334 0.688748515 0.07666666666666666 0.6883200316666667 0.07666666666666666
1 0.443090325 0.09666666666666666 0.47455158833333333 0.77263101 0.5933333333333334 0.788677135 0.5933333333333334 0.757710965 0.5690326933333334 0.12433279333333334 0.44615326666666666 0.09666666666666666 0.443090325 0.09666666666666666