5 0.5366666666666666 0.2975 0.62 0.06166666666666667
5 0.4716666666666667 0.5008333333333334 0.7133333333333334 0.06833333333333333
5 0.4825 0.7408333333333333 0.6683333333333333 0.06
0 0.41083333333333333 0.16416666666666666 0.10833333333333334 0.11166666666666666
0 0.51 0.40166666666666667 0.14 0.09666666666666666
0 0.5216666666666666 0.6091666666666666 0.15333333333333332 0.12166666666666667
0 0.5133333333333333 0.8458333333333333 0.15666666666666668 0.10166666666666667
4 0.37166666666666665 0.055 0.37 0.10666666666666667
4 0.5466666666666666 0.9516666666666667 0.37 0.08666666666666667
3 0.4558333333333333 0.49916666666666665 0.8683333333333333 0.115
1 0.07666666666666666 0.22265510333333333 0.21152095333333332 0.344916995 0.94580359 0.35833333333333334 0.99878093 0.35833333333333334 0.8411025099999999 0.24632172500000002 0.07666666666666666 0.22166868833333334 0.07666666666666666 0.22265510333333333
1 0.6544061366666667 0.785 0.9541886016666666 0.7837568416666666 0.8103661249999999 0.6966402983333333 0.080016805 0.68288751 0.18008369166666666 0.785 0.6544061366666667 0.785