4 0.5125 0.058333333333333334 0.2025 0.09166666666666666
4 0.5283333333333333 0.9541666666666667 0.24333333333333335 0.09166666666666666
3 0.19416666666666665 0.8058333333333333 0.3233333333333333 0.13166666666666665
3 0.85 0.6516666666666666 0.2866666666666667 0.12666666666666668
5 0.5058333333333334 0.06583333333333333 0.13916666666666666 0.050833333333333335
5 0.49166666666666664 0.24333333333333335 0.16833333333333333 0.0625
5 0.49416666666666664 0.4483333333333333 0.1375 0.04
5 0.2425 0.43333333333333335 0.1475 0.06666666666666667
5 0.9191666666666667 0.525 0.13 0.0625
5 0.8466666666666667 0.6466666666666666 0.235 0.08166666666666667
5 0.17416666666666666 0.6266666666666667 0.18833333333333332 0.060833333333333336
5 0.18916666666666668 0.795 0.25416666666666665 0.0775
5 0.5025 0.9575 0.13583333333333333 0.058333333333333334
0 0.5175 0.14583333333333334 0.04 0.08583333333333333
0 0.49583333333333335 0.33916666666666667 0.04666666666666667 0.09333333333333334
0 0.7408333333333333 0.5116666666666667 0.2325 0.16666666666666666
0 0.15666666666666668 0.7116666666666667 0.045 0.08666666666666667
0 0.2525 0.5125 0.23166666666666666 0.1075
0 0.30083333333333334 0.9158333333333334 0.22916666666666666 0.1425
0 0.765 0.8333333333333334 0.24666666666666667 0.2816666666666667
1 0.39216148166666664 0.17566586166666667 0.3819254816666667 0.18036392833333334 0.3304096733333333 0.30687958499999995 0.5774167716666667 0.3036792383333333 0.6936554466666667 0.17566586166666667 0.39216148166666664 0.17566586166666667
1 0.07613763166666666 0.5613061333333333 0.06857398166666666 0.5582883433333333 0.005304678333333333 0.6829188783333333 0.288636355 0.6637169816666667 0.352204365 0.5517052766666667 0.07613763166666666 0.5613061333333333
2 0.4757079833333333 0.36768592666666666 0.475022665 0.360327935 0.35765310666666666 0.47329693666666667 0.49205407 0.5053002816666666 0.6500659266666666 0.44449394000000003 0.4757079833333333 0.36768592666666666