5 0.605 0.8066666666666666 0.16666666666666666 0.16
5 0.17833333333333334 0.8633333333333333 0.29 0.16666666666666666
5 0.85 0.1775 0.2733333333333333 0.15333333333333332
5 0.41583333333333333 0.14916666666666667 0.3016666666666667 0.22166666666666668
5 0.10333333333333333 0.13583333333333333 0.08333333333333333 0.145
0 0.7791666666666667 0.8241666666666667 0.11166666666666666 0.08166666666666667
0 0.4091666666666667 0.8516666666666667 0.15166666666666667 0.07333333333333333
0 0.6458333333333334 0.17333333333333334 0.095 0.08
0 0.21083333333333334 0.14416666666666667 0.095 0.06
4 0.9133333333333333 0.8116666666666666 0.15333333333333332 0.23166666666666666
4 0.085 0.14833333333333334 0.16333333333333333 0.18666666666666668
1 0.9233333333333333 0.8091666666666667 0.10333333333333333 0.135
3 0.8416666666666667 0.18083333333333335 0.305 0.22
3 0.16833333333333333 0.845 0.3233333333333333 0.24
1 0.5200467833333333 0.7076895433333333 0.46166666666666667 0.967427735 0.46166666666666667 0.974404965 0.697387855 0.9384787616666667 0.7425665483333332 0.6783333333333333 0.740321235 0.6783333333333333 0.5200467833333333 0.7076895433333333
1 0.29707355 0.01 0.2966693183333333 0.01 0.22666666666666666 0.2596257983333333 0.22666666666666666 0.26392070333333334 0.4089845833333333 0.2966666666666667 0.40906483166666663 0.2966666666666667 0.5873899733333333 0.2705784816666667 0.643454805 0.01158304 0.4634428016666666 0.037949851666666666 0.29707355 0.01
0 0.901036705 0.5079139766666666 0.8961820216666666 0.29333333333333333 0.8919429683333334 0.29333333333333333 0.8640575049999999 0.30192405833333336 0.8752210550000001 0.4716598 0.16666666666666666 0.5572274433333333 0.16666666666666666 0.6112389483333333 0.16912753833333333 0.7402706416666667 0.17683611666666665 0.7424672066666667 0.17819793166666667 0.5804224516666666 0.901036705 0.5079139766666666