2 0.6042304216666666 0.4801622933333333 0.4875182833333333 0.40802494666666667 0.46806626 0.44970433833333334 0.4045229633333333 0.49138367 0.5004862983333334 0.6003912016666666 0.6042304216666666 0.4801622933333333
1 0.025856853333333336 0.18680376666666668 0.035992188333333335 0.192708335 0 0.33749069000000004 0.22815797333333332 0.34390286166666667 0.278733155 0.180391625 0.025856853333333336 0.18680376666666668
1 0.7390978016666667 0.650085855 0.7363812933333334 0.65144231 0.6950064316666666 0.8264215883333333 0.959554065 0.8184063283333333 1 0.6564980266666667 0.7390978016666667 0.650085855
4 0.11333333333333333 0.059166666666666666 0.21333333333333335 0.10166666666666667
4 0.84 0.9508333333333333 0.1875 0.09083333333333334
0 0.11083333333333334 0.14333333333333334 0.05583333333333333 0.08083333333333333
0 0.11833333333333333 0.38916666666666666 0.04416666666666667 0.09583333333333334
0 0.13833333333333334 0.6725 0.07583333333333334 0.17916666666666667
0 0.325 0.49833333333333335 0.15916666666666668 0.06666666666666667
0 0.39666666666666667 0.7016666666666667 0.2808333333333333 0.2916666666666667
0 0.7183333333333334 0.5516666666666666 0.25916666666666666 0.21666666666666667
0 0.8308333333333333 0.8591666666666666 0.04 0.095
3 0.13083333333333333 0.5141666666666667 0.25166666666666665 0.15916666666666668
3 0.14166666666666666 0.8391666666666666 0.25083333333333335 0.16666666666666666
5 0.10333333333333333 0.05416666666666667 0.13083333333333333 0.08833333333333333
5 0.1325 0.5141666666666667 0.1775 0.07833333333333334
5 0.13416666666666666 0.7908333333333334 0.13083333333333333 0.04583333333333333
5 0.14416666666666667 0.8683333333333333 0.14166666666666666 0.05333333333333334
5 0.3675 0.7625 0.14083333333333334 0.0775
5 0.5058333333333334 0.49666666666666665 0.10583333333333333 0.07333333333333333
5 0.715 0.43416666666666665 0.12583333333333332 0.08916666666666667
5 0.8508333333333333 0.7475 0.17666666666666667 0.10333333333333333
5 0.8358333333333333 0.9441666666666667 0.11083333333333334 0.06
5 0.1225 0.28 0.19833333333333333 0.095