5 0.3933333333333333 0.9141666666666667 0.36333333333333334 0.10166666666666667
5 0.3883333333333333 0.7225 0.5766666666666667 0.105
5 0.5225 0.49916666666666665 0.31666666666666665 0.06833333333333333
5 0.24666666666666667 0.38416666666666666 0.31666666666666665 0.07833333333333334
5 0.5175 0.2725 0.605 0.09333333333333334
5 0.5866666666666667 0.0725 0.31666666666666665 0.07833333333333334
0 0.3875 0.8208333333333333 0.16833333333333333 0.10166666666666667
0 0.4266666666666667 0.6183333333333333 0.12666666666666668 0.07333333333333333
0 0.49 0.38333333333333336 0.15 0.08
0 0.5116666666666667 0.1625 0.16 0.06833333333333333
4 0.38416666666666666 0.925 0.515 0.13
4 0.5291666666666667 0.07166666666666667 0.6083333333333333 0.12666666666666668
1 0.19223301833333334 0.645 0.021666666666666667 0.7774283733333334 0.021666666666666667 0.7782789966666667 0.63830962 0.7656174866666667 0.7881642050000001 0.6534163383333333 0.26741417333333334 0.645 0.19223301833333334 0.645
1 0.28559344000000003 0.20166666666666666 0.25800225000000004 0.20166666666666666 0.09504205666666667 0.33929831 0.7994446883333333 0.33514296666666665 0.9577684883333334 0.203204895 0.28559344000000003 0.20166666666666666
2 0.5175385083333333 0.42333333333333334 0.16333333333333333 0.5005168083333333 0.16333333333333333 0.50072434 0.44145407 0.5854616166666666 0.816392765 0.4948009216666667 0.5277530450000001 0.42333333333333334 0.5175385083333333 0.42333333333333334