3 0.8058333333333333 0.685 0.29833333333333334 0.18333333333333332
3 0.8066666666666666 0.16083333333333333 0.34 0.20166666666666666
3 0.34 0.25333333333333335 0.2866666666666667 0.17
3 0.3641666666666667 0.9075 0.20166666666666666 0.17833333333333334
2 0.8162736916666666 0.34833333333333333 0.8080692333333334 0.34833333333333333 0.6416666666666667 0.45187151166666667 0.6416666666666667 0.45421974500000006 0.8137223583333333 0.5490404950000001 0.9938193649999999 0.438048565 0.898264335 0.38040042 0.8162736916666666 0.34833333333333333
0 0.8058333333333333 0.2925 0.055 0.105
0 0.8058333333333333 0.5825 0.095 0.08166666666666667
0 0.5625 0.6875 0.195 0.08833333333333333
0 0.36583333333333334 0.8058333333333333 0.06166666666666667 0.06833333333333333
0 0.15166666666666667 0.8158333333333333 0.21833333333333332 0.30833333333333335
0 0.3541666666666667 0.4875 0.12166666666666667 0.32166666666666666
0 0.4625 0.0925 0.31333333333333335 0.185
0 0.5541666666666667 0.3566666666666667 0.15833333333333333 0.24
5 0.5525 0.7433333333333333 0.085 0.07333333333333333
5 0.3575 0.8941666666666667 0.12 0.075
5 0.36916666666666664 0.6891666666666667 0.12166666666666667 0.06833333333333333
5 0.0325 0.8766666666666667 0.065 0.08333333333333333
5 0.5258333333333334 0.44916666666666666 0.07833333333333334 0.09333333333333334
5 0.35 0.2625 0.21 0.08833333333333333
5 0.8283333333333334 0.44666666666666666 0.23 0.08833333333333333
5 0.8041666666666667 0.6941666666666667 0.24833333333333332 0.095
5 0.8291666666666667 0.16416666666666666 0.22833333333333333 0.085
5 0.7383333333333333 0.3025 0.08 0.07166666666666667