4 0.6283333333333333 0.04416666666666667 0.10333333333333333 0.08833333333333333
4 0.12416666666666666 0.9408333333333333 0.105 0.115
3 0.6041666666666666 0.31333333333333335 0.33 0.13666666666666666
3 0.5208333333333334 0.6166666666666667 0.45166666666666666 0.12
3 0.8991666666666667 0.4825 0.19833333333333333 0.14166666666666666
0 0.29333333333333333 0.5875 0.39666666666666667 0.22166666666666668
0 0.1375 0.855 0.045 0.1
0 0.7225 0.63 0.37166666666666665 0.22333333333333333
0 0.8433333333333334 0.37583333333333335 0.23333333333333334 0.10833333333333334
0 0.6216666666666667 0.10666666666666667 0.04666666666666667 0.06666666666666667
0 0.6275 0.24416666666666667 0.035 0.03166666666666667
0 0.5883333333333334 0.4166666666666667 0.043333333333333335 0.08333333333333333
0 0.5766666666666667 0.5508333333333333 0.05 0.045
5 0.6316666666666667 0.18583333333333332 0.11333333333333333 0.055
5 0.6191666666666666 0.28833333333333333 0.265 0.056666666666666664
5 0.6058333333333333 0.3433333333333333 0.10666666666666667 0.04
5 0.5816666666666667 0.4925 0.09666666666666666 0.041666666666666664
5 0.44 0.4483333333333333 0.06666666666666667 0.04666666666666667
5 0.5216666666666666 0.6166666666666667 0.4033333333333333 0.04666666666666667
5 0.915 0.48 0.08333333333333333 0.055
5 0.12583333333333332 0.7533333333333333 0.185 0.06666666666666667
1 0.57573239 0.235 0.7460816633333334 0.22177135166666667 0.6923953533333334 0.12262955666666668 0.5035679783333333 0.13696244166666666 0.5599554766666667 0.235 0.57573239 0.235
1 0.01 0.7042708283333333 0.058922695 0.8249997 0.27829861333333333 0.8466666666666667 0.28548521833333335 0.8466666666666667 0.22952897833333333 0.6879282633333333 0.232961885 0.7017868133333334 0.01 0.7017868133333334 0.01 0.7042708283333333
2 0.49333333333333335 0.49169571333333334 0.5677888283333333 0.55 0.5692291866666667 0.55 0.6724378516666667 0.5055952266666667 0.5898866700000001 0.42577982333333336 0.49333333333333335 0.4907623483333333 0.49333333333333335 0.49169571333333334
5 0.5341666666666667 0.5366666666666666 0.035 0.04