4 0.8741666666666666 0.9158333333333334 0.20833333333333334 0.16833333333333333
4 0.1875 0.07833333333333334 0.205 0.15666666666666668
3 0.8383333333333334 0.5383333333333333 0.30666666666666664 0.14333333333333334
3 0.8416666666666667 0.24916666666666668 0.20333333333333334 0.20833333333333334
1 0.675 0.7746406533333334 0.675 0.7748099366666666 0.9640968466666667 0.7858535383333333 0.9999704683333333 0.6722728416666667 0.72881339 0.6738749066666667 0.675 0.7746406533333334
1 0.05400619166666666 0.23333333333333334 0.005 0.321175965 0.005 0.321638335 0.29186413 0.348695105 0.33971726166666666 0.246317135 0.08316234666666666 0.23333333333333334 0.05400619166666666 0.23333333333333334
2 0.47510959333333336 0.44 0.47491402833333335 0.44 0.41 0.5245577266666667 0.41 0.5275692533333334 0.5163632233333333 0.611345185 0.5200964766666667 0.6051052516666666 0.5885534033333334 0.5056073133333334 0.47510959333333336 0.44
0 0.8558333333333333 0.7991666666666667 0.04666666666666667 0.055
0 0.8425 0.6308333333333334 0.04666666666666667 0.085
0 0.8366666666666667 0.4141666666666667 0.04 0.14166666666666666
0 0.6325 0.525 0.115 0.07666666666666666
0 0.6058333333333333 0.3308333333333333 0.285 0.22833333333333333
0 0.18416666666666667 0.19083333333333333 0.06166666666666667 0.11666666666666667
5 0.8741666666666666 0.915 0.14166666666666666 0.11333333333333333
5 0.8383333333333334 0.7233333333333334 0.22333333333333333 0.08
5 0.835 0.5341666666666667 0.25 0.07333333333333333
5 0.49416666666666664 0.52 0.11166666666666666 0.07
5 0.3358333333333333 0.585 0.10833333333333334 0.07666666666666666
5 0.6508333333333334 0.31333333333333335 0.12 0.07
5 0.825 0.2991666666666667 0.13666666666666666 0.06833333333333333
5 0.8283333333333334 0.2225 0.12666666666666668 0.045
5 0.16916666666666666 0.2833333333333333 0.21666666666666667 0.08