5 0.056666666666666664 0.55 0.056666666666666664 0.315
5 0.23166666666666666 0.5183333333333333 0.06666666666666667 0.48333333333333334
5 0.4008333333333333 0.4608333333333333 0.07166666666666667 0.735
5 0.5883333333333334 0.4658333333333333 0.06 0.7983333333333333
5 0.7625 0.42833333333333334 0.06 0.69
5 0.9433333333333334 0.6383333333333333 0.05333333333333334 0.24333333333333335
0 0.14333333333333334 0.54 0.06666666666666667 0.14
0 0.31583333333333335 0.54 0.06166666666666667 0.13333333333333333
0 0.5025 0.5466666666666666 0.058333333333333334 0.14
0 0.6808333333333333 0.5141666666666667 0.07166666666666667 0.085
0 0.865 0.5483333333333333 0.06333333333333334 0.11
1 0.29085585666666663 0.25120893499999997 0.16915611166666666 0.10833333333333334 0.167760725 0.10833333333333334 0.17824324333333336 0.7341261499999999 0.29333333333333333 0.9532307950000001 0.29333333333333333 0.8312021116666667 0.29085585666666663 0.25120893499999997
1 0.8266666666666667 0.528860765 0.8266666666666667 0.18521455 0.7033333333333334 0.061672285 0.7033333333333334 0.33851918166666667 0.70421922 0.7377967566666667 0.70421922 0.760792815 0.82584084 0.9480464283333333 0.8266666666666667 0.528860765
3 0.5513178183333333 0.97 0.6459084083333334 0.9538315816666667 0.6466666666666666 0.4876522166666667 0.6466666666666666 0.03166666666666667 0.63743793 0.03166666666666667 0.5453078083333334 0.040559569999999996 0.5498110666666667 0.97 0.5513178183333333 0.97
3 0.46553303166666665 0.04011169333333333 0.33696758 0.011666666666666667 0.331917835 0.011666666666666667 0.34691441500000003 0.9238173466666666 0.47 0.9369539433333334 0.47 0.9294840766666665 0.46553303166666665 0.04011169333333333
4 0.06416666666666666 0.5366666666666666 0.115 0.54
4 0.9391666666666667 0.6258333333333334 0.095 0.4533333333333333