5 0.16583333333333333 0.22 0.12166666666666667 0.07333333333333333
5 0.47333333333333333 0.1825 0.15333333333333332 0.11166666666666666
5 0.5491666666666667 0.23083333333333333 0.0016666666666666668 0.013333333333333334
5 0.47333333333333333 0.295 0.16 0.09
5 0.5025 0.40166666666666667 0.075 0.07666666666666666
5 0.1575 0.6016666666666667 0.20166666666666666 0.09333333333333334
5 0.3325 0.585 0.021666666666666667 0.03666666666666667
5 0.465 0.6266666666666667 0.07666666666666666 0.08333333333333333
5 0.4775 0.7283333333333334 0.021666666666666667 0.05
5 0.5158333333333334 0.8775 0.44166666666666665 0.09833333333333333
5 0.9325 0.6025 0.07166666666666667 0.09666666666666666
0 0.32083333333333336 0.24 0.12833333333333333 0.04
0 0.4691666666666667 0.49833333333333335 0.021666666666666667 0.09
0 0.3333333333333333 0.6341666666666667 0.13 0.05333333333333334
0 0.45 0.7308333333333333 0.02 0.06666666666666667
0 0.695 0.6191666666666666 0.32 0.06
0 0.09333333333333334 0.7416666666666667 0.023333333333333334 0.17666666666666667
4 0.14166666666666666 0.04666666666666667 0.05333333333333334 0.09333333333333334
4 0.09333333333333334 0.8675 0.06 0.075
3 0.4791666666666667 0.2808333333333333 0.19833333333333333 0.3416666666666667
3 0.5125 0.8758333333333334 0.49166666666666664 0.22
3 0.9233333333333333 0.6091666666666666 0.13666666666666666 0.14666666666666667
1 0.20558661166666667 0.295 0.2783333333333333 0.16327089833333333 0.2783333333333333 0.16087416166666665 0.10883861833333335 0.155089205 0.06418090500000001 0.26870808 0.199792325 0.295 0.20558661166666667 0.295
1 0.23898818833333332 0.6572425633333333 0.305 0.5254297883333333 0.305 0.5236320716666666 0.056333855 0.5366872316666667 0.005564903333333333 0.6683333333333333 0.013671868333333332 0.6683333333333333 0.23898818833333332 0.6572425633333333
2 0.454464725 0.70967592 0.54 0.6229442866666667 0.54 0.6208285316666666 0.45864824 0.5170919533333334 0.3883333333333333 0.6271242283333334 0.3883333333333333 0.6272252883333334 0.454464725 0.70967592
0 0.8566666666666667 0.7908333333333334 0.19333333333333333 0.22333333333333333