4 0.8725 0.05333333333333334 0.185 0.08
1 0.745 0.14977557166666666 0.789566835 0.23483376333333333 0.97694209 0.24833333333333332 0.9837465666666666 0.24833333333333332 0.931377805 0.168466465 0.745 0.14880432 0.745 0.14977557166666666
1 0.31833333333333336 0.46629311333333334 0.3943888533333333 0.560313365 0.6039172833333333 0.5733333333333334 0.6187943833333334 0.5733333333333334 0.5120904216666666 0.47874458333333336 0.31833333333333336 0.4662229683333334 0.31833333333333336 0.46629311333333334
1 0.3333333333333333 0.6549303516666667 0.389131515 0.7658824983333333 0.5996846433333334 0.775 0.6197409566666667 0.775 0.5554579166666667 0.6717881383333333 0.3333333333333333 0.6538172833333333 0.3333333333333333 0.6549303516666667
2 0.74 0.5304173716666667 0.8552376466666668 0.5966666666666667 0.859438115 0.5966666666666667 0.9837649066666667 0.5495775766666667 0.8718371016666666 0.475017565 0.74 0.5289455833333333 0.74 0.5304173716666667
2 0.74 0.7225049333333333 0.840300285 0.7783333333333333 0.8465604666666667 0.7783333333333333 0.9556451133333334 0.7357260800000001 0.8592179266666666 0.6610538466666667 0.74 0.7209956766666666 0.74 0.7225049333333333
1 0.15833333333333333 0.8473283616666667 0.21626555666666666 0.976629305 0.5417141083333333 0.99 0.5568017616666666 0.99 0.43542757833333334 0.8537930650000001 0.15833333333333333 0.8445392116666667 0.15833333333333333 0.8473283616666667
1 0.59 0.8471201916666666 0.6540306149999999 0.9756282683333334 0.973391015 0.985 0.9947552566666666 0.985 0.9274822983333333 0.8735259116666666 0.59 0.8455648450000001 0.59 0.8471201916666666
0 0.8666666666666667 0.1275 0.07 0.07833333333333334
0 0.8733333333333333 0.2775 0.05333333333333334 0.08333333333333333
0 0.8683333333333333 0.4375 0.07 0.07833333333333334
0 0.8541666666666666 0.6283333333333333 0.06666666666666667 0.07
0 0.845 0.8291666666666667 0.04666666666666667 0.10166666666666667
0 0.6591666666666667 0.7116666666666667 0.15833333333333333 0.03
0 0.2833333333333333 0.7016666666666667 0.16333333333333333 0.03
0 0.5533333333333333 0.9 0.14 0.02666666666666667
0 0.08416666666666667 0.8308333333333333 0.06833333333333333 0.17166666666666666
0 0.17833333333333334 0.5841666666666666 0.28 0.18166666666666667
0 0.6466666666666666 0.5258333333333334 0.18666666666666668 0.03166666666666667
5 0.8866666666666667 0.0525 0.12666666666666668 0.06
5 0.8566666666666667 0.20333333333333334 0.16666666666666666 0.03333333333333333
5 0.8641666666666666 0.3616666666666667 0.16833333333333333 0.04
5 0.8625 0.5358333333333334 0.12833333333333333 0.03666666666666667
5 0.6666666666666666 0.49583333333333335 0.12666666666666668 0.04833333333333333
5 0.44916666666666666 0.5258333333333334 0.13666666666666666 0.051666666666666666
5 0.7916666666666666 0.6083333333333333 0.09666666666666666 0.04
5 0.6675 0.69 0.095 0.05
5 0.4683333333333333 0.7133333333333334 0.17666666666666667 0.04666666666666667
5 0.1075 0.7141666666666666 0.115 0.055
5 0.3383333333333333 0.9075 0.27 0.08333333333333333
5 0.8508333333333333 0.9291666666666667 0.135 0.055
5 0.695 0.9166666666666666 0.13333333333333333 0.09333333333333334
5 0.8391666666666666 0.725 0.12666666666666668 0.05