4 0.15833333333333333 0.07416666666666667 0.17833333333333334 0.12166666666666667
4 0.18 0.9241666666666667 0.2075 0.12583333333333332
0 0.1775 0.245 0.06 0.20583333333333334
0 0.5958333333333333 0.4425 0.4266666666666667 0.12333333333333334
0 0.7808333333333334 0.7225 0.06 0.15166666666666667
0 0.20333333333333334 0.7075 0.0525 0.315
0 0.41083333333333333 0.9091666666666667 0.30083333333333334 0.06166666666666667
3 0.7708333333333334 0.575 0.32416666666666666 0.1275
3 0.7741666666666667 0.88 0.4116666666666667 0.17666666666666667
5 0.20333333333333334 0.4425 0.195 0.06916666666666667
5 0.73 0.5658333333333333 0.22416666666666665 0.07083333333333333
5 0.7041666666666667 0.8441666666666666 0.195 0.050833333333333335
5 0.735 0.9166666666666666 0.20916666666666667 0.058333333333333334
5 0.2833333333333333 0.7266666666666667 0.07833333333333334 0.0825
5 0.6266666666666667 0.3475 0.11333333333333333 0.0675
2 0.16581632666666665 0.35242951333333333 0.009110786666666667 0.4424115183333333 0.19861515999999999 0.5518896216666667 0.39540816333333334 0.4049190166666667 0.16581632666666665 0.35242951333333333