4 0.5283333333333333 0.9141666666666667 0.18666666666666668 0.15833333333333333
0 0.5358333333333334 0.7933333333333333 0.09833333333333333 0.1
0 0.5183333333333333 0.5208333333333334 0.11666666666666667 0.12166666666666667
0 0.39166666666666666 0.20083333333333334 0.21 0.19166666666666668
0 0.7633333333333333 0.2733333333333333 0.27 0.22333333333333333
5 0.52 0.93 0.10666666666666667 0.1
5 0.545 0.6541666666666667 0.16 0.14833333333333334
5 0.5291666666666667 0.38166666666666665 0.135 0.11
5 0.8266666666666667 0.3125 0.08 0.03333333333333333
5 0.415 0.17333333333333334 0.07 0.03333333333333333
5 0.8591666666666666 0.09416666666666666 0.165 0.125
5 0.11666666666666667 0.1025 0.19333333333333333 0.13666666666666666
1 0.37122545500000004 0.5333333333333333 0.43376603999999996 0.722412445 0.685 0.7762015833333333 0.685 0.76351585 0.6684924066666666 0.6054368616666667 0.3762085633333333 0.5333333333333333 0.37122545500000004 0.5333333333333333
1 0.9722132950000001 0.05268443333333333 0.7283217733333334 0.0033333333333333335 0.7198883183333333 0.0033333333333333335 0.7102287616666666 0.005272443333333334 0.7042745066666667 0.005272443333333334 0.7496326616666668 0.15953451000000002 0.9866666666666667 0.20025336000000002 0.9866666666666667 0.187237755 0.9722132950000001 0.05268443333333333
2 0.48226720166666665 0.28 0.47988862000000004 0.28 0.36157731833333334 0.38344494333333334 0.35690679833333333 0.384006665 0.5163863366666667 0.47826878 0.675 0.36125496166666665 0.675 0.36106403 0.48226720166666665 0.28