5 0.45 0.31666666666666665 0.61 0.060833333333333336
5 0.3908333333333333 0.5625 0.52 0.04833333333333333
5 0.46 0.7583333333333333 0.6441666666666667 0.055
0 0.5116666666666667 0.19833333333333333 0.20166666666666666 0.115
0 0.4875 0.4241666666666667 0.1525 0.10083333333333333
0 0.4816666666666667 0.6516666666666666 0.19583333333333333 0.07833333333333334
0 0.5008333333333334 0.8508333333333333 0.125 0.0925
4 0.5225 0.07416666666666667 0.5091666666666667 0.14416666666666667
4 0.5033333333333333 0.94 0.4033333333333333 0.11416666666666667
3 0.4625 0.5433333333333333 0.8683333333333333 0.1375
1 0.9746617666666666 0.25062896333333334 0.14480872166666667 0.25650260333333336 0.023972738333333334 0.3739136533333334 0.84899582 0.3755147283333333 0.9746617666666666 0.25062896333333334
1 0.9801254133333334 0.6941337183333334 0.17213112666666666 0.7026810733333334 0.013045028333333333 0.8046094383333333 0.843532175 0.8110138616666667 0.9801254133333334 0.6941337183333334